12.412785677500525 52.71895833907562
12.412839846599992 52.71893987921491
12.413619922405926 52.718656943410416
12.414274828455037 52.71841982867762
12.4144692951367 52.71832205355054
12.415845969673528 52.71762988085217
12.415972080433509 52.717542517358254
12.41690991260655 52.71689283215015
12.417501041203284 52.716447610564
12.418465966398998 52.71572085579606
12.418548937103775 52.71567576036138
12.420233989214166 52.71475991714209
12.42087255703937 52.714376893463815
12.42194749697038 52.71373212648676
12.423018793661772 52.713089544785866
12.423689941101296 52.712686979309176
12.423956858157148 52.71251282198384
12.424083870566289 52.71246795919824
12.424315976149948 52.71238597584634
12.424456978390896 52.71237386865259
12.424480820249338 52.712196917359464
12.424431832680815 52.711912863967854
12.424420843074191 52.711594910433774
12.424495347593206 52.711246008356554
12.424518458260708 52.71113778190259
12.424538934779292 52.71104189107661
12.424699867323785 52.71044398197034
12.424845469259472 52.709992700295146
12.424892837365556 52.70984588659955
12.424845469259472 52.709992700295146
12.424699867323785 52.71044398197034
12.424538934779292 52.71104189107661
12.424518458260708 52.71113778190259
12.424495347593206 52.711246008356554
12.424420843074191 52.711594910433774
12.424431832680815 52.711912863967854
12.424480820249338 52.712196917359464
12.424456978390896 52.71237386865259
12.424570972276577 52.71240385724017
12.424732836143662 52.712540947926215
12.424762972596325 52.71258861413226
12.424854839403665 52.71273391796799
12.425033839606504 52.7128989483319
12.425267974106996 52.71298593386231
12.425971309778364 52.713130886866665
12.4267718738341 52.71329587802207
12.427818296505986 52.71383379098645
12.42914331787332 52.714514917447794
12.430319238906591 52.715119398969335
12.430397885227157 52.71515982706457
12.430831881556628 52.71527791876967
12.431368882165154 52.71531181891214
12.433157314925664 52.71535387719192
12.43345988765642 52.71536099274518
12.435081879088624 52.71548094709547
12.435566353495338 52.715538447845766
12.435671965085088 52.71555098255465
12.435881885198098 52.71569999416992
12.435820976700358 52.71604197582696
12.437407379896705 52.71615701751243
12.43893326275376 52.71626767042595
12.441417852969868 52.71644784621405
12.441679873532424 52.716423019370225
12.44181888047946 52.71640984825216
12.442088964032136 52.71636887005796
12.44261385744692 52.71625394484968
12.443164827894378 52.71621687821038
12.443460378914066 52.71619405889469
12.445056227450053 52.71607084439327
12.446867952798335 52.71593096217359
12.447055687847945 52.7159103236601
12.447377945051594 52.715874896553345
12.44790488737609 52.71586986741133
12.448961281462612 52.71592231118025
12.45091758889951 52.71601943036756
12.452705188377886 52.716108174194474
12.454211990256876 52.71618297806791
12.454290814805658 52.716167361301395
12.454449850047748 52.716135853144586
12.454444907637134 52.71612799881552
12.453821401600909 52.715137141930505
12.453675920970944 52.71490594852506
12.453201988271289 52.714207717998725
12.452080860818208 52.71255599527056
12.451501841504168 52.711702943854846
12.451021027411088 52.71103188252446
12.44989490421974 52.7094601779138
12.449312860875864 52.70864783321279
12.448624959992502 52.70772963699994
12.447985012275817 52.706875447705976
12.44725258274563 52.70589781555422
12.446994985200352 52.70555397955077
12.4465476135532 52.704942251755405
12.44592817877617 52.70409524798811
12.445900867415238 52.704057902933464
12.44574999315478 52.70388691210494
12.44582263021672 52.70387212360696
12.447169887583774 52.703597829571315
12.44761287175488 52.70351375191132
12.447954992531724 52.70344881795605
12.45007498757196 52.70315369223971
12.45023896806476 52.703130864421965
12.451456951755068 52.70292094430896
12.451950925259686 52.70284085056575
12.452811519297486 52.7026906760389
12.454815859827754 52.70234091659652
12.454955839487177 52.70232535288355
12.45509395275475 52.70230999668635
12.455172928910844 52.70220382591047
12.455169948678536 52.70210883100574
12.45493488285545 52.70151092189948
12.454918254291137 52.70144683325002
12.454722913832727 52.70069396571876
12.454584265195203 52.7002426164434
12.454574833540056 52.70021191314336
12.454305867574496 52.70016683712974
12.454225960095808 52.69983491375673
12.453960492956456 52.69923147455808
12.453796992908352 52.69885981899932
12.453479203271652 52.69819286460049
12.4534158957023 52.69805999915436
12.453195917305258 52.69762786547008
12.453061993116036 52.69734194943328
12.453131842310691 52.69725086608345
12.45312853410976 52.69721879037098
12.453082854742174 52.696775891559774
12.453286814390571 52.69649295575528
12.45367890120325 52.696303897268415
12.453715505554834 52.696264115455755
12.45383983374774 52.69612899488499
12.453984933808108 52.6959309957012
12.453624884492717 52.69568494027149
12.453402857185964 52.69538598571835
12.453155346620909 52.69500884490868
12.452676984355085 52.69427994700402
12.452858380985932 52.69405375560614
12.453057895296617 52.69380497248035
12.453302833139215 52.69347696066224
12.453409935237689 52.693342850208495
12.453524071048063 52.693197157091795
12.454510595688909 52.6919378691509
12.455168097897978 52.69109857475448
12.455304990454875 52.69092383289912
12.453942354198688 52.690542158627046
12.453887889993664 52.69052690320895
12.452495623995336 52.689491819809206
12.451732995772357 52.68892484208028
12.451473901826304 52.68882090647863
12.45105499292288 52.68868288446999
12.450972373902037 52.6886652065642
12.450718971730447 52.688610986365624
12.448568023006954 52.68836540002235
12.447328957483077 52.68822392869496
12.4471769656355 52.68782290118537
12.447139537995849 52.687775118339815
12.44676494851928 52.68729689018347
12.446233908375364 52.68689195111897
12.446127123479949 52.68681344510046
12.445614951378442 52.68643690689885
12.445303889631568 52.68616496070098
12.445217922597726 52.6861036463
12.444571870071558 52.68564286125398
12.444222996627309 52.685500927690434
12.444100378631394 52.68547262180397
12.443663830541013 52.68537184637871
12.442949878639352 52.68525897008014
12.44258982932396 52.685144976194465
12.44232782388972 52.685052655382
12.44230596219687 52.68504495214771
12.441983910843373 52.68478082905965
12.441766912678634 52.684587859017874
12.441635968721718 52.68442990670569
12.44172686580703 52.6843099523554
12.441928478491684 52.68417149323315
12.441930825455431 52.68416988143704
12.442080954657817 52.68407898435173
12.442343960158764 52.68394189366568
12.44285898155404 52.68364293911255
12.443123169340186 52.68348153058193
12.443480918783267 52.68326295949361
12.44411887476114 52.68288894033929
12.444204864274534 52.68281109377224
12.444413917759372 52.68262183701892
12.444633896156413 52.68238788878295
12.4448279837853 52.682175919760226
12.44498295586518 52.68201088939632
12.444989351450364 52.68200124045474
12.445293831347536 52.68154187533725
12.44549685967334 52.681256890623054
12.44561619038318 52.68115113245855
12.446476984295112 52.6803882443113
12.446693981737509 52.680195927922334
12.447257659710829 52.6794120910948
12.44728295014686 52.67937692283191
12.447630892268512 52.67916588513179
12.44785794871728 52.67886283275923
12.447781952793491 52.67844094362351
12.447720829574171 52.67833162396212
12.447125797398105 52.6772674012866
12.446873913262946 52.67681690328159
12.447000467056494 52.67633329554311
12.44707098112414 52.67606383583093
12.447058873930398 52.675700992547746
12.446779849680809 52.675212979507734
12.446767574129977 52.67514134993779
12.446693981737509 52.67471192795139
12.446691359402664 52.67408903194952
12.446685718084552 52.672749022106935
12.446680569478854 52.67152604865121
12.446677962988868 52.6709069163555
12.446824113801972 52.67050388207981
12.447296477747727 52.66920126284221
12.447680997424149 52.668140888247066
12.44778113509632 52.667975914015834
12.448023910403784 52.66757594796067
12.448472371957129 52.66651541560834
12.448508943211488 52.66642893105214
12.448635975613504 52.66601393370362
12.448635975613504 52.665509
12.448635975613504 52.66550599036007
12.449288795900554 52.66422984326194
12.449863005182822 52.66310736664192
12.4504115118027 52.66203513413759
12.450445907945468 52.66196789582002
12.450806888583456 52.661289892970544
12.45111703011877 52.660708240495865
12.451280931784533 52.66040085242094
12.451440933006428 52.66018199161102
12.451594973763711 52.65984392150887
12.451706913819391 52.65956602587858
12.451770993734248 52.6594069449471
12.451875860658491 52.6586769742968
12.451929525889565 52.65846957243759
12.451952974169396 52.65837895106626
12.451946827440263 52.65832288544602
12.45195390549199 52.65817797165017
12.451974953382647 52.657613962686376
12.451943756364198 52.657526178868224
12.45193192627874 52.65749289074897
12.451918763700869 52.65748726583679
12.451758886540508 52.65741894373489
12.45152791853684 52.65735784897263
12.451143841098483 52.657307930081515
12.450437898571144 52.65727682390683
12.44990741773313 52.65722696267256
12.449789884309244 52.65721591540909
12.449373955638125 52.65710695066542
12.448639887168405 52.65681991704151
12.448491720624911 52.656757753013174
12.448279837853011 52.65666885651653
12.447632941178224 52.656372882195704
12.447248863739867 52.65622293925784
12.447207204801748 52.65619767416083
12.446989956058337 52.65606591826825
12.44674688086093 52.65578391378635
12.446659895330516 52.65565688138433
12.446276440262816 52.65541267943708
12.444907510942748 52.6545408818426
12.444098944457595 52.654025949255214
12.44424087802114 52.65393095435048
12.445037903898312 52.65339991420656
12.44518838932004 52.65328658567908
12.445203865584816 52.653274930714254
12.445336858451446 52.653124987776394
12.445469851318071 52.653008944981
12.445813881884826 52.65264498411071
12.446176624885725 52.65227819146705
12.446714843363647 52.651733964347855
12.44696439437921 52.65148072917551
12.447862977859296 52.65056887978097
12.447949153146308 52.6504794187224
12.448336834795851 52.65007695518606
12.448680439310552 52.64965453968147
12.44878591855137 52.64952486715149
12.449457435753173 52.64789543391458
12.44984904533059 52.64694519517217
12.450521222666032 52.64531416012418
12.450892826435137 52.644412465378736
12.451015877373871 52.64411388287203
12.451500751636049 52.642931895625296
12.451812903251042 52.64217095767344
12.451826090683236 52.64203004751831
12.451936272255598 52.640852737013674
12.451983894079564 52.64034388900572
12.452095839055534 52.63990393221164
12.45226889411976 52.63947927391363
12.45271726102774 52.63837903030692
12.453177840989053 52.637248817196195
12.453622835583005 52.63615684888117
12.453643294683236 52.63611708999911
12.454124528087403 52.63518189236371
12.454586455616464 52.6342842125078
12.455051239398577 52.63338098199587
12.455282824977104 52.63293093367512
12.455336841687638 52.63283798768009
12.45562592422126 52.63219388497309
12.455674188303863 52.632086010884535
12.455881851670483 52.63162186663498
12.455941828845631 52.63149390291037
12.456032057207665 52.63108103455127
12.456038872660075 52.63104984829686
12.456070910157358 52.630894876216985
12.456138896706824 52.63056686439887
12.456232960288965 52.63043294020965
12.456369864710492 52.63030981936253
12.456782999413823 52.6299249968661
12.456952479372974 52.62976548250974
12.457270826189314 52.62946585482655
12.457416857572277 52.62929095244313
12.457633855737011 52.62902291780016
12.457671834485746 52.62897433704341
12.457783984939397 52.62883087908099
12.45798291544578 52.628610900683945
12.458563874480811 52.62804689172015
12.458710528987284 52.62790910955037
12.45887791645999 52.62775184872192
12.459033819862466 52.627623884997305
12.4592878846665 52.62741582752949
12.459767415450637 52.62702183936335
12.459904979018232 52.626908815508536
12.459636944375267 52.62687398404346
12.459593662009722 52.626869733544645
12.458993959255382 52.62681084037149
12.457468527943435 52.6267349033303
12.45644586063428 52.62668399423399
12.455979171853253 52.62661973658274
12.455333861455332 52.62653088479931
12.45451714051532 52.6263265763909
12.454146983939715 52.62623397915589
12.4532529142481 52.62589590905374
12.453074358962043 52.62580953517793
12.452307994342776 52.6254388159239
12.451917614168469 52.625234282407
12.4513118516947 52.624916902741425
12.450774927165442 52.62464338665117
12.44945594473658 52.62397148045691
12.449342849463438 52.62391386830614
12.448173732728325 52.62331321634022
12.446982311476011 52.622701105080544
12.4455170607719 52.62194830966709
12.444228241642213 52.62128615872808
12.44308703627248 52.620699846661665
12.442732880474615 52.62051789359416
12.44176696486918 52.620125238562984
12.440338846237054 52.6195446930548
12.438985100517938 52.61899438093172
12.437743360218173 52.61848960021032
12.436491174317489 52.61798057324036
12.435431870119986 52.617549954747034
12.434989511111702 52.61732111847364
12.433840831998042 52.61672689648931
12.433720844247658 52.61666482575234
12.433185892548842 52.616340911753646
12.432679998115002 52.61598086243825
12.4322046302966 52.615498705671534
12.432053963066354 52.61534588669269
12.4311028964319 52.614265925011026
12.430410923743493 52.61374196291883
12.430163636144222 52.61360504892385
12.42939391946928 52.613178885277634
12.42897163868797 52.61301351205783
12.428055981428685 52.612654923185445
12.42754841522926 52.61249457519581
12.426171994344283 52.612059742612274
12.424800964366664 52.61162661309951
12.423479411826998 52.6112091142724
12.42330791257265 52.61115493501324
12.421990098701883 52.610723394061985
12.420527774688702 52.61024453076445
12.420174943361616 52.610128990042114
12.419200594106746 52.60981035987256
12.418709972919002 52.60964991769902
12.418146895277804 52.609484887335114
12.418102936851298 52.609346865326465
12.417893948060884 52.60923696926021
12.417560907100755 52.60916693380103
12.417556284369754 52.60916606384058
12.417459951731413 52.609147934820086
12.417310940116144 52.609118877555105
12.417030984543956 52.60910583903877
12.416526952755309 52.60913694521346
12.416247928505715 52.60921089222754
12.415830956192725 52.60920454159445
12.414278926274454 52.60918090363996
12.414094574511113 52.60917582166875
12.413224855360944 52.609151846374985
12.41251211266825 52.60909992739416
12.412237839674304 52.60907994827062
12.412070946665205 52.60904884209593
12.411236854148736 52.60889182110634
12.410647812983951 52.60872527536766
12.410037869439376 52.608552819681606
12.40928410932524 52.6083395505231
12.408694902256762 52.608172840062664
12.407899616426947 52.60791189135099
12.407134936909411 52.607660985164216
12.406218175050896 52.607287585853975
12.404966817907248 52.60677790507923
12.40451105539746 52.606590493422104
12.403616958937429 52.60622283681235
12.40314403080469 52.60611399688504
12.40231795018132 52.60592388225922
12.401397690857248 52.60578074723632
12.399418105550316 52.60547284708164
12.398607933490156 52.60534683477909
12.398361878060442 52.605308836817194
12.398289979956076 52.605297847210565
12.398156987089449 52.60527698558443
12.397973505739156 52.605248732413216
12.397948929621627 52.60524494808715
12.395946367010144 52.604920224826
12.394309879712235 52.60465486209068
12.39392528287887 52.60460573387903
12.393714950838277 52.6045788661669
12.393046820008312 52.60454794625672
12.392662928834474 52.604540868205
12.39237883767166 52.60457243388976
12.391978965520387 52.604616864128786
12.390661380950808 52.6048257597458
12.389025211297175 52.60508516523461
12.38847793761964 52.60517193239566
12.38783383491264 52.60528387737163
12.387047173710988 52.60540976636924
12.386570961473232 52.60548597437485
12.38600099204483 52.6055889786539
12.385622875071084 52.60562883926099
12.385574537245724 52.60563261625404
12.384046119235636 52.60575204289697
12.383982815980527 52.60575698925012
12.381371610082777 52.60590840232366
12.380895854105708 52.60593598945296
12.380004950910918 52.60599391771839
12.379867143150214 52.60600278026696
12.379477822321904 52.60602781786087
12.379189857375396 52.60602483762856
12.3782998855032 52.605985908344074
12.37818561879802 52.60597663647004
12.376446386617785 52.60583551100692
12.37394272057116 52.60563235754971
12.373701945849552 52.60561282051234
12.373603970712512 52.60559698802822
12.372744918750486 52.605503855768674
12.372427625997478 52.60547135433191
12.371573873718988 52.605383901418385
12.370713890434368 52.60522091996418
12.370448836023709 52.605147904272705
12.37013224295134 52.605067216358115
12.36988389573732 52.60500392179945
12.369154856409612 52.60474687676311
12.368635278838608 52.60452540631301
12.36844388474026 52.60444382439056
12.367625997236953 52.60400293627388
12.367311514683877 52.60377739240957
12.36722292081765 52.60371385374026
12.366930858051722 52.603484934646296
12.366833814237278 52.60340595849021
12.366750926526285 52.603432966845475
12.36664997115694 52.603432966845475
12.366533928361548 52.6034068898128
12.366470970954095 52.60335585333457
12.366438933456816 52.60328693546251
12.366458863760355 52.60322993851967
12.366493881489944 52.60319585211268
12.36654994711019 52.60315487391848
12.366484940793027 52.603099925885346
12.366420082142264 52.6030326306842
12.36638081892686 52.602991892464274
12.366007917359648 52.60252883886983
12.365638927347335 52.60179681930982
12.365587469187084 52.6017041303656
12.365280926941654 52.601151971544745
12.365151845629928 52.60099290164544
12.36503095995704 52.60085897745622
12.364899119314993 52.60074196760789
12.364790864991935 52.60064589084639
12.364550956291357 52.60046186150153
12.364244923686496 52.60026796013716
12.36387295344188 52.600074990095386
12.36382073493108 52.60005215723846
12.363538981159158 52.59992895871242
12.363180980753471 52.59980490654271
12.362819813850964 52.59969892203135
12.362424933070502 52.59960895626863
12.362050913916176 52.59954488127406
12.361761194829857 52.59951233273938
12.361614868676996 52.599495893705544
12.360749856250358 52.59948099254402
12.36027739922118 52.59949648632504
12.359897882340055 52.59950893222188
12.359122835676136 52.59949682502814
12.35845130226286 52.599452771340594
12.358026855245832 52.599424926923774
12.357008919649026 52.5992388486692
12.356411482936071 52.5991129244652
12.35470323670492 52.59875287035028
12.35431888746438 52.59867185947311
12.353525959406628 52.59855786558742
12.353552967761896 52.59828387047985
12.353427984269588 52.59790295953832
12.352992870353004 52.59765895301832
12.352293819612871 52.59730989330954
12.351991884827433 52.59707594507358
12.351865293586144 52.59693429219302
12.351670951061047 52.596716827080776
12.35110582451014 52.596052980334754
12.350708728419944 52.59558935942299
12.349952847136992 52.59470684665531
12.34950794239563 52.59415993181354
12.349363878727642 52.59398283646962
12.34892392193356 52.59354287967554
12.348663629969598 52.59337590500647
12.348563872618168 52.59331191167187
12.347947895853547 52.59300196751211
12.34746985771117 52.59281498534115
12.347236924184196 52.59272387458512
12.347108960459584 52.592683827713515
12.34651589423081 52.59251991493672
12.346189931322408 52.59243199808371
12.346014842674467 52.59237183464405
12.345676180668953 52.59227242840696
12.343364857361426 52.59159399401234
12.343351827881838 52.59158760421276
12.342752978416229 52.591293921872094
12.342238888343548 52.59122090618061
12.342371881210177 52.59081298688381
12.342661079857889 52.59031404236486
