12.220503552011754 56.05735710072074
12.219791946257471 56.05727596709004
12.218886844280982 56.057196815639514
12.218807910803138 56.05718991288222
12.21713422665498 56.05700336599715
12.215712939553995 56.056844950992875
12.21533330503063 56.05678855748994
12.215193820339303 56.05676783748197
12.214856867824276 56.05672387905547
12.214240891059656 56.0566588727383
12.21354676064658 56.05663043006911
12.213240836856682 56.056617894544104
12.211933818726251 56.05660485602777
12.21167489418461 56.05660429762466
12.21055192225915 56.056601875795465
12.20997096322412 56.05663782484765
12.209949672968454 56.0566411900211
12.208913912078303 56.05680490412127
12.208269367301275 56.056942997004846
12.20819493103463 56.05695894487855
12.20797681528278 56.05704090126695
12.207521957327172 56.05731284746482
12.207241815490466 56.057443977686255
12.206978839771187 56.05753216386899
12.206591938583372 56.05766190717359
12.205860850345958 56.057836995821525
12.205467602968662 56.05803877146977
12.205213953671173 56.05816891919454
12.204692971811289 56.05842596423088
12.20446386645281 56.05852598827763
12.204176049035992 56.05863962070512
12.203559924741684 56.058882871096195
12.20335894532559 56.05895383787797
12.20325482345942 56.05899295342698
12.202564629060598 56.0581353692095
12.202363920264627 56.05788598339005
12.20179680064187 56.05723286611958
12.201545846496805 56.05694385745251
12.2014199316819 56.05678795405003
12.201147897782707 56.05640569444691
12.20064488501798 56.05569886540693
12.200492121059645 56.05551152884022
12.200123903158095 56.05505997810647
12.199735186211743 56.0545673991564
12.198998815211938 56.05363427581987
12.198988993443304 56.05362182975461
12.198416975105188 56.05289390801401
12.198316533941362 56.052737892805226
12.198306892774408 56.05272291718549
12.198227916618317 56.05253590760833
12.198190849979015 56.05234982935376
12.198195879121032 56.052138977918155
12.198197928030742 56.05200188723211
12.19824185657922 56.05179393649881
12.19824691559926 56.05176998790584
12.198342841826593 56.051506982404895
12.198490922119266 56.05124695713625
12.19880623896112 56.050842406125106
12.199521031736769 56.049925328120494
12.20019812304492 56.049056621039256
12.200381879517032 56.04882086177515
12.20053498895172 56.04854686666757
12.200637993230774 56.04824996102415
12.200667743212476 56.04813478500244
12.200782907026625 56.04768893229266
12.200894236228002 56.047194209913414
12.20106286259881 56.04644487156968
12.201105659672326 56.046254166279354
12.201187846091118 56.045887940657614
12.20132515572934 56.04527531828901
12.201381933720006 56.04502199690838
12.201630508453686 56.044291237599424
12.201675859131123 56.04415791580434
12.201836977940134 56.04358589746622
12.201887517266975 56.04328491772512
12.202003870949236 56.04259198999238
12.202035908446518 56.04225988035485
12.202036332496627 56.042254668483146
12.20205192719516 56.042062998758176
12.202027899072196 56.041734986940064
12.201979842826274 56.04149191174265
12.201916476360104 56.04120469184534
12.201808851997752 56.040716865078736
12.201722984054454 56.04037488342169
12.20165291684105 56.04014576736084
12.2015829131361 56.039916858969264
12.20138696286202 56.0393649571992
12.201268789429696 56.03909638121665
12.201177974071609 56.038889982675535
12.201063980185925 56.03865081903303
12.200719564799485 56.038090124935856
12.200646933927692 56.03797188486096
12.200519901525674 56.03772899592807
12.200445954511595 56.03751292908593
12.200408887872298 56.03722198390712
12.200406341125223 56.03710202424342
12.200390820213949 56.03637094131941
12.200358968981185 56.03611799410249
12.200306896714494 56.03589365951169
12.200294893986618 56.03584195008521
12.200189840797853 56.03556497474533
12.20006597489266 56.03533382047714
12.199909885225663 56.03509484309915
12.199773294934142 56.03492442799063
12.199712817364473 56.034848973933954
12.199394863830392 56.03453586327737
12.19897297469466 56.034212880601274
12.198750331391189 56.03406775682856
12.198558908668732 56.03394298331312
12.198277835509431 56.03379490302045
12.197831918250738 56.033587963139745
12.197393824101846 56.03342088386612
12.197325362267875 56.03339834578347
12.196400847950596 56.03309398963513
12.196103942307174 56.03299582823357
12.195689158189106 56.03285705330233
12.194749985517934 56.03254283292315
12.19470584082691 56.0325229026196
12.194220994283729 56.03233086390043
12.194120497508994 56.032285221269454
12.1937698616185 56.032125972929435
12.193313886075778 56.03188084882231
12.192967992863831 56.03166683088988
12.192893785653732 56.03161117548231
12.19264687283293 56.03142599086671
12.19239392561601 56.03121290425687
12.192173947218969 56.03099981764704
12.191951919912215 56.030750968249535
12.19194029843604 56.030735371645
12.19177385103197 56.030511990871545
12.191568960060977 56.030177832324306
12.191419948445706 56.02979990161508
12.191416699768496 56.02978499947647
12.191309866114926 56.02929493850384
12.191106837789125 56.029309839665366
12.190796893629363 56.02930890834277
12.19050799736026 56.029276870845486
12.190263990840256 56.029221922812354
12.190165919594795 56.02918750568771
12.190055933372436 56.02914890712088
12.189882893634206 56.02904981439672
12.189774860213134 56.028959848634
12.189687874682722 56.02887193178099
12.189639818436795 56.02877786819885
12.189654905862843 56.028597936673414
12.18911033684044 56.028486301913375
12.188312870002823 56.028322823978726
12.187552910764952 56.02814587268559
12.187480689032324 56.028127507422816
12.18605497150246 56.02776496174406
12.186013541484725 56.02775227254302
12.185019899569896 56.02744793953258
12.184493564831111 56.027274220590265
12.18388387226799 56.027072989055654
12.183026900553696 56.026772616141656
12.18296186289851 56.02674982011504
12.181886930358862 56.0264039269031
12.18148010438352 56.02629260968881
12.181206878599678 56.02621784864853
12.180498887162631 56.026039966032805
12.179949383068896 56.025916859938214
12.179926868824516 56.025911816043674
12.179064836630184 56.025733933427944
12.17836991830366 56.025607424760096
12.17796084682556 56.02553295401185
12.176947940370766 56.02534985598959
12.176803629835826 56.02531907777373
12.176010843575243 56.02514999416061
12.175163302395296 56.024946606475254
12.174872953628144 56.024876930375626
12.173887986851216 56.02467185314011
12.17382987232126 56.024689920798465
12.17372798562932 56.0247029593148
12.17362386376315 56.02469494994048
12.173537995819853 56.02467092181752
12.173488610174616 56.02464058175744
12.17345492184434 56.02461988533928
12.173414874972735 56.02455096746723
12.173436854185988 56.024469942401424
12.173441883328003 56.024465844582
12.1727899575112 56.02406090551751
12.172297417599257 56.02384541254483
12.1719418951558 56.02368986659549
12.170981118737595 56.02328689008942
12.17087385440336 56.02324190042709
12.170052986667743 56.0229248782156
12.16946355740576 56.02271285746878
12.168915841778722 56.02251584133169
12.1679387286532 56.02218732309582
12.167880956110675 56.02216789921003
12.166327315814822 56.02170163057124
12.166241828342717 56.02167597461513
12.164651715028002 56.02124317942776
12.163197433588383 56.02084735480172
12.162258934131092 56.020591915114046
12.161657731411362 56.02041140041674
12.161312896638652 56.02030786172243
12.160226974492378 56.019967928975106
12.160097069801711 56.01992368764473
12.159222822469983 56.01962594731806
12.158553838608483 56.01938448497406
12.158230963905847 56.01926794691238
12.157341923356247 56.01892484766822
12.157080838459372 56.01882057210273
12.156420845309366 56.01855697524302
12.155673154853524 56.018253055837725
12.155448917048773 56.01816190819804
12.154758993270075 56.01789089332277
12.154243160129228 56.01770551425926
12.153776820460934 56.017537922059105
12.153007920526145 56.01729894468112
12.152775037515925 56.01723330757959
12.152333829231573 56.017108954871645
12.151454846966002 56.01688897647461
12.151228187434748 56.01683869435331
12.150642919927304 56.01670885868465
12.149886872244332 56.01656599379851
12.149605097922269 56.01651906450691
12.149093944186582 56.01643393225448
12.148314985967762 56.01633986867234
12.147927967546789 56.01629445029971
12.147565830071995 56.01625195181933
12.146450850660743 56.01615788823719
12.14623117587623 56.016143741023875
12.14572199759756 56.01611094957838
12.144705924645944 56.01607090270678
12.144481177004504 56.016068600709374
12.144014883280134 56.01606382465505
12.143382887766872 56.016069971384184
12.142743814201888 56.01609083301032
12.142674929934076 56.01609423959285
12.142095986204504 56.0161228705076
12.141445923032894 56.01616887784382
12.140837854263973 56.01622727244983
12.14067590551099 56.0162428248579
12.139997902661516 56.01631882078168
12.139222855997597 56.01642592288015
12.139039225160166 56.016452315686294
12.137357975632504 56.01669395752312
12.13724072694645 56.01670969236904
12.136813896972251 56.0167669732146
12.136301855809284 56.01682192124773
12.135437463011428 56.01689537857647
12.134747850926544 56.01695398279177
12.13373590455104 56.01703168062271
12.132091011181304 56.01715797649179
12.131831879880249 56.01717787274371
12.131309966697769 56.01719892063437
12.130869823639165 56.01719594040206
12.130478854413605 56.01718085297601
12.130171434917443 56.01715815934797
12.130044858084132 56.017148815478734
12.12955796263124 56.01709088721329
12.129001963041766 56.01699682363115
12.128619946506271 56.01691507810355
12.127075356048604 56.016584560049594
12.12546244960675 56.01623942344997
12.12542698812694 56.01623183525127
12.124663862392245 56.01609493082974
12.124038944930708 56.01600496506702
12.123903785565547 56.01598981091974
12.123136865864772 56.01590382343315
12.122823941472708 56.01586992329068
12.122287788596068 56.01581655338191
12.1220099655243 56.01578889822488
12.120940993449263 56.01564882730653
12.120544654677692 56.01560073898205
12.119804966147354 56.0155109915624
12.118908847546033 56.01540984992854
12.118866938029235 56.015403889463926
12.118799425269836 56.0153985027345
12.117951820446963 56.01533087377245
12.117234888313 56.01527890597162
12.117141545697692 56.01527693307619
12.116670879349206 56.0152669850424
12.116418863454882 56.01526288722298
12.116218815361384 56.01526288722298
12.115894901362692 56.0152738768296
12.115516176332155 56.015302118727355
12.114700945795349 56.01536291126973
12.11381581680065 56.015422888444874
12.11379790135184 56.01542391498513
12.113168920125863 56.015459955084175
12.112601930929763 56.01549087499434
12.112032900374334 56.01553930533321
12.111579897513536 56.01557786052476
12.111063944795667 56.01566093450027
12.110815840456244 56.01573488151435
12.110564942149034 56.01584794407743
12.110466229440632 56.01589933736054
12.110036882237424 56.0161228705076
12.109664911992809 56.01628492063921
12.109389985562638 56.016371906169624
12.109336900174698 56.01638587600856
12.109131822939185 56.016435981164186
12.109084904890675 56.01644590542386
12.108659828647818 56.016535818946416
12.108586999220856 56.01655295528217
12.1075502140604 56.016792529211635
12.105753587838564 56.0172076825338
12.104588831318663 56.01747682729684
12.104125211319351 56.01757895376602
12.10302197418411 56.01782197545071
12.102520922627768 56.01791697035544
12.102515251228125 56.01791790673585
12.10182485211994 56.01803189556371
12.100834342206628 56.01815700653647
12.099584835013408 56.01831483136821
12.099129594830885 56.01837205136348
12.09755763398366 56.01856963408066
12.095663471223702 56.01880771496263
12.094738977284855 56.01892391634562
12.09398719853633 56.019000314263266
12.093774872134064 56.019021891482666
12.09278897403454 56.01908484889012
12.092272531682898 56.0190898290478
12.091436879890493 56.01909788740645
12.090532427477566 56.01908834408471
12.090112911688824 56.01908391756752
12.088747730767958 56.01908840322205
12.088298881537442 56.01908987803213
12.0875489805836 56.01906883014147
12.086992296686311 56.01906067410722
12.08679889336524 56.01905784053485
12.086044894591977 56.01906696749628
12.085255588740296 56.0190931230392
12.083509834487211 56.01915097279439
12.08350879819493 56.01915104707988
12.082519838568269 56.01922193957616
12.081826980434348 56.019303948362165
12.081463905009564 56.01934692306847
12.080460870574283 56.01948196484481
12.080243190891425 56.01950750817316
12.080171974305182 56.01951586498728
12.0796549040002 56.01955684318148
12.078397791421892 56.01963858583326
12.077454933765267 56.01969989433214
12.076547408963448 56.019738901902095
12.07547885348228 56.01978483095285
12.074679684760197 56.01975460349511
12.074557961699917 56.01974999948777
12.073978865310078 56.019722991132504
12.072785828990662 56.019637556890274
12.071172266980389 56.01952200848206
12.071057865121764 56.01951381607757
12.069561344495094 56.019371267701985
12.069295989035725 56.01934599174587
12.068029949099495 56.0192388896474
12.067934462234357 56.01923086265536
12.066300368615432 56.01909349447971
12.065543876563249 56.019029900856985
12.06464443867886 56.01895113706296
12.062952100647038 56.0188029389867
12.062916988050572 56.01879986417591
12.06129769120417 56.018673222248175
12.060987846426396 56.018648989915455
12.059686743618832 56.018522608423574
12.059401990310892 56.01849494915817
12.058131852555242 56.01837089698846
12.058085793143068 56.01836643962599
12.05705785133819 56.01826696138681
12.056495653392354 56.01820130158934
12.05491032722715 56.018016149374375
12.054266863784198 56.01794099847841
12.053272956310352 56.01782588700561
12.053146472675602 56.01781023367379
12.051556028433598 56.017613403850675
12.05087386930452 56.01752898136218
12.050774962844883 56.01752190331046
12.04994463187344 56.01743290228416
12.048833900291486 56.01731384584264
12.048387983032791 56.01725088843519
12.048138086839597 56.017205274538
12.048031845272298 56.01718588211803
12.04757698731669 56.01707188823235
12.047096983651004 56.01692194529448
12.046806969794789 56.01679193266016
12.046655615883058 56.01671282738583
12.046584942488035 56.01667588986477
12.046319888077376 56.01651681996547
12.046010875240212 56.01630894876217
12.045709871777367 56.016038865209495
12.04559418320463 56.01590508049361
12.04540383917251 56.01568496262323
12.044880994667434 56.01507997546524
12.04478786635425 56.01495481835651
12.04454087565558 56.0146228823354
12.04416592517866 56.014147907811726
12.04411925355016 56.0141015189781
12.04333593048161 56.01332294225669
12.043265100426316 56.013244518670334
12.042720885039587 56.012641959174914
12.04245932476732 56.0123521914223
12.042321906439703 56.012199953471125
12.042132847952832 56.011989847093595
12.04165787342916 56.01148097242745
12.041624553414747 56.01144520597994
12.041043945574252 56.01082196855892
12.04092399122396 56.010692887247195
12.040788082681258 56.01054744503562
12.040570833695773 56.01031495653797
12.039939958821275 56.00963110331069
12.039483980226905 56.00913683345475
12.039204955977311 56.008834898669306
12.03908467535872 56.00873800594877
12.03907084552357 56.008726865248235
12.038147904831495 56.00798888522362
12.038143348832223 56.00798432922435
12.03795996393174 56.00780094432386
12.037788973103217 56.00761896388871
12.03748690311294 56.00715981427969
12.03709085368568 56.006557814923475
12.036972859035846 56.0062826892304
12.036602840645674 56.00541992497638
12.03659149418625 56.00535771302432
12.036531873863902 56.00503081839601
12.036472828011352 56.00470392416501
12.036526365769936 56.00443775921721
12.036570989412912 56.004215911125
12.036749989615751 56.003825873222034
12.036890826529596 56.00346897859836
12.03702584736852 56.0031268224819
12.037232198178202 56.002569570014735
12.03739092582593 56.00214092438238
12.037596209659208 56.00158576454663
12.037741848179888 56.00119190665763
12.037918959765964 56.00069972129964
12.038180873651376 55.99997187405762
12.03820685394144 55.999810706500064
12.03827791746582 55.99936986713193
12.038180873651376 55.998784996542
12.038173437439951 55.99876814302161
12.037936867131371 55.99823197718483
12.037635424747734 55.99776632555267
12.037578866725688 55.99767895782767
12.037155860002844 55.996995925836174
12.037025617586732 55.99678948745879
12.036570989412912 55.99606888732468
12.036441754364908 55.99584718316799
12.036049821288508 55.995174817633064
12.035952242011446 55.99495592699086
12.035761856342 55.99452885228087
12.03572292705751 55.99443981784075
12.035578944584255 55.99411795275177
12.035546757555716 55.9940443320255
12.035126637384565 55.99308339982636
12.034966879374538 55.99271798862632
12.03473042726094 55.99212755956448
12.03465283739536 55.99193381500096
12.034365990035964 55.9912988392554
12.034331580306995 55.991214561234315
12.03415495233584 55.990781955214935
12.034015556283546 55.99025936376844
12.03383886144695 55.989596940344505
12.033767092911836 55.98936789315716
12.03362484351452 55.98891390835301
12.03349260665029 55.98846751436124
12.033331849425998 55.987924843756666
12.033229964042256 55.987507042929586
12.033009984337015 55.98660497337442
12.032990149149494 55.986565515899414
12.032905862470848 55.98639784722919
12.03282185717274 55.98631086169878
12.032687932983515 55.98621698438116
12.03252588285191 55.98613689063795
12.032384880610962 55.986089951979146
12.032178872052851 55.986052885339845
12.031819940324574 55.986030906126594
12.031598889317683 55.98601623761842
12.031457842099467 55.98600687800363
12.031048991480075 55.98598489879038
12.030520931568464 55.98599495707441
12.029932062938949 55.9860388719297
12.029556826417672 55.98606685517878
12.028196886978003 55.98612943073411
12.027208962154589 55.98617488859985
12.026479399510112 55.98620668910032
12.026473962362276 55.98620692609713
12.026155822563672 55.98620897500684
12.025869906526877 55.98618084906446
12.025576912438352 55.98613987087026
12.025308877795387 55.98607896237252
12.025013834797155 55.98598489879038
12.024833149577695 55.98590448851496
12.024730898992663 55.98585898397547
12.024538860273484 55.98574387250268
12.02431590164414 55.98558685151309
12.023767009099831 55.98514190812725
12.023417920397623 55.9848589297725
12.022913888608974 55.9844109636041
12.02288752059965 55.984380321175585
12.022103019956033 55.98346864807221
12.021372611135511 55.982619835414674
12.020932965448493 55.98210892041271
12.020731986032397 55.981929920209865
12.020668842360426 55.981954879655426
12.02059694425606 55.98196884949436
12.020519830745156 55.98197294731378
12.02044383482137 55.981965869262055
12.020365976252393 55.9819438900488
12.020302832580422 55.98191092122892
12.020295532812844 55.98190393884254
12.020259991741032 55.98186994303472
12.02023987517297 55.9818218867888
12.019892864373912 55.981757998058754
12.01863551511024 55.9815483644946
12.018338859491172 55.981498904112705
12.017879903716144 55.98140092897566
12.01751184502643 55.98130984562583
12.017002171189487 55.981165407718066
12.015567384194206 55.98075879938021
12.015528872956237 55.980747885571745
12.014053039518146 55.98033046234296
12.012586522948196 55.979915674287696
12.011109575702127 55.9794979360306
12.010253861775707 55.979255906773865
12.009577251918238 55.97907013316629
12.007982937508109 55.978632389707016
12.0069649891622 55.97835289638533
12.00643768919896 55.978203603791655
12.005103834087487 55.97782595406083
12.004775802434974 55.97773738860056
12.003321841433388 55.97734483280803
12.003263830074516 55.97733059449832
12.001727827370724 55.97695359794714
12.00015666934123 55.976567972871734
11.99947194008839 55.976399912902714
11.998590057148055 55.97616602998502
11.998185969848617 55.976058862568266
11.997093900973214 55.97574593817619
11.996940174941376 55.97569863066693
11.995868839231182 55.975368938789565
11.995516243595608 55.97524938763016
11.994968995339477 55.97506383750731
11.994106539611453 55.97475077151229
11.99375697211378 55.974623880713224
11.992712935733207 55.97419959043927
11.992585927082285 55.97414797486696
11.991395425303452 55.973618516794446
11.991375952766298 55.97360985667132
11.990105286519023 55.97301982983816
11.98945090896154 55.97271597324422
11.988787652601786 55.97243152349714
11.988375976421892 55.97225496855948
11.987436006372125 55.97189355150387
11.987272917939862 55.97183084424952
11.986191838671084 55.97146297182432
11.985951272080776 55.97139177018946
11.98477585579699 55.97104387665638
11.984381068660584 55.9709501879378
11.982980824626551 55.97061788970123
11.982864196074823 55.97059306965489
11.981280779058446 55.97025609827745
11.97963554478792 55.9699059713983
11.977999327120797 55.96955776336758
11.97636953874605 55.96921092357245
11.97612498647254 55.969158879723224
11.97476655839768 55.96886533650576
11.973185132485227 55.96852360560435
11.972084909053557 55.96828585792227
11.971626795123402 55.968151420618746
11.970871954505265 55.96792990642629
11.970166121822556 55.96767947841639
11.969986825510563 55.96761586444711
11.968816437933915 55.96711402752096
11.967929906426294 55.96673390194924
11.967445370803407 55.966552689432845
11.967028944947472 55.96639694943421
11.9659504101729 55.96610700928566
11.96442724544633 55.96569754023792
11.962852532961213 55.9652742137188
11.96212199245666 55.96507782411004
11.961215523514786 55.96484057030205
11.959575015785438 55.964411193532634
11.959367885277448 55.96435698042118
11.957899861154957 55.96405071669603
11.957492946628324 55.963965824931094
11.95650686226428 55.96379893192199
11.956401995340034 55.963782913173354
11.956217515626436 55.96375508255681
11.954529877052169 55.96350048533787
11.953239968864024 55.96330588973997
11.952860378991709 55.96325032927793
11.951175901551744 55.963003772792405
11.949486245411508 55.96275645830199
11.947802772578996 55.96251004886058
11.946096398565562 55.9622602873798
11.94435794774308 55.96200583082557
11.942661992574264 55.96175759434813
11.94100996777522 55.96151578794646
11.939732997262473 55.96132887813439
11.93939181644498 55.96127879516669
11.938887915139375 55.96120482596468
11.93783320696148 55.96105010142279
11.936260479252482 55.960819383979434
11.935036896207263 55.96063988567829
11.934569339175932 55.96057156122312
11.932829581925736 55.96031732920802
11.931116285886972 55.960066963989334
11.929427515682418 55.95982018274896
11.929021856092405 55.95976090341272
11.927736413279357 55.95957493887328
11.926760977359734 55.959433822917205
11.926109982865526 55.959304927869994
11.926065999000189 55.95929469526
11.92446254084374 55.95892165933352
11.922845904347009 55.958545557536965
11.922503901776013 55.95846599247603
11.9215239641411 55.95829891320241
11.921087794017948 55.958254972701745
11.920619836165454 55.958207829852576
11.919755941325931 55.958181939084426
11.919242431958123 55.95819765875895
11.918678959876576 55.9582149079043
11.917526463637582 55.95833640562912
11.916943905881284 55.958397819662046
11.915922865648511 55.95851490005525
11.914082861670478 55.95872588918411
11.912270011650795 55.958933764629485
11.910585977280396 55.959126869073295
11.90919884091315 55.95928592888905
11.908897757912415 55.95934370591817
11.907906910208768 55.95953384696395
11.907168212255588 55.959677297917096
11.906520915922243 55.95980299919403
11.905605875864572 55.95989283760769
11.904545953226371 55.9599969005584
11.903970329958533 55.96010630051365
11.903661941818788 55.96016491115462
11.90286193570931 55.96034391135746
11.902450157363788 55.960455437298165
11.90165084380621 55.960671923175575
11.900984204188402 55.960867490353515
11.900634957119111 55.96096994640611
11.899882820991042 55.96116291644788
11.899777954066796 55.96119588526776
11.89946213921718 55.961259293292855
11.89939387662844 55.96127299877866
11.898801927986783 55.96140599164529
11.898707864404646 55.96141884389711
11.89801998953566 55.961520916853566
11.897750889120193 55.96154586656096
11.897091833437052 55.961606971061386
11.896268916791728 55.961624852455216
11.896016131694427 55.96161494918779
11.89570788806024 55.961602873241965
11.894087665013696 55.9615387363839
11.89383984119832 55.961528926227885
11.89287182449263 55.96148589912398
11.892423529853076 55.96146621846062
11.890807224506249 55.96139526074978
11.890707989574402 55.96139090421924
11.889193452530208 55.96131966355497
11.889135917033313 55.96131695720517
11.887503668000544 55.96124426484796
11.885802638289828 55.96116850933709
11.884124317651304 55.961093765176784
11.883564931531955 55.96106885286574
11.882479799376975 55.961022470652715
11.882418845946018 55.961019865297224
11.881528874073824 55.96098894538706
11.88059598478728 55.96098980062109
11.880512987386725 55.960989876709654
11.879797917897951 55.96102098288434
11.878997911788476 55.96112584980858
11.878854140139849 55.961151845699455
11.877935831500643 55.961317888527766
11.877287465476694 55.96144819738552
11.877099876338988 55.96148589912398
11.877091788863003 55.96147361347262
11.876860898961 55.96112286957628
11.876797941553546 55.96108096005948
11.876698848829392 55.96105581434941
11.876002964586084 55.961003846548586
11.875902719558916 55.96096242150158
11.875898842719916 55.96096081944467
11.875874814596957 55.96090587141155
11.875890833345595 55.96069297106623
11.875851904061106 55.960574879361126
11.875698980890936 55.96044691563652
11.875226986599571 55.96022786856207
11.875063773769112 55.96016225052127
11.874532965001457 55.95994884431248
11.874223952164291 55.959797970052016
11.873947908147006 55.95965398757876
11.873745260894756 55.95950601413461
11.873606857812558 55.959404951916746
11.872806877496185 55.95865930018123
11.872679819301064 55.958540870812705
11.87193362431526 55.957828926799486
11.871920977650309 55.95781686062701
11.871491824198332 55.95741993093685
11.871017353168432 55.95693793417685
11.870986861087088 55.95690695845128
11.870727953405558 55.95663892380831
11.870500896956791 55.95632599941624
11.870430227119815 55.956108280047296
11.870341827057493 55.95583593746653
11.8701570094111 55.95520835304145
11.870116819518437 55.955071880409236
11.87000785477477 55.95483197170866
11.869774837861392 55.95453283089101
11.86948745214232 55.954264470707336
11.869079884940682 55.9538838853065
11.868947823396647 55.953724815407206
11.868838858652984 55.9535208557588
11.868772876147547 55.95338334001016
11.868304443263083 55.95240706761233
11.868269820547177 55.952334909565785
11.867755293797645 55.9515315127983
11.867617894730373 55.95131697396897
11.867197257358916 55.950661709721984
11.8670618951409 55.950450843955224
11.866879914705752 55.9502349633776
11.86660089045616 55.949976987018665
11.866400570532218 55.94978716444616
11.865914878232363 55.94932692384705
11.865460560861727 55.94900663753774
11.865402837069396 55.94896594320907
11.865130632036914 55.94882183948973
