-3.820970672909964 43.402514771723006
-3.820842962432868 43.40286389148676
-3.8208109249355857 43.402958886391495
-3.820689852998179 43.40331185765516
-3.820669922694637 43.40337593264973
-3.820707375951283 43.40338022198918
-3.8208699707881353 43.40339884318558
-3.8212128837677737 43.403402941005
-3.8219709803604553 43.403396980540386
-3.822055985174132 43.40339637039164
-3.822541881111455 43.403392882720965
-3.823146868269448 43.40338096179175
-3.8232936974239857 43.40342750386337
-3.823294948562122 43.40342790045055
-3.823409873770398 43.40346589841245
-3.823515858281758 43.40354487456854
-3.8236568605227066 43.4036879257192
-3.8238851821491826 43.40420386443933
-3.823968853592176 43.40439293692394
-3.823985989927933 43.40449296097069
-3.823995861947444 43.40456783930736
-3.823995861947444 43.40468797992217
-3.823968853592176 43.404783906149504
-3.823930855630283 43.40488597910596
-3.8238829856488774 43.40498898338502
-3.823798425055227 43.40510945569522
-3.823793951208754 43.405115829522515
-3.8236328323997446 43.40521492224667
-3.823557954063072 43.405235970137326
-3.823481958139285 43.40523783278252
-3.82258583953796 43.404858970750695
-3.822563631328511 43.40484973763159
-3.821736845859964 43.40450599948703
-3.821385910079084 43.40436834242762
-3.820971857480076 43.40420592734678
-3.8204739724205576 43.40395484277505
-3.820316394428579 43.40386543894279
-3.8202484967999 43.40382691637927
-3.819786842609648 43.403564991136605
-3.819347208413984 43.403229857504954
-3.81902595204918 43.40298496342417
-3.8184539337110657 43.40253587966865
-3.818403980858737 43.4024951709991
-3.817204843846072 43.40151794407184
-3.8168399516531815 43.40120390209266
-3.816674921289271 43.401060850942
-3.8165508691195593 43.400950954875746
-3.8164329636789778 43.40083584340295
-3.81629382408322 43.400689998284506
-3.81619193739128 43.4005689263471
-3.8161548707519817 43.400521987688286
-3.816116872790088 43.40046983362294
-3.816064904989263 43.40039886684117
-3.816018897653049 43.40033199787882
-3.815950911103582 43.40022489578035
-3.8158968943930462 43.400140890482234
-3.815838966127611 43.4000429153452
-3.815825734983506 43.40001867194451
-3.815808977540038 43.399987967312065
-3.815780851597656 43.39993283301442
-3.8157439712228767 43.39985795467774
-3.815677847318601 43.39971397220449
-3.815617870143455 43.39957390128614
-3.8155379626647674 43.399388940618685
-3.815368500408708 43.39898137793251
-3.815034862198715 43.3981789663027
-3.814967268448612 43.39801611731066
-3.814548566290404 43.39700736688144
-3.8142519924249942 43.396292851782434
-3.814149919468535 43.3960739909725
-3.814123521831501 43.39602470458679
-3.814058836118702 43.39590393146658
-3.81398582042722 43.3957929178132
-3.8138789045932646 43.39563887705592
-3.81377999813363 43.395514824886206
-3.8136529657316127 43.39537084241295
-3.813572871988405 43.39529186625686
-3.813496876064618 43.39521791924278
-3.813418831231121 43.39514788378361
-3.813364613144945 43.39510244312399
-3.813288818596799 43.39503891903994
-3.813171844478812 43.394951933509525
-3.8130189213086423 43.394849860553066
-3.812880899299999 43.39476399260977
-3.8127538668979826 43.39469097691829
-3.812634843870286 43.39462783324632
-3.8124979394487575 43.39456189560656
-3.812331977762251 43.39448589968277
-3.812208495390191 43.39443646336876
-3.812119822475012 43.39440096306207
-3.811934861807559 43.39433595674491
-3.811774860585664 43.39428790049898
-3.811628829202701 43.394247853627384
-3.811433996515736 43.394199983645976
-3.811248849583764 43.39416198568408
-3.811075996110052 43.39413199709651
-3.8108359011449497 43.39409493045721
-3.810826562256671 43.394093716673474
-3.810643862425771 43.39406997101165
-3.810254942109919 43.39401893453342
-3.8099179895948914 43.39397497610692
-3.809490885052626 43.39391797916408
-3.8093349326642816 43.39389760419788
-3.808884966572038 43.39383881674347
-3.808020885467996 43.393728920677205
-3.807822088547826 43.39370283184254
-3.80780798512268 43.39370098099934
-3.807580928673914 43.39367490396667
-3.807323883637575 43.39365199343082
-3.80706385836893 43.39363187686276
-3.8068038331002856 43.39361790702383
-3.806580874470939 43.39361082897211
-3.806534 43.39361082897211
-3.806320849202294 43.39361082897211
-3.806143897909162 43.393616975701235
-3.805920939279816 43.39362889663045
-3.805679912992118 43.393646964288806
-3.805456954362771 43.39367397264407
-3.805268827198494 43.393695951857325
-3.80526282206109 43.39369692721404
-3.8049179048445354 43.39375294880017
-3.8044989959411097 43.39382987604655
-3.8040539998660097 43.393913800744926
-3.8039469079065378 43.39393399791272
-3.8033128634835673 43.3940528346759
-3.8028451498029736 43.394142340144086
-3.802397932165815 43.39422792332384
-3.8018229335953952 43.3943378193901
-3.8016090263413114 43.39437660412163
-3.801485981080368 43.39439891415236
-3.8011968985467455 43.39444995063059
-3.800878945012665 43.39450396734112
-3.800305120634772 43.394603984468326
-3.8002078339503966 43.39462094145911
-3.79946296213857 43.39475393432574
-3.798987703621907 43.394842197871355
-3.7984509870063734 43.3949418752255
-3.797673739066602 43.39509102104672
-3.797559897547064 43.39511286605402
-3.796339803682795 43.39534467542417
-3.7954118951129594 43.39552097161533
-3.7950311765410247 43.39559313513085
-3.794620829700399 43.3956709145532
-3.79373351026493 43.39584114818758
-3.7924356866648585 43.396090137693946
-3.7911265636181586 43.39634129501699
-3.791086832979772 43.39634891740267
-3.790583918778239 43.396446892539714
-3.790127943235515 43.39654486767675
-3.7898473301311784 43.39661213228853
-3.789747963616579 43.39663595102659
-3.789329986035749 43.396741935537946
-3.7885933343421216 43.39695513726682
-3.788051838905778 43.397111856872854
-3.78714672815314 43.39739302647136
-3.7862428378964106 43.39767381692694
-3.7858545674870334 43.397794505301135
-3.784581771970985 43.39819013581482
-3.7833648674711178 43.398568393395344
-3.7828289817905945 43.398734965892174
-3.782134659574895 43.39895369900118
-3.7808968542057886 43.399343646219656
-3.780165957961215 43.39957390128614
-3.779679518448848 43.399723574982254
-3.779320875838121 43.399833926554784
-3.778446252330211 43.400062242674416
-3.778443942482262 43.40006284564874
-3.7777538324390463 43.4002058967994
-3.777153930783618 43.40031417334509
-3.7770778784992816 43.4003279000594
-3.776242854660217 43.400446923087095
-3.775863722795033 43.40047668731161
-3.775364989981763 43.40051584095916
-3.774891878103283 43.400548996043554
-3.7744742122247223 43.40056327665485
-3.7744288245088344 43.40056482852768
-3.7737608799433904 43.4005689263471
-3.773100400329683 43.40054593019617
-3.772781873631072 43.40053483994011
-3.772348994888715 43.40050485135253
-3.7719088518301143 43.40046592206805
-3.771729393767525 43.40044476038732
-3.771145912359936 43.400375956305325
-3.770591961680173 43.40028897077491
-3.7703875952363526 43.400250109308786
-3.7700659506782728 43.40018894672816
-3.769023290922163 43.39999283000902
-3.7686518304493686 43.39992296099491
-3.767973827599894 43.39982684850306
-3.767655528424138 43.399806057303095
-3.767300853892434 43.39978289007655
-3.766728835554321 43.39979592859289
-3.766539963331967 43.39980784952211
-3.7662917166867262 43.39982900293343
-3.7660109720977615 43.39985292553573
-3.765282864092653 43.399918863175486
-3.764876781279258 43.39996137154437
-3.764661858186018 43.39998386949264
-3.76384397068271 43.40001199543503
-3.763536403385777 43.39999784655874
-3.7632568649185494 43.39998498707976
-3.7628129965695662 43.39993283301442
-3.7624009794533473 43.39986186623265
-3.762242012674768 43.39982416448262
-3.7619038394519055 43.399743960792065
-3.761385837824326 43.39957893042816
-3.761015656956624 43.39943663092591
-3.7607719099694177 43.39934293328247
-3.760339962549656 43.399126866440334
-3.759883621239611 43.39886038296968
-3.759791972334503 43.39880686399654
-3.7593158802237183 43.39841198321608
-3.758965889192355 43.398065903739614
-3.758948436877735 43.39804496969759
-3.7584449073324704 43.39744098627808
-3.758205018221905 43.397125414136546
-3.7580168714676097 43.39687790863688
-3.757749954411759 43.3965638666577
-3.757493840698015 43.39630086115675
-3.7574011451500993 43.39622088048488
-3.7571149786661935 43.39597396692575
-3.7567208429438064 43.395702952050485
-3.756379875880834 43.39550132591147
-3.756363960125237 43.39549191435036
-3.7559819315965903 43.395294846489165
-3.7556699385271206 43.395163902532246
-3.755329819515269 43.39502886075591
-3.7551625669886377 43.3949772530845
-3.754587927935748 43.39479994166195
-3.753890210867523 43.39460125473241
-3.753379816264953 43.3944559110952
-3.7526252569494702 43.394240955871695
-3.752491893302468 43.39420296387828
-3.751803832168963 43.393963986500296
-3.7515659723780894 43.39387681470536
-3.7514265402934 43.39382172740237
-3.75135381709085 43.393792995671774
-3.750908831154753 43.39359592781058
-3.7506309244922753 43.39346982673115
-3.750334392675827 43.393321617651566
-3.750144960361979 43.39322693779827
-3.7494779471191304 43.3928368998953
-3.749153187829948 43.39263245709741
-3.74909684991308 43.392596991194715
-3.748961994401261 43.39251689745151
-3.748715938971548 43.392307908661095
-3.7483549583335583 43.39200783652085
-3.7481633113196153 43.39185036133703
-3.747978890269523 43.39169882368368
-3.7477149534459775 43.391493932712685
-3.747644917986801 43.391424828576106
-3.7475918325988617 43.39136894922038
-3.747465917783958 43.39123390744404
-3.747369991556629 43.39111190418405
-3.747302936329758 43.391017840601904
-3.747295736861086 43.39100581032092
-3.7472599092258494 43.39094594249754
-3.74721893103165 43.39086584875433
-3.747178884160047 43.39076489338498
-3.747151875804779 43.39068088808688
-3.747127847681817 43.39060787239539
-3.747107917378275 43.39053485670391
-3.747088918397328 43.39045383163811
-3.747073830971282 43.3903688950174
-3.747066939184075 43.39027892925469
-3.747066939184075 43.39019883551148
-3.747072846072988 43.39010580201111
-3.7470728996486864 43.39010495819386
-3.7470732429312767 43.39010122998526
-3.747080909023007 43.39001797266344
-3.747093947539343 43.38992782063621
-3.7471088487008704 43.38984288401551
-3.747125985036626 43.38976781941432
-3.747144984017573 43.38970188177456
-3.7471669632308258 43.38963296390249
-3.747196951818398 43.389559948211016
-3.747243890477208 43.38950686282307
-3.747465917783958 43.38926993435479
-3.747539864798036 43.38917791968237
-3.747587485160098 43.38913168969584
-3.747641937754496 43.38907882695821
-3.747721845233184 43.38901698713788
-3.7477948609246656 43.38897787158887
-3.7478378880285743 43.38897582267916
-3.7478958162940104 43.388964833072535
-3.74794685277224 43.3889469516787
-3.747981870501828 43.38892795269776
-3.748021917373432 43.38889591520047
-3.7480528372836 43.38885698591598
-3.748067924709646 43.38881898795409
-3.7480738851742568 43.38880185161833
-3.748069973619356 43.38875286404981
-3.748065875799936 43.38871989522993
-3.7480388674446687 43.38868282859063
-3.748019868463722 43.3886619669645
-3.74800384971508 43.38864483062874
-3.747985968321248 43.38862583164779
-3.747939960985034 43.38860087220224
-3.74789786520372 43.38858690236331
-3.747877934900178 43.388539963704496
-3.7478509265449103 43.38848594699396
-3.7478248495122384 43.38842895005112
-3.7477898317826503 43.388337866701285
-3.747760988407233 43.38827495010766
-3.747755931640176 43.38826391968721
-3.747703963839351 43.38818196329881
-3.7476439866642055 43.38810298714272
-3.747588852366556 43.38804096105786
-3.7475109937975777 43.38796198490177
-3.747415998892844 43.387895860997496
-3.747328827097911 43.38783793273206
-3.747235881102887 43.387779818202105
-3.7471358570561377 43.38772188993667
-3.746999883957205 43.38765185447749
-3.7468623883179735 43.387590069475465
-3.7468398827353098 43.38757995637312
-3.7466448637838257 43.3874948334879
-3.7460838350523376 43.38723592580637
-3.745686873345407 43.38705822828835
-3.7456569167745912 43.38704481840979
-3.7452828976202657 43.38691387445287
-3.745181942250921 43.38687382758127
-3.744924897214582 43.38676691174731
-3.7445488998738834 43.38660200720313
-3.7443638684830938 43.386520856317595
-3.743939930437653 43.38632285713381
-3.74347631146155 43.38611232255272
-3.7433939891322106 43.38607493905891
-3.743323953673034 43.386026882812985
-3.743287818356331 43.38598888485109
-3.743265839143079 43.3859499555666
-3.743245908839537 43.38591698674672
-3.7432548495364526 43.38587489096541
-3.7432449775169414 43.38582497207429
-3.743200832825918 43.38575698552483
-3.7431509139348025 43.38572699693725
-3.743088887849946 43.38568993029796
-3.743042880513733 43.38568192092363
-3.74296595326735 43.38566999999441
-3.7428679781303105 43.38568192092363
-3.742797942671134 43.38571582106611
-3.7427649738512554 43.38571786997582
-3.7427089082310103 43.38571190951121
-3.742636823862124 43.38569887099487
-3.7425319569378783 43.385671862639605
-3.7423389831623894 43.38558321042802
-3.7416809143501726 43.38528089341404
-3.741176445871965 43.38504994476474
-3.741062888675843 43.38499795760955
-3.739989573916106 43.384532929160464
-3.739633867285413 43.3843788143481
-3.739518942077136 43.38432498390209
-3.739393958584829 43.384272829836746
-3.738987901933221 43.384090849401595
-3.73882843718602 43.38402068755297
-3.738537886855108 43.383892850217805
-3.7383709938460066 43.38381890320373
-3.7382109926241114 43.38373396658303
-3.738119909274278 43.38367492073048
-3.738063843654033 43.38363394253628
-3.738061789686181 43.38361186238186
-3.738060863421728 43.383601905038994
-3.7380388842084753 43.38356986754171
-3.7380068467111927 43.38354788832846
-3.737953947587772 43.383533918489526
-3.737909989161268 43.38353596739924
-3.737869942289664 43.38354788832846
-3.7378518746313127 43.38355887793509
-3.737714542751719 43.3836305611532
-3.737711989977478 43.38363189362657
-3.737587937807767 43.383689821892006
-3.7374879137610177 43.38374495618965
-3.737378949017352 43.38381499164883
-3.737287865667519 43.38387888037888
-3.73725098529274 43.38391091787616
-3.7372008801371055 43.38395394498007
-3.7371168748389976 43.384049871207395
-3.7370548487541417 43.38408786916929
-3.736838968176521 43.38419590259036
-3.736704821180032 43.3842557115562
-3.7366618306188695 43.38427487874645
-3.7365608752495247 43.38431585694065
-3.7362499997671694 43.384407871613085
-3.7358949795937906 43.38451199347925
-3.7355529736725424 43.38460646523439
-3.7353339508623025 43.384666965559134
-3.735025869347733 43.38476996983819
-3.734510847952459 43.38492699082778
-3.7343149495052 43.38498871048388
-3.7342288434705626 43.38501583900338
-3.734017992034957 43.38508699204967
-3.733513960246309 43.385249973503875
-3.733361968398734 43.38531199958873
-3.7332639932616942 43.385350928873216
-3.733175224594624 43.38539063920364
-3.733042897277539 43.38544983533285
-3.7329149335529266 43.38549789157878
-3.7328419178614447 43.385526948843754
-3.7326198905546937 43.38560294476754
-3.732515954953043 43.385630884445405
-3.732327827788766 43.385653981245774
-3.73222091195481 43.38565789280067
-3.731944170434315 43.38565186633777
-3.731895880369005 43.38565081474895
-3.731418856935624 43.38562492398079
-3.731332988992326 43.38561896351618
-3.731337013035832 43.3856778918821
-3.731343978598952 43.38577989606067
-3.7313238620308904 43.385895938856066
-3.731254944158828 43.386056871400555
-3.731246934784507 43.38614590584068
-3.731251963926523 43.38622786222908
-3.731285864068997 43.38635899245051
-3.7313156001404897 43.38643916030154
-3.7313599973475937 43.38655885427949
-3.7313868194383417 43.38665887832624
-3.7313868194383417 43.3867238846434
-3.731363908902494 43.38679894924459
-3.7313219993856994 43.38693585366613
-3.731263884855745 43.38706884653275
-3.7312229066615457 43.38711988301098
-3.731177830647926 43.38718488932814
-3.73111189300817 43.38727187485856
-3.731140920039338 43.387363681282714
-3.7311599492540943 43.38742386670613
-3.731157073141287 43.38746585795312
-3.7311541426293258 43.387508643427765
-3.731151189873951 43.387551753656226
-3.731148237118577 43.387594863884686
-3.731145979415163 43.38762782635453
-3.7311438627859377 43.387641072808954
-3.7311428216818663 43.38764758832781
-3.731136724071888 43.38768574886708
-3.73113223501745 43.38771384261836
-3.731127686091437 43.38774231106262
-3.731120004539859 43.387790384348975
-3.731119820267768 43.387791537574984
-3.7311185057491816 43.38779976419792
-3.731118053384423 43.3878025952224
-3.7311178534727807 43.38780384632506
