39.20133244375893 51.72703206260248
39.2014202457011 51.727032638943435
39.20143540814703 51.72703273847129
39.20145151841274 51.72703284422072
39.20145741683218 51.72703288293855
39.201457929643794 51.7270328863047
39.2014577906398 51.727024260989
39.20145687511897 51.72696745214591
39.20145564625427 51.72689120004974
39.201454774592385 51.72683711269138
39.20145361327328 51.72676505185682
39.20145262990795 51.72670403320436
39.20145182419747 51.72665403818624
39.20145077527928 51.72658895192387
39.20144985597224 51.726531908142526
39.20144900191913 51.72647891342331
39.2014481317518 51.72642491880372
39.20144703598555 51.72635692557907
39.201446940037165 51.72635097190032
39.20143910604154 51.7262643371252
39.201433246764104 51.72619954040998
39.20142807109901 51.72614230364301
39.201427941056224 51.726140865522794
39.20141811014476 51.7260684830276
39.2014095390468 51.72600537621814
39.201408942075275 51.72600098086896
39.20139429526643 51.72600055237189
39.201340763529245 51.725998986283834
39.201338906616094 51.725998931959246
39.201272873131245 51.72599405958561
39.20124298038877 51.72599185390752
39.201191 51.72599185390752
39.20114481898721 51.72599185390752
39.20107700956658 51.725989188340655
39.20095110681471 51.725984239143315
39.20080587210821 51.72597853001295
39.20065815964568 51.72597272348278
39.200561997306984 51.72596894337168
39.19986818345655 51.72594368793526
39.199379962668864 51.72592591626776
39.1989489465717 51.72589983923509
39.198686872393345 51.725934856964685
39.19849595126128 51.72596987469427
39.198469598091 51.72598178430007
39.1983409791814 51.726039910153446
39.198204819817946 51.72612782700646
39.19811392273264 51.72622896864032
39.19799396838234 51.72633793338399
39.197759833881854 51.726526991870855
39.19747689807736 51.72670189425427
39.19741968589074 51.72672643966007
39.19718297266624 51.7268279953337
39.19703098081867 51.72688685492173
39.19684285365439 51.72691796109642
39.19569203635057 51.72687012459821
39.19527897675214 51.72685295477926
39.1950228630384 51.72683898494033
39.19456595617308 51.72682296619168
39.194170754905464 51.72680638765276
39.19243042755556 51.72673338159968
39.19163098614583 51.72669984534457
39.1912578983141 51.72668382659593
39.1908626818862 51.72666740477422
39.18923719900254 51.72659986357848
39.18889997576699 51.726585851458886
39.18780883821418 51.72653984412268
39.18756275689193 51.72652952644968
39.18593498617122 51.72646127744219
39.184302363450286 51.72639282500053
39.18266805977812 51.726324302080094
39.18115397947626 51.72626081987308
39.18108096378477 51.72625783964078
39.181076662521434 51.72625769006809
39.18050782785955 51.72623790933723
39.1800399313876 51.72623995824694
39.17958488716747 51.72625299676328
39.179549612446856 51.72626107644789
39.179384839073975 51.72629881783498
39.179276991917426 51.72634091361629
39.179184977244994 51.72644298657275
39.17909482521776 51.72662589833049
39.179061788444734 51.72709179643678
39.17905264781355 51.7272207013621
39.17903298539742 51.72749798880886
39.17901491773907 51.72774981843866
39.17901696664878 51.727927887318906
39.17901797694447 51.72800043917791
39.1790213332927 51.72824146693547
39.1790259073457 51.7285699411162
39.17908232722873 51.72905919000385
39.17908881572308 51.72911545542792
39.17910190326948 51.729228944984726
39.17915591998002 51.72969386122436
39.17917398763837 51.72985199980107
39.179200703222975 51.73003016811209
39.17920556036545 51.73006256077297
39.179276991917426 51.73053894334746
39.17939380039075 51.73092395822074
39.179414603817776 51.730992528835465
39.1794738735141 51.73118788893195
39.17970484151777 51.73185788240711
39.17972433631501 51.73190840187345
39.1797525242954 51.73198144914387
39.17981790408085 51.73215087649564
39.17986298009447 51.73226598796843
39.18006284192345 51.73277989177659
39.179884424622905 51.73290089577064
39.179879930165704 51.7329039439463
39.17976183846061 51.732937844088774
39.17958786739978 51.73294082432107
39.17944295360393 51.73287693559103
39.17936584009303 51.73269290624618
39.17916767362629 51.73205278752535
39.179149825194536 51.73199513339501
39.17905999375269 51.73170495923694
39.17894283337018 51.731338949456934
39.17885374005491 51.73106116197443
39.17883058397768 51.73098896274851
39.17875489247042 51.73075296127989
39.178627982825425 51.73010424903203
39.178619764281514 51.730062239064274
39.17858799946132 51.72989986978247
39.178495711976126 51.72914151204287
39.1784890255566 51.729086567453265
39.17842688065231 51.72857590158081
39.178420920187705 51.72843098778496
39.17840778429474 51.72824371412516
39.17839987229704 51.72813091564471
39.17839689206474 51.72807093846957
39.17839367563432 51.728011844443934
39.17837789308379 51.7277218787608
39.17843497484921 51.7272043955195
39.178450079493786 51.72706746211568
39.178499896343794 51.72661584004646
39.17854641528031 51.72625203195071
39.178672143703174 51.72526875456876
39.178801898562554 51.7242539878556
39.178922364878346 51.723311863545895
39.17893296135067 51.723228992295915
39.17893594158298 51.72318484760489
39.17906790444065 51.72233268892989
39.17913785232167 51.72188099597128
39.1791918690322 51.72142781439635
39.179198407159824 51.72134657614982
39.17927428758553 51.72040373852285
39.17929785354356 51.720110924246406
39.17923396481351 51.71987399577813
39.17921086801315 51.719845869835744
39.17918087942557 51.719819979067594
39.17912984294735 51.71979092180261
39.17907191468191 51.71976987391196
39.179008957274455 51.71975683539562
39.17893985313788 51.719747894698706
39.178797919574336 51.7197488260213
39.17876290184474 51.71976484476994
39.17872099232795 51.71977192282167
39.17867796522404 51.71977192282167
39.17863698702984 51.71976186453764
39.178607929764866 51.719747894698706
39.178585950551614 51.719729827040354
39.17857291203528 51.71970896541422
39.17856993180297 51.71968586861385
39.178255190114285 51.71966457551659
39.17797798316131 51.71964582174225
39.17679214512906 51.719591777834275
39.17670691408307 51.71958789347681
39.17625596768236 51.71935487656344
39.175995942413714 51.71916190652166
39.17559879721648 51.718896913267336
39.17500330043491 51.71849957085658
39.17492287251926 51.71844590571029
39.17452447729803 51.71816684852815
39.17414186539073 51.71789884681774
39.17410498501595 51.71787295604958
39.17406153854848 51.71784244118592
39.174017999485535 51.71781186128732
39.173675831563976 51.71788785721111
39.17350390941286 51.71790499354687
39.173406865598416 51.717911885334075
39.17326288312516 51.71791598315349
39.17326288312516 51.71797596032864
39.173261951802566 51.71806089694934
39.17325990289286 51.71814490224745
39.173257853983145 51.71821382011951
39.17325990289286 51.71814490224745
39.173261951802566 51.71806089694934
39.17326288312516 51.71797596032864
39.17326288312516 51.71791598315349
39.17295498787511 51.717916914476085
39.17277393876256 51.71790983642436
39.1724454921311 51.717865264817846
39.172375891485274 51.717855819713826
39.17230287579379 51.71783588941028
39.17189588781959 51.71772487575691
39.17168485011946 51.717643850691104
39.17138496424373 51.71743989104271
39.17132498706859 51.71739891284851
39.17121545677974 51.71729826542845
39.17105397219331 51.717149877186486
39.17096884930809 51.7170329030685
39.17092097932669 51.71693083011204
39.17090887213295 51.7167488496769
39.17091688150727 51.716656835004464
39.17101094508941 51.71639699600034
39.17104850526824 51.71632290940908
39.17107185358715 51.71627685538553
39.17119683707946 51.71609394362779
39.17135795588847 51.71592798194128
39.17154198523332 51.715777852738896
39.17182995017983 51.71564299722708
39.1720838358654 51.71555591329109
39.17211884644893 51.71554390450292
39.17246287701568 51.7154518898305
39.172656964644574 51.71541798968802
39.17304681628302 51.71535987515807
39.17332788944232 51.71536788453239
39.17347889394622 51.71538132799754
39.17350782096776 51.71538390328103
39.173714947112984 51.71541892101062
39.17397385479451 51.71546399702424
39.174334835432504 51.71559587230375
39.17462596687584 51.715743952596426
39.174802726608185 51.71590326464301
39.174827877614526 51.71592593303157
39.17499197665584 51.71613194158968
39.17511491123844 51.716382839896895
39.175201896768854 51.71669297032117
39.175198916536544 51.71675890796093
39.175176784422625 51.71689043595223
39.17517283950387 51.716913880040806
39.175104852954405 51.717067920798094
39.174996819533334 51.71726890021419
39.1749798694621 51.71728287005312
39.174731951387194 51.71749390775325
39.17467197421205 51.71753488594744
39.174439888621265 51.7176378902265
39.17432627565928 51.71768490851384
39.174318816683865 51.71768799538213
39.17415308431773 51.717756238121126
39.174017999485535 51.71781186128732
39.17406153854848 51.71784244118592
39.17410498501595 51.71787295604958
39.17414186539073 51.71789884681774
39.17452447729803 51.71816684852815
39.17492287251926 51.71844590571029
39.174553907860094 51.71843916750885
39.1742089206176 51.718432867193954
39.17407387884126 51.71898681787372
39.17406283330948 51.71899880391613
39.17402341250436 51.71904158134426
39.17398173692912 51.71908680553283
