-3.7034596754048983 43.34981384343891
-3.70352593146695 43.34993291683345
-3.703596898248722 43.35008397735843
-3.703658924333578 43.35035685487889
-3.7036818348694256 43.35049189665523
-3.703714989953823 43.35060793945062
-3.70373194002506 43.35065692701914
-3.703763266932412 43.35074774340712
-3.7037688203998393 43.3507638428531
-3.703809984858557 43.35088882634541
-3.703843885001031 43.350930922126715
-3.703966819583628 43.35108291397429
-3.704058834256057 43.35118386934363
-3.7041569956576152 43.35132487158458
-3.7041938760323943 43.351381868527426
-3.704328317548155 43.35158452868006
-3.704331898041038 43.35158992599524
-3.704403982409924 43.35170690011323
-3.704533995044246 43.351898938832406
-3.7045738556513306 43.35196487647217
-3.7045688265093153 43.35204087239595
-3.704692878679027 43.352051862002575
-3.704778932886845 43.35205782246719
-3.705080867672284 43.35206899833833
-3.705294931174693 43.352087328884984
-3.705465876433235 43.35210196715821
-3.7056618267073143 43.352114819410026
-3.7058298373035305 43.3521369848878
-3.705912911279043 43.35215598386875
-3.7060339832164497 43.35219882470814
-3.7061308407663742 43.35224296939917
-3.7062088855998714 43.35227798712875
-3.7062889793430784 43.35232585711015
-3.706370935731477 43.35237093312377
-3.7064588525844857 43.35242886138921
-3.7065728464701664 43.35253596348768
-3.706594226079027 43.35255864824708
-3.706636921464732 43.35260395003715
-3.7066959673172826 43.35266988767691
-3.706733965279176 43.35271589501312
-3.7067728945636658 43.35275892211703
-3.706862860326384 43.35286788686069
-3.706932895785561 43.35296995981715
-3.707048938580951 43.3531079818258
-3.707179882537869 43.35322085812437
-3.7073704566742554 43.3533313553349
-3.707417928593262 43.35335888013301
-3.7076829830039215 43.35349895105136
-3.7078059175865183 43.35357289806544
-3.7079139510075887 43.35365392313124
-3.708022915751254 43.35374984935857
-3.708095931442736 43.353830874424375
-3.70813188049492 43.3538779993477
-3.708168947134218 43.35394598589717
-3.708220914935043 43.35406296001515
-3.708256863987226 43.354215883185326
-3.7082633429913447 43.35423991720536
-3.708295979536235 43.35436098324569
-3.7083319285884184 43.35449788766722
-3.708386876621549 43.35467688787006
-3.7084649214550462 43.35482385057562
-3.7085818955730327 43.354978822655504
-3.708663851961431 43.35511982489645
-3.7086968094363346 43.355180184276975
-3.7088108146669896 43.35538897712653
-3.708980874172916 43.35566297223411
-3.7092194076223786 43.35604290026011
-3.709258967099912 43.35610590926049
-3.709350981772341 43.35628788969564
-3.7096268395251073 43.35674591414808
-3.7097329233395526 43.356919586479755
-3.709960998072349 43.35729297304064
-3.7099989960342423 43.357363939822406
-3.709947959556013 43.35759397650347
-3.710084863977541 43.35781991536513
-3.7101294639553606 43.357834908402495
-3.710325890265239 43.35790094043093
-3.710398905956721 43.35802685524583
-3.710580886391868 43.35834182854761
-3.7108916658964657 43.358852756280434
-3.7111758152658303 43.35931990353733
-3.711284966274015 43.359512873579106
-3.7113319049328246 43.35958682059318
-3.711402233197667 43.359702420898955
-3.711561941613896 43.35996493756693
-3.711571999897927 43.35998188763816
-3.7119430786464425 43.36060681946728
-3.711995937943368 43.36069583953982
-3.7124969378892674 43.36154809342153
-3.712534987461604 43.36161281976729
-3.712694988683499 43.36189296160399
-3.712836922247043 43.36222991411902
-3.712909540253963 43.36243397332127
-3.712940857848693 43.36252197688495
-3.712969915113671 43.3626698709131
-3.712994874559228 43.36280882424434
-3.7130429308051527 43.36310591615228
-3.7130529890891832 43.36334284462056
-3.7130529890891832 43.363422
-3.7130529890891832 43.36355388232069
-3.713036970340542 43.364205994402006
-3.7130326621955585 43.36436439387221
-3.7130209515919006 43.36479496281136
-3.7129948627317337 43.3654272340107
-3.7129829536300063 43.36571585459373
-3.712965817294251 43.366018906966275
-3.712919875539424 43.36640742803379
-3.712883860905853 43.366711997241794
-3.712866910834616 43.366845921431015
-3.712869891066921 43.3669569350844
-3.712903977473914 43.36707186029267
-3.712980904720297 43.36714282707444
-3.7130577012200066 43.36718182106583
-3.713112966264329 43.36720988230131
-3.713436880263021 43.36726185010214
-3.7136209096078776 43.36734790430996
-3.7137108753705967 43.36741291062712
-3.713766940990842 43.367445879447
-3.713788920204094 43.367465996015056
-3.7138418193275142 43.367525973190205
-3.713872925502202 43.36757291184901
-3.7139559994777143 43.36771596299967
-3.714042270305041 43.36791978108719
-3.714140960145167 43.36815293956145
-3.714247875979123 43.368395828494336
-3.7144533045299424 43.36883388144751
-3.7144969116411417 43.368926868638255
-3.7148947303380617 43.36971125354501
-3.714924947506002 43.36977083317423
-3.714976915306827 43.36986396543377
-3.71515982706457 43.370213956465136
-3.715227999878555 43.37034788065437
-3.715298966660328 43.370493912037325
-3.715335577649432 43.370578679389695
-3.715343856409427 43.370597847638976
-3.7154598992048182 43.370818943623135
-3.715644859872271 43.371158876370465
-3.715808880589929 43.37138754871625
-3.716040858239849 43.37171096440504
-3.716504843156893 43.372302913046695
-3.7165107593833473 43.37231061950103
-3.716712900624712 43.37257392792196
-3.717249901233239 43.37314184844066
-3.717260890839865 43.37315283804728
-3.7172672893682015 43.37315973608899
-3.7173109959954993 43.37320685475782
-3.717331857621637 43.373233863113086
-3.7174369108104015 43.37335083723107
-3.717952952841972 43.37390971909828
-3.718219966848641 43.374198899586474
-3.718299874327329 43.374281973561985
-3.718765166758153 43.37477030737603
-3.7193869140607174 43.37542284374139
-3.719434970306642 43.37547388021962
-3.719580975409666 43.375626516809234
-3.719676927916935 43.37572682743654
-3.720392087885184 43.376502220785305
-3.720722989456125 43.376860992093256
-3.721153819288771 43.37730094888734
-3.721193572910222 43.37733851169926
-3.721501947674944 43.37762989202805
-3.721709818878245 43.3777328963071
-3.721950845165942 43.37782994012154
-3.7222029046611262 43.37792964267808
-3.722377949708207 43.37799888204036
-3.722514854129736 43.3780549476606
-3.722568870840271 43.37808195601587
-3.722648964583478 43.37810486655171
-3.7229238910136497 43.3782218406697
-3.7231628683916376 43.37828181784485
-3.7233468977364943 43.37831795316155
-3.723472140728161 43.37832361548838
-3.723589972933903 43.37832894276818
-3.723846831705723 43.37831385534213
-3.724137963149055 43.378292993715995
-3.724481993715808 43.37826598536073
-3.724712961719475 43.37827585738024
-3.724762175765986 43.37828162700599
-3.7249258620647905 43.37830081682579
-3.725195945617466 43.37835893135575
-3.725454853298996 43.3784589554025
-3.725684889980067 43.37857388061077
-3.726011252032828 43.37873062632907
-3.726213881214273 43.37882794541481
-3.726572999207072 43.37894193930049
-3.727177986365065 43.37908387286404
-3.727300785472944 43.379105212172824
-3.728518904637968 43.379316889777414
-3.728715266998055 43.37935520033922
-3.728959979019165 43.37940294398523
-3.729404964955262 43.37950687958688
-3.7299993647621994 43.37971248004905
-3.7312167863730616 43.38013358120509
-3.73137694741883 43.380188980255774
-3.731544958015046 43.380250820076114
-3.731709988378957 43.38033594296133
-3.731931829421189 43.38050693378985
-3.7320519700359993 43.3806488673534
-3.732149945173038 43.38079489873636
-3.732165307946386 43.38082909199567
-3.73222091195481 43.38095285104855
-3.732254998361803 43.38111788141246
-3.7322698995233305 43.3813369284869
-3.7322648703813153 43.38146284330181
-3.732257978594109 43.38150493908312
-3.7322609588264144 43.38159490484584
-3.732270830845926 43.38182494152691
-3.7322714612226 43.38184165605992
-3.732276977575056 43.38198792298111
-3.7322898298268727 43.38240683188454
-3.732364894428065 43.38278588018088
-3.7323842954720536 43.38286223670127
-3.732422822693501 43.38301386795224
-3.732448899726173 43.383114823321584
-3.732538865488891 43.38329997025355
-3.732555815560128 43.38333591930574
-3.7326018228963425 43.38339589648088
-3.732617841644984 43.38342197351355
-3.73267986772984 43.38350691013426
-3.732818821061078 43.38369187080171
-3.7328612408830097 43.38372777779772
-3.732955911747126 43.3838079135971
-3.733212956783465 43.3840049814583
-3.7334459736968424 43.38414188587983
-3.733726860591625 43.38426090890752
-3.7338666080052754 43.38429856871252
-3.733867862832573 43.38429890686942
-3.734074988977797 43.384340816386214
-3.734291987142533 43.38436298186398
-3.734845937822296 43.38444382066527
-3.735191753079328 43.38442696875426
-3.735212878924896 43.38442593927143
-3.7354358375542422 43.38438086325782
-3.735697911732597 43.38432386631497
-3.7357638493723537 43.38430598492114
-3.7361389861137937 43.38417597228682
-3.736361860731337 43.384074861215154
-3.736524926197341 43.38400088363888
-3.736698897258168 43.383929916857106
-3.736764834897924 43.38390682005674
-3.736857967157467 43.383870871004554
-3.7369129151905978 43.3838498231139
-3.7369909600240954 43.38385988139793
-3.737055966341256 43.38388092928859
-3.737102905000066 43.38389489912752
-3.737127864445624 43.383899928269535
-3.7371459321039753 43.38390290850184
-3.73720199772422 43.38390886896645
-3.73725098529274 43.38391091787616
-3.737272964505992 43.38391091787616
-3.737292894809534 43.38390998655356
-3.7373098448807713 43.38390886896645
-3.7373228833971073 43.38390682005674
-3.737330892771428 43.38390495741155
-3.7373389021457486 43.383903839824434
-3.7373459801974738 43.38390085959213
-3.7374249563535664 43.383855969843026
-3.737506912741965 43.38381294273912
-3.7375709901858176 43.38378891369767
-3.737594829594973 43.38377997391924
-3.7376719431058754 43.38375687711888
-3.737759859958884 43.38373787813793
-3.7378379047923818 43.38372483962159
-3.737914832038764 43.38371496760208
-3.737958976729787 43.38371496760208
-3.7380349726535744 43.3837199967441
-3.738087871776995 43.38372986876361
-3.738152878094157 43.38374886774456
-3.7383709938460066 43.38381890320373
-3.738537886855108 43.383892850217805
-3.7388900140022807 43.38404778033264
-3.738987901933221 43.384090849401595
-3.739393958584829 43.384272829836746
-3.739518942077136 43.38432498390209
-3.739633867285413 43.3843788143481
-3.7400601816588415 43.38456352094055
-3.741062888675843 43.38499795760955
-3.7412389283041114 43.38507854959127
-3.7416809143501726 43.38528089341404
-3.742427380703498 43.38562382028549
-3.7425319569378783 43.385671862639605
-3.742583924738704 43.385724948027544
-3.742623971610307 43.38577095536375
-3.74265582284307 43.38581398246767
-3.7426828311983384 43.38585291175215
-3.742677988320842 43.385870979410505
-3.742690840572659 43.38594287751487
-3.7427219467473463 43.38599186508339
-3.7427888157096985 43.386045881793926
-3.7428428324202336 43.386068978594295
-3.742938944912082 43.38608890889784
-3.7430378513717177 43.38608294843323
-3.743102857688878 43.386060969219976
-3.743153894167108 43.386056871400555
-3.743198970180727 43.38605295984566
-3.743280926569125 43.38605892031026
-3.7433939891322106 43.38607493905891
-3.7435393583083942 43.38614095283356
-3.743939930437653 43.38632285713381
-3.7443638684830938 43.386520856317595
-3.744789617269619 43.386707580802
-3.744924897214582 43.38676691174731
-3.745181942250921 43.38687382758127
-3.7452828976202657 43.38691387445287
-3.745869051335279 43.387199786044334
-3.7462199944157897 43.38737096758271
-3.746626982389994 43.38755499692757
-3.746805982592836 43.38763583572885
-3.7469499650660896 43.387708851420335
-3.7470628625875273 43.38776414816553
-3.747086869487618 43.38777590664721
-3.747189873766673 43.38782787444803
-3.7472859862585217 43.387885988977985
-3.7473809811632552 43.38794894638544
-3.7474759760679897 43.38802289339951
-3.7475448939400513 43.38808789971667
-3.747605988702312 43.38815383735643
-3.747654976270832 43.38822499040272
-3.747690925323015 43.3883019176491
-3.747713835858863 43.38837586466318
-3.747721845233184 43.38843286160602
-3.747721845233184 43.38848594699396
-3.747709924303962 43.38854182634969
-3.747688876413305 43.388590813918206
-3.747640820167381 43.38860795025396
-3.7476119491669224 43.3886249003252
-3.747610789889198 43.388625843659035
-3.747573951205029 43.38865582023536
-3.7475348356560207 43.388707974300715
-3.747519934494494 43.38878098999219
-3.747539864798036 43.38885195677396
-3.747574882527625 43.38889684652307
-3.7475838232245406 43.38897898917598
-3.747574882527625 43.389051818602944
-3.747539864798036 43.38917791968237
-3.747465917783958 43.38926993435479
-3.747243890477208 43.38950686282307
-3.7472308959946408 43.38952155896408
-3.747196951818398 43.389559948211016
-3.747088918397328 43.3896778536516
-3.7467318493142394 43.39007496960629
-3.746627913712589 43.3902068448858
-3.7465679365374434 43.39028991886131
-3.746500881310572 43.39039683469527
-3.7464967229944177 43.39040413868064
-3.746464932258388 43.39045997836724
-3.746362859301929 43.39063190051836
-3.746299901894478 43.3907669422947
-3.7462429049516377 43.390894906019305
-3.746156850743819 43.39094892272984
-3.746088864194353 43.39099288115634
-3.746084851876834 43.3909949949009
-3.7460298183418024 43.39102398733103
-3.745875963849037 43.390999959208074
-3.74568988559447 43.39102398733103
-3.745569931244178 43.39107483754474
-3.7454909550880857 43.39113798121672
-3.745439918609856 43.39120186994676
-3.745404900880267 43.391312883600136
-3.7454199883063137 43.39137192945269
-3.7454428988421617 43.391463944125114
-3.74553081569517 43.39155893902985
-3.745711864807722 43.391641826740845
-3.745866836887602 43.39165989439919
-3.745933892114473 43.39165486525718
-3.745982879682993 43.391646855882854
-3.746043974445253 43.391630837134215
-3.7460659536585057 43.39162394534701
-3.746190937150813 43.39155390988783
-3.746239924719332 43.39151293169363
-3.7462898436104473 43.39153193067458
-3.74632393001744 43.39154794942322
-3.746360996656738 43.39156489949446
-3.746405886405838 43.391587996294824
-3.7466588336227575 43.39172583203895
-3.7468519899290498 43.39182995390512
-3.7469758558342425 43.39189496022228
-3.74711294652029 43.39196685832665
-3.74726586969046 43.39204099160524
-3.747384892718156 43.392095939638374
-3.7474317137922584 43.39211653541877
-3.747511925120173 43.3921518189941
-3.748120823833067 43.392401972243235
-3.748327949978291 43.39248485995423
-3.7485410991753705 43.39257714595345
-3.7486308160863255 43.39261599017566
-3.7487839255210145 43.392681927815424
-3.7488969880841 43.39273594452595
-3.7490279320410176 43.392802999752824
-3.749140994604103 43.39285887910855
-3.749317945897235 43.39294996245839
-3.7496100609266927 43.393097884537134
-3.7501058448129703 43.39334894105827
-3.750463845218655 43.393530921493415
-3.750800583298 43.393681922953064
-3.750853883121622 43.39370582387683
-3.7512798700767727 43.393889853221694
-3.7517468352261223 43.394068853424535
-3.7519169874395937 43.394128124024085
-3.752441974411353 43.39431099729935
-3.7532213451198606 43.39453574865896
-3.753481889221412 43.39461088317508
-3.7545279507606018 43.394893818979575
-3.754596097994508 43.39491566808087
-3.7553139870311463 43.395145834873894
-3.755825779415173 43.39536463143973
-3.755940953402391 43.39541386951686
-3.756373832144748 43.39563887705592
-3.756739841924753 43.39587897202102
-3.7569095496698504 43.39599968464306
-3.757006945245123 43.39606896183049
-3.757298821746532 43.396303841389056
-3.757769884715301 43.39677788459013
-3.7577779043375106 43.39678819760002
-3.758182833154115 43.39730892473405
-3.7584758175295137 43.39766635985693
-3.758745910795314 43.39799586828044
-3.759057903864784 43.398349957131224
-3.759264016395177 43.39852175701304
-3.759706849449281 43.39889086929465
-3.760193931166692 43.399167844634526
-3.7603041114590545 43.3992308119013
-3.760606879605507 43.39940384178021
-3.76096096845629 43.39956998973124
-3.76121987613782 43.39964784830021
-3.7615324901502034 43.39975034878613
-3.76168684128717 43.399800957734904
-3.7620528510671742 43.399896883962235
-3.7625539026235177 43.39999690800898
-3.762902526847499 43.400041854917944
-3.763235817027892 43.40008482486199
-3.763554888149088 43.40011686235928
-3.7638849488769086 43.40011984259158
-3.7642919382702864 43.40010728523982
-3.764693895683301 43.400094883146025
-3.765712147809876 43.39999041407642
-3.7657269187061546 43.39998889863466
-3.7665379144222566 43.39991588294318
-3.76673293337374 43.399904893336554
-3.7670179180879426 43.399908991155975
-3.767127441690195 43.3999060920018
-3.7672079078974106 43.39990396201396
-3.7679119877795575 43.39993283301442
-3.7685063264593057 43.40001513135999
-3.768554972899443 43.40002186745454
-3.7698571666641714 43.400272410663895
-3.7700158455226385 43.40030294061384
-3.771142932127631 43.40048492104899
-3.771178377330883 43.400489488684634
-3.7718959995782977 43.400581964863434
-3.7725422379244535 43.40062904637421
-3.772772932934156 43.40064585359348
-3.773788819621253 43.40067584218105
-3.773949 43.40067584218105
-3.774423981631338 43.40067584218105
-3.775380101006416 43.40062702591223
-3.775419938014893 43.40062499196734
-3.776282901531821 43.40055998565018
-3.776791486228255 43.40048049106175
-3.777121836925786 43.40042885542874
-3.7777968595429554 43.40030796975586
-3.7781978836986063 43.40022864866514
-3.778489949818476 43.40017087906981
-3.7793639029420296 43.39993599951124
-3.779877681830265 43.39978166063563
-3.780249963259324 43.39966982751347
-3.781194441986616 43.39937232180865
-3.7824996126833423 43.39896120007893
-3.782839971397221 43.39885398891987
-3.783801273515458 43.398553736062745
-3.785090160973364 43.398151165284624
-3.7863268431945185 43.39776490027677
-3.786347014565664 43.39775846249174
-3.787031854399261 43.39753989273771
-3.787580919594464 43.39736756872955
-3.78797193142709 43.39724484973948
-3.7883789194012936 43.39711781733747
-3.7887980184026393 43.396994208731485
-3.78880583767904 43.396991902522565
-3.789389963210895 43.396831901300665
-3.789721886583907 43.39674584709285
-3.7900361633004054 43.39667318282571
-3.7901109931642782 43.39665588133013
-3.7903669206135033 43.39659981570989
-3.790647993772805 43.396539838534736
-3.7911719558649946 43.3964379518428
-3.791277674144787 43.39641764376087
-3.791713985615536 43.396333829976626
-3.792719457920905 43.39613964137352
-3.793530995999225 43.395982907622674
-3.7941062495886544 43.395872612542846
-3.7944908170660767 43.395798878277816
-3.795468892055799 43.395620995662085
-3.795531808270175 43.395608443082
-3.796691904888122 43.39537698914208
-3.7967513429125472 43.39536574001527
-3.798027530089024 43.395124211271344
-3.7988108500572486 43.39497596163249
-3.799322688176232 43.394885165936735
-3.800690247685157 43.3946425726001
-3.8013928488208246 43.394517937180055
-3.801736879387577 43.3944559110952
-3.8021633138772986 43.39437509269593
-3.803055818447228 43.39420594411059
-3.803624815525732 43.394098032109454
-3.804531964760988 43.3939259885384
-3.804944913199803 43.39385185525981
-3.8050584594126904 43.393833362625635
-3.8052388386109217 43.3938039852784
-3.805424916865488 43.39377883956832
-3.8056139753523617 43.39375686035507
-3.805895979834258 43.393732832232104
-3.8061539561931927 43.393720911302886
-3.806372817003119 43.39371495083827
-3.806451595399905 43.39371452767768
-3.806580874470939 43.39371383325116
-3.8068118424746062 43.39371997998029
-3.807026977994151 43.393728920677205
-3.807203929287283 43.39374289051614
-3.80738386081272 43.39375797794218
-3.807518902589058 43.39377194778111
-3.807675923578648 43.393792995671774
-3.807811700842187 43.39381299949763
-3.807919930098651 43.39382894472396
-3.808241981452152 43.39387085424075
-3.808543916237591 43.39390996978976
-3.808944943747184 43.393959888680875
-3.8093919785929913 43.39401893453342
-3.80945847109348 43.3940277650538
-3.809767860392508 43.394068853424535
-3.810034963712878 43.39410592006384
-3.8103948267637526 43.39415099607746
-3.810770321258762 43.394198022292784
-3.8107859822538344 43.394199983645976
-3.811058859774296 43.39424189316277
-3.8112108516218703 43.394269832840635
-3.8114399569803465 43.39431490885425
-3.8116249176478 43.39435886728076
-3.811829994883314 43.3944188444559
-3.812036860112341 43.394489658615186
-3.812057982654676 43.3944968892894
-3.812248903786739 43.39457381653578
-3.812410953918344 43.39464683222727
-3.812569837553125 43.39471984791874
-3.8126998501874474 43.394789883377925
-3.812856871177037 43.394876868908334
-3.813025999360367 43.39498695123912
-3.813177991207942 43.39510597426681
-3.8133389237524327 43.39523784954633
-3.8133791468654623 43.39527414246205
-3.8134609270124344 43.395347931877104
-3.813597831433963 43.39548781653094
-3.813709962674453 43.395619878074974
-3.813820976327829 43.395765909457936
-3.813892874432196 43.39586686482728
-3.813953969194456 43.39596893778374
-3.813996996298365 43.396042884797815
-3.814045983866885 43.39613396814765
-3.814058197760136 43.396158823242374
-3.814109872596932 43.396263980781974
-3.814162957984871 43.39637890599025
-3.814213994463101 43.39649699769535
-3.8144727530007567 43.39712019498754
-3.814625825314801 43.397488856259486
-3.814918536794597 43.39819872696957
-3.815295988095655 43.39911410488126
-3.815466995882995 43.39952882527252
-3.815527904380736 43.39967485665548
-3.8155889991429968 43.39980784952211
-3.815634820214693 43.39990284442685
-3.815683994047731 43.40000193715099
-3.815712786713219 43.40005359730322
-3.815741922313167 43.40010587275265
-3.815786998326786 43.400181868676434
-3.815833936985596 43.400256933277625
-3.8158968943930462 43.400355839737266
-3.81593284344523 43.400412836680104
-3.815974939226544 43.40047393144236
-3.8160248581176592 43.400540986669235
-3.816076825918485 43.400610835863894
-3.816190819804165 43.40075183810484
-3.81629997081235 43.40087495895196
-3.816334884784964 43.4009102757781
-3.816396828362275 43.400972934089
-3.816521998119101 43.40109288843929
-3.8166669119149503 43.40122699889303
-3.8168829787570906 43.40140991065077
-3.8171440931283738 43.401626197633945
-3.817353855461341 43.40179994855374
-3.817959960206448 43.40229597096807
-3.818403828555431 43.4026349723928
-3.8186228553942816 43.402805778062024
-3.818935986286461 43.40304996974133
-3.8196739663110817 43.403623850724635
-3.819695788181677 43.40363673372322
-3.820381957748129 43.404041828305466
-3.820884871949662 43.40428490350287
-3.82138890373831 43.40452183197115
-3.822118588140518 43.404875004713325
-3.822576898841043 43.40509683054157
-3.8230919202363176 43.405343817293875
-3.823388365875163 43.405470639561464
-3.8235808645989193 43.40555299234881
-3.8246729334743232 43.40595383359389
-3.824760772596164 43.40598873584233
-3.826051538818298 43.40650161259274
-3.827286684517468 43.40699238892514
-3.828163903091041 43.40734094546752
-3.8284715671909737 43.40746799703915
-3.828669983789399 43.407549934257936
-3.829674259691069 43.407968733666834
-3.830881095461233 43.40847200384024
-3.831688959114752 43.408808896142446
-3.832077950680092 43.408970334363566
-3.832281839079004 43.40905495157216
-3.832900982340447 43.40939097276459
-3.8331915307177624 43.409584466275675
-3.8334279246649423 43.40974189511855
-3.8339509554345375 43.410233819713454
-3.834090824206283 43.41038068416599
-3.834531914469568 43.41084383601346
-3.8348717413555726 43.41122314265752
-3.8352469839583407 43.41164197947775
-3.835596829570349 43.412024558607264
-3.8362871528647817 43.412779472420674
-3.836572814805198 43.41309186249432
-3.8370228298833102 43.41359291405066
-3.837123789392533 43.41370550858187
-3.8379570608939457 43.41463480998988
-3.8385049366616815 43.41524582539303
-3.8387478027523576 43.41552401215314
-3.839124824981201 43.41595586573979
-3.839209076280425 43.41605136100508
-3.839356983582176 43.416219007642574
-3.8394248971214497 43.41629598475164
-3.839493846558388 43.41638725689901
-3.8396206568172975 43.416555122586566
-3.839748863831123 43.41672483723514
-3.8398138174373018 43.41681081988239
-3.839864004381419 43.416897497528566
-3.8399668256068176 43.417075079605965
-3.840004924833885 43.41714088061022
-3.8400391776170455 43.41725494322809
-3.840079989435076 43.41739084759483
-3.8400979853816497 43.4174454381696
-3.8401189187195657 43.417508939299935
-3.840147955925107 43.41763896014742
-3.84016492605578 43.417714947858045
-3.840174589130832 43.41783139610147
-3.840186905269032 43.417979816004184
-3.840180976254143 43.418014886007235
-3.840148453459439 43.41820725767955
-3.8401408979328178 43.41825194846657
-3.840105136973012 43.418381106401185
-3.8400708624736417 43.41850489568349
-3.840059063654057 43.41853201990711
-3.8399846818102463 43.41870301580635
-3.839969907104297 43.41873698127427
-3.8398852984709713 43.41885822364564
-3.839794818456355 43.41898787958148
-3.839758971273777 43.41902843341703
-3.8396728151963537 43.41912590159012
-3.839614372291993 43.41918891881038
-3.83949195234832 43.41932092054161
-3.839438155274355 43.419362564268496
-3.8392619156672487 43.419498989421854
-3.83925231342662 43.419506054978115
-3.839060232093766 43.41964739297579
-3.838864774149749 43.419791215564
-3.838680459228831 43.41992683885168
-3.838568825391728 43.42000898167511
-3.838498459883692 43.4200626384336
-3.8383176857699217 43.420200486553135
-3.8381938749148072 43.420294897711905
-3.8381396712846447 43.42033674060876
-3.8379654564875354 43.42047122702166
-3.83779145923346 43.42060554550058
-3.837720949300847 43.42065997616932
-3.8375328221365694 43.420810850429774
-3.8370937173071105 43.421144921662496
-3.8365929313732594 43.42152591991855
-3.8363429643886455 43.4217479472253
-3.8362152763745097 43.421858051332755
-3.8357329480886375 43.4222739582272
-3.8355278708531233 43.42251181801807
-3.835421099447197 43.42266621225749
-3.8353708498635335 43.422738874466845
-3.835253875745547 43.42296593091561
-3.835203956854432 43.42308085612388
-3.8351899870155 43.423120902995485
-3.835085865149331 43.423396947012776
-3.835065934845789 43.42351094089845
-3.8350573083642834 43.423606442919365
-3.835044886955132 43.42374395781183
-3.835057925471468 43.42402391338402
-3.835080836007316 43.42422582412271
-3.835103438912869 43.42456050857422
-3.835106913039988 43.424611950470776
-3.8351039328076824 43.42475984449893
-3.835093874523652 43.425023967586995
-3.835078973362125 43.425226995912794
-3.83506984640069 43.42542294618688
-3.8350595938380927 43.42549463464782
-3.8350458182777274 43.42559095678309
-3.835033897348506 43.42571389136569
-3.8350119181352538 43.42579491643149
-3.8349899389220017 43.42589084265882
-3.8349688910313446 43.42596199570512
-3.8349228836951306 43.42603389380948
-3.8348448388616334 43.4260389229515
-3.83475785333122 43.42607189177137
-3.8347198553693262 43.42609890012664
-3.8346939646011737 43.42612982003681
-3.834677945852532 43.426156828392074
-3.834667887568501 43.42619184612167
-3.8346669562459055 43.42622183470924
-3.834681857407432 43.42627082227776
-3.8347118459950056 43.42631291805907
-3.834743883492288 43.426339926414336
-3.8347898908285023 43.4263639545373
-3.8348020912279552 43.42636764929549
-3.834848936681053 43.42638183593113
-3.834900904481878 43.426387982660266
-3.8349228836951306 43.426387982660266
-3.835000928528628 43.426428960854466
-3.8350519650068575 43.42646695881635
-3.835109893272293 43.42652190684949
-3.835160929750523 43.42659697145068
-3.8352238871579742 43.42668488830369
-3.835416857199747 43.42695590317896
-3.83550391894803 43.427106140947366
-3.835697930359049 43.42744093598666
-3.835755858624485 43.4275828695502
-3.835855640716464 43.427989722983305
-3.835957955627694 43.42840690378264
-3.836091038071556 43.428883535513
-3.8361168392624743 43.42897594188845
-3.8362963342500542 43.429781486178136
-3.8364959693524887 43.43067741602528
-3.8365379833401287 43.43086596796362
-3.83659684292816 43.431221919459595
-3.8366661343591897 43.43157481444941
-3.8368465120853648 43.43249346189103
-3.8370309452139657 43.433432763130334
-3.8370539360579983 43.43354985341914
-3.837118942375159 43.43397993819371
-3.837183051870942 43.4343501646177
-3.837219897744504 43.43456294613845
-3.8372519352417873 43.43471884954092
-3.837282855151955 43.43492988724105
-3.837284072701742 43.435275899671005
-3.837285835384261 43.43577683200933
-3.837278442894147 43.43618805159274
-3.8372718655453295 43.43655392758296
-3.8372308873511303 43.43707695835256
-3.83722248263306 43.43712753772618
-3.8371168934654496 43.43776297057635
-3.837056916290304 43.43796283240533
-3.837025378560724 43.43812840548563
-3.837015938096105 43.43817796792488
-3.8369658329404706 43.4384748735683
-3.836883876552073 43.4388788813102
-3.8368054842728623 43.43916865058014
-3.836764853524376 43.439318838104285
-3.836627949102847 43.43977686255671
-3.8365269937335023 43.44007283687754
-3.8364951862789294 43.44015705943331
-3.836460869829227 43.44024792552548
-3.836431965931815 43.44031516575692
-3.836107344729814 43.44107034435591
-3.836105849655848 43.44107382240311
-3.836105493804068 43.441074084300624
-3.835992973357282 43.44115689637863
-3.835849922206624 43.441215942231175
-3.8357009105913544 43.4412308433927
-3.8355848677959634 43.44120886417945
-3.8354529925164504 43.441162856843235
-3.8353879861992897 43.44109282138406
-3.835336949721059 43.4410278150669
-3.835335832133945 43.44088085236134
-3.8353708498635335 43.44080187620525
-3.835408847825427 43.44074692817212
-3.835471991497397 43.440699989513305
-3.835568849047322 43.4406569624094
-3.835801865960699 43.44060685725376
-3.836158935043788 43.44055898727236
-3.8364098333509977 43.44052993000738
-3.83663516211434 43.44048795973649
-3.836710836813841 43.44047386438714
-3.8370180127597617 43.44039296753792
-3.837055984967708 43.44038296730182
-3.8373778500566895 43.44030995161034
-3.837843883883444 43.44020191818927
-3.838200952966533 43.44015982240795
-3.8383284158521342 43.440164417198226
-3.838479977216124 43.44016988069199
-3.838598813979301 43.440171929601696
-3.8386338317088895 43.44019484013754
-3.838714856774692 43.44022594631223
-3.838833879802389 43.44023395568655
-3.838839840266999 43.44037290901779
-3.838864985977075 43.44095889719484
-3.8388691161032233 43.441163338439154
-3.8388709464416864 43.44125394019307
-3.8388858476032137 43.442029918179585
-3.8388879525121897 43.442145616820426
-3.8388968372098393 43.44263397401498
-3.8388998174421447 43.44275094813297
-3.838832948479793 43.44275895750729
-3.8387798630918537 43.44278298563025
-3.838744845362265 43.44281595445013
-3.838727895291028 43.442855815057214
-3.838582981495178 43.44285898155404
-3.838114185532192 43.44286954319334
-3.83796290691114 43.44287295139297
-3.837794896314924 43.44287686294787
-3.836965470100281 43.44257129437947
-3.8369399421723176 43.44256188964609
-3.836925209291615 43.442582078007725
-3.836850907732194 43.442683892906096
-3.836344703722378 43.44337810523217
-3.8359052846989714 43.44398072808076
