9.129898467199515 48.82943502480706
9.12850910524841 48.82926035480725
9.128306823856535 48.82923492407579
9.128194878880564 48.82922095423686
9.127634967736192 48.829151850100274
9.127500857282447 48.82919189697188
9.127646888665414 48.82934090858715
9.127842838939491 48.82955883807448
9.127992602844843 48.82977044780309
9.12802686828435 48.82981886334312
9.128073993207678 48.829895976854026
9.12787189620447 48.829943846835434
9.127807821209904 48.829954836442056
9.127750824267062 48.829954836442056
9.127649868897718 48.829944964422545
9.12743569293475 48.82992097461493
9.126889909659846 48.82985984153732
9.126790816935692 48.82984996951781
9.126278962037242 48.82979390389757
9.126081894176048 48.82977099336172
9.126029145676688 48.82976964425264
9.125491994444102 48.82975590593567
9.125172923322909 48.82974584765165
9.124860930253435 48.82974398500645
9.124681930050595 48.82973988718703
9.124656005036018 48.82973889721034
9.124603885217098 48.82973690695473
9.124514850776974 48.82971995688349
9.124441835085491 48.829693879850815
9.124388935962072 48.82966687149555
9.124337899483844 48.82963297135308
9.123627678234616 48.82914509558987
9.123513865251404 48.82906691347957
9.123141895006787 48.82882588719187
9.122771973671885 48.82859883074311
9.122659842431393 48.82851892326442
9.122647047155183 48.82850545455262
9.122581983862414 48.82843696687602
9.122502821441802 48.82833582524216
9.12243390356974 48.828262995815194
9.122373926394594 48.82821195933697
9.122283960631876 48.82814583543269
9.12205895309282 48.82800092163684
9.121810848753396 48.82785582157647
9.121707429725468 48.82779786602607
9.121207910505111 48.82751793773885
9.121082927012807 48.82744790227967
9.12093782695244 48.82736799480099
9.120883996506423 48.827337819948895
9.120712819413384 48.82724394263127
9.120584885474448 48.82718455951768
9.120309929258598 48.82705693305411
9.12016482919823 48.82700682789848
9.119976888298472 48.82694889963304
9.119357931301549 48.82677492857221
9.119297946830342 48.82675800917321
9.118949825740229 48.82665981709942
9.117967362921569 48.8263693527015
9.117840993058108 48.82633199154583
9.117751958617983 48.826298836461426
9.117675962694197 48.826268847873855
9.117300825952755 48.8260838872064
9.117157961066615 48.82600491105031
9.1169899504704 48.82591084746817
9.116830880571102 48.82580095140191
9.11681995191496 48.8257910914151
9.116729925201756 48.82570986805208
9.116660821065176 48.82564299908972
9.116607921941757 48.82557594386285
9.116573835534762 48.82550087926166
9.116550924998917 48.82542395201528
9.116596319318612 48.82487122822123
9.116603824122336 48.82477984930828
9.116603824122336 48.8247459491658
9.11659898124484 48.824710931436215
9.11659097187052 48.824676845029224
9.116538817805177 48.824623945905806
9.11648088953974 48.82457793856959
9.116417932132288 48.82454087193029
9.116352925815129 48.824512932252425
9.1162238445034 48.82447381670342
9.115967917054174 48.8244248291349
9.115525911350382 48.82434883321111
9.11543687691026 48.82433393204958
9.115380459177048 48.82432187329745
9.115314873650258 48.82430785501691
9.115218947422928 48.82427991533905
9.115135873447416 48.82424787784177
9.11508390564659 48.824223849718805
9.11501293886482 48.824193861131235
9.114943834728235 48.824168901685674
9.114872867946463 48.824156980756456
9.114807861629304 48.82415884340165
9.114749933363868 48.82417393082769
9.114685858369302 48.82421192878959
9.114615822910126 48.82428587580366
9.11456795292872 48.82437193001148
9.114038248279272 48.82422751924421
9.113573859190357 48.824100915136206
9.11314284309319 48.8239358847723
9.112708700420791 48.82379045325337
9.112691896692482 48.82378482424732
9.112376923390707 48.82371292614295
9.111687930934606 48.82353299461752
9.111377085726112 48.82344267480084
9.111160988610113 48.823379885182824
9.11110194275756 48.82335697464698
9.110904874896368 48.82327986113608
9.110676887125006 48.8231688474827
9.110196489260796 48.8229210969772
9.109091694500334 48.82235133286963
9.108549932581557 48.8220719357298
9.108135567641307 48.8216670652399
9.107980894475748 48.82151593614033
9.107867831912662 48.821387972415714
9.10774582865266 48.82125497954909
9.107543917913972 48.82104599075867
9.107334929123557 48.820863824059
9.107302185056591 48.82083864100564
9.107134881030058 48.82070996956624
9.106566960511364 48.82041883812291
9.106452966625682 48.82036593899949
9.106412919754078 48.82039685890965
9.106359834366138 48.82041697547772
9.106293896726385 48.82042498485204
9.106204862286258 48.82040896610339
9.106132964181892 48.82047881529805
9.106113965200946 48.820496882956405
9.105669212146667 48.820809883591224
9.10552983966909 48.82090796875003
9.104634129338129 48.821520472684035
9.10457784171204 48.82155896324424
9.104266966229684 48.821785833428486
9.104223939125776 48.82185698647478
9.104070829691086 48.822347979747086
9.104058056545163 48.822389542107906
9.104034880638904 48.82246495386507
9.103982912838076 48.822620857267545
9.10392088675322 48.82270784279796
9.103834832545404 48.82280786684471
9.103704819911082 48.822904910659155
9.103599952986835 48.822956878459976
9.10337885700268 48.82304498157751
9.103133621280012 48.82314480628556
9.102887863730368 48.823244843406485
9.102659875959006 48.82334095589834
9.102312865159949 48.82352591656579
9.10193493445072 48.82374589496283
9.101884743475956 48.82377683333686
9.101530926708824 48.82399493062485
9.101373905719234 48.824078935922955
9.101105066952206 48.82424434744315
9.101095999056756 48.82424992675148
9.100933948925151 48.824141893330406
9.100804867613425 48.82404987865798
9.100594947500412 48.82390086704271
9.1005489401642 48.823868829545425
9.100465546176384 48.82381343126334
9.100417996207282 48.823781844015016
9.100398997226335 48.82377085440839
9.10028798357296 48.82370081894921
9.10019596890053 48.82365797810982
9.10012891367366 48.82362594061254
9.100033918768926 48.82359092288295
9.09997394159378 48.8235689436697
9.099838899817442 48.82353597484982
9.099778922642296 48.823520887423776
9.099593961974843 48.8234908988362
9.099371934668092 48.823476928997266
9.099269861711631 48.82347096853266
9.099159805949276 48.82346624270298
9.099013934262407 48.82345997892603
9.098602848468785 48.82344396017739
9.09815488230038 48.82344097994508
9.098094905125237 48.823438931035376
9.097893925709142 48.82342887275134
9.097642475136574 48.823415869899094
9.096636826469828 48.823363866434185
9.096183386490376 48.8233520117942
9.096180850927103 48.82335194550496
9.096001850724262 48.82334896527266
9.096000150411518 48.8233679343867
9.09598992979504 48.82348195813928
9.09591274957996 48.824305323945566
9.095902944264626 48.82440992797337
9.095854888018703 48.8251469766754
9.095841849502367 48.82528797891635
9.095839567153462 48.82530957564287
9.09582694834084 48.825428981157295
9.095764922255984 48.826164912272205
9.09576099521265 48.82621282220089
9.095723944061785 48.826664846241435
9.095706993990548 48.826807897392094
9.095696935706515 48.826863963012336
9.095678868048166 48.82700384766617
9.095648879460592 48.82721190513399
9.09562093978273 48.8273778668205
9.095587970962852 48.82752892734547
9.095531905342607 48.82769786926429
9.095468947935156 48.82789381953837
9.095399843798576 48.82804692897305
9.095298467711684 48.828232567247056
9.095240960163794 48.82833787415187
9.095177816491825 48.828444976250346
9.095128828923304 48.82852991287105
9.094741840061523 48.82913025067777
9.094714949161894 48.82917196666833
9.094538929191357 48.8294478244211
9.09441189678934 48.82968289024419
9.094341861330165 48.82984382278868
9.09426698299349 48.83010291673473
9.094263589672222 48.83013472080466
9.094247984012544 48.830280985614976
9.09424686642543 48.83042589941083
9.09424686642543 48.830534864154494
9.094261953851476 48.83067791530515
9.094324911258926 48.83094799885782
9.094365166639166 48.83106490171829
9.09442195507337 48.8312298170752
9.094476903106502 48.83141589532977
9.094677882522594 48.83196388554492
9.094697919774132 48.83201848977289
9.09498689535976 48.83280598743571
9.095011854805318 48.83286987616576
9.095022448914207 48.832904112969146
9.095105918387455 48.833173859860906
9.09515192572367 48.83338489756103
9.095163846652891 48.833581965422226
9.095140936117044 48.83377288655429
9.09513513119522 48.83379544282195
9.095101820568036 48.83392487840187
9.09503793183799 48.83408283071405
9.094967896378812 48.83421694116779
9.094881842170995 48.834345836215
9.09473785969774 48.83450695502401
9.094614398243737 48.834634638671254
9.094127843397732 48.83513783295015
9.093898924303776 48.835368987218345
9.093838435026951 48.83542887759144
9.09369198442307 48.83557387818934
9.093065483891598 48.836215242315866
9.093063900464712 48.836216863309225
9.092909859707428 48.83637295297622
9.092764945911576 48.83652997396581
9.092634933277257 48.8366899751877
9.092524850946475 48.8368548192871
9.09246897159075 48.83694795154664
9.092421547844202 48.83706269606904
9.0924099257382 48.83709081643278
9.092118700365392 48.83802058164845
9.0920878743847 48.83811899657813
9.09177293084954 48.8389390108517
9.091602841576996 48.83938187001754
9.09157788213144 48.83944091587009
9.091398881928598 48.83987081438014
9.091383422074808 48.83991110171099
9.09131096507559 48.84009991973862
9.091233851564688 48.84034187734891
9.091101976285174 48.84083082171151
9.091067467498936 48.84095160246335
9.091031940825998 48.84107594581863
9.090952964669905 48.84130393358999
9.090797992590025 48.84163790587272
9.090694866231283 48.84181474848048
9.090596826909412 48.84198286776206
9.090111451098297 48.842721458048615
9.089969860538169 48.84293691462882
9.08952660928671 48.84360482747349
9.089357981592968 48.843858923998305
9.089045988523498 48.84429087141806
9.088928868413497 48.84443188808076
9.088722819582882 48.84467997799843
9.08853599627024 48.84487499694992
9.08849892963094 48.8449109460021
9.088463911901352 48.84494782637688
9.088529849541109 48.8449958826228
9.088560955715796 48.845058840030255
9.088550897431766 48.84512086611511
9.088512899469873 48.84516799103845
9.08844398159781 48.845207851645526
9.088355878480282 48.845227968213585
9.08827690232419 48.84522591930388
9.088196994845502 48.84520282250351
9.088125841799211 48.84525385898174
9.087475964892118 48.84573796046685
9.087123248037043 48.84597776774145
9.086625853627009 48.84631593926957
9.085985044758742 48.846756343490654
9.085790829787944 48.84688982025288
9.085657836921316 48.84700884328057
9.085498953286535 48.847137924592296
9.085215831217525 48.84735399143444
9.085182862397644 48.84737895088
9.085072925761086 48.84746115951823
9.085035899692086 48.847488846946256
9.085017832033737 48.847503934372305
9.084364974894337 48.84797685998627
9.084153937194213 48.848193858151
9.084067769444308 48.84828732689275
9.083953889100712 48.84841085631574
9.083752909684618 48.848640892996805
9.083559939642845 48.84888694842652
9.083423966543911 48.84909593721694
9.083416584269578 48.84910823035486
9.083294885232185 48.84931088647196
9.083194861185437 48.84952192417209
9.083104895422718 48.84974190256913
9.083008061590668 48.85004003970795
9.083000959821067 48.85006190501292
9.082950854665432 48.850284863642266
9.08292291498757 48.850512851413626
9.082902984684027 48.85075890684334
9.082898886864609 48.850979816562976
9.082899068597431 48.8509950821204
9.082900935774315 48.85115192497861
9.082905964916332 48.85139388258891
9.0829329732716 48.85177199956265
9.082946943110532 48.851997938424304
9.08294973054241 48.85204397699698
9.082963893181768 48.85227789399649
9.082970971233491 48.8523618992946
9.082845987741187 48.852378849365834
9.08271094596485 48.85238089827554
9.082566963491596 48.852371957578626
9.08236188625608 48.85235687015258
9.081993827566366 48.85231998977781
9.081678802440797 48.852300430668315
9.081090817177836 48.852263924157555
9.080654958203173 48.85222685751826
9.080291928655472 48.85217991885945
9.08018473178402 48.85216279058479
9.080016815960784 48.852135960432946
9.079765917653576 48.852090884419326
9.07957089870209 48.85204785731542
9.079290943129903 48.85197595921105
9.078842715184573 48.85183841524763
9.078462997342564 48.851721894407014
9.078188815970467 48.85164589848323
9.077930839611534 48.85158089216607
9.077667834110583 48.85152389522323
9.07743798369403 48.85148794617104
9.077437790701534 48.851487919490786
9.077212976154977 48.85145683999636
9.076542982679822 48.851387922124296
9.076278859591756 48.85136482532393
9.076095947834014 48.85134191478808
9.075885841456484 48.85131099487791
9.075865787626588 48.8513074143423
9.07562190463294 48.851263869954586
9.075434895055777 48.851222891760386
9.075220877123346 48.85116999263696
9.07491186428618 48.85107890928713
9.07474292236737 48.85101986343458
9.074475819047 48.85091499651033
9.074428319980727 48.850896466990264
9.074185991455302 48.850801933947245
9.073919819457528 48.85069092029387
9.073734858790074 48.85061883592498
9.073489920947477 48.85054097735601
9.073177927878003 48.85045082532877
9.073172908503976 48.85044957048527
9.072949940106644 48.85039382838593
9.072576852274914 48.85033291988819
9.07222090077894 48.85028188340996
9.071985834955852 48.8502608355193
9.071730838829223 48.85024891459008
9.071691636756494 48.85024831694057
9.0709489003781 48.85023699366086
9.070849993918465 48.85023587607375
9.07010254098636 48.850229112561664
9.068521630956008 48.8502148073076
9.067057677911748 48.85020156036765
9.065472559700757 48.85018721703483
9.06510690000147 48.85018390827292
9.064851903874844 48.850180928040615
9.064589829696487 48.850169938433986
9.064344891853889 48.85014982186593
9.064125844779443 48.85012188218806
9.063953647908184 48.85009872120538
9.063902886150096 48.85009189360049
9.063617901435894 48.85003787688996
9.06335582725754 48.84997789971481
9.063075871685353 48.849877875668064
9.062614867000612 48.849713962891265
9.062488225123593 48.849666739784986
9.061490946892446 48.84929486772332
9.061242880968026 48.84923554120248
9.0608639805212 48.849144924785456
9.060751849280711 48.84912499448191
9.060544909400006 48.84909090807492
9.060364977874569 48.849066879951955
9.060041995198471 48.84903391113208
9.05988342876951 48.84902392943242
9.05983486905325 48.849020872615746
9.059668907366744 48.849014912151134
9.05947798623468 48.84901081433171
9.059038960763193 48.84900783409941
9.058613905130638 48.848998893402495
9.058471197848304 48.8489941806749
9.058252924492647 48.84898697247327
9.057871827286595 48.848954934975986
9.057104990239225 48.84885024810743
9.056003966689198 48.84869993884936
9.055702597731363 48.84866009152522
9.05511082832018 48.84858184714426
9.054279979026337 48.84848210842504
9.054269844016504 48.84848089177491
9.052847113246909 48.84830099473151
9.052158908221696 48.84821397471906
9.051814877654945 48.84817094761515
9.051557832618606 48.848139841440464
9.051415650660848 48.848123827262064
9.051380881325471 48.848119911136926
9.05112886543115 48.84809588301396
9.050850958768672 48.84807390380071
9.05057584607398 48.848057885052064
9.050262921681917 48.848049875677745
9.049998984858371 48.84804894435515
9.04999467250209 48.848048968787765
9.04947297385647 48.84805192458746
9.049027987920374 48.84805192458746
9.048788824277866 48.84804894435515
9.048551895809588 48.84803888607112
9.048522370056109 48.84803602810433
9.047993847310403 48.84798486936059
9.047438965308046 48.84792489218544
9.04701822037707 48.84787866141107
9.046565943507089 48.84782896595811
9.045683981009216 48.84772093253704
9.045459756787295 48.84769068209295
9.045030937605295 48.84763282941951
9.044488907854756 48.84754789279881
9.04408121351644 48.84747842022098
9.043948927013924 48.84745587812638
9.04270246373284 48.84721442911727
9.042095967578051 48.8470969463981
9.041595847344306 48.846999902583654
9.041336766538276 48.84695401176007
9.040963851831046 48.84688795760768
9.040321984298274 48.84679184511584
9.039930175723208 48.84674840735807
9.039817952509626 48.84673596576011
9.03931392072098 48.846691821069086
9.038771890970436 48.84666388139122
9.038495451139994 48.84665308743793
9.0382328414522 48.84664283350057
9.03786385143989 48.84663892194567
9.037819893013385 48.84663892194567
9.036908191636536 48.84663364945578
9.036273897504968 48.84662998124875
9.036106818231348 48.846628863661635
9.035967864900108 48.84662588342933
9.035829842891468 48.84662085428731
9.035692938469936 48.8466119135904
9.0355539851387 48.846598875074065
9.03549144932027 48.84658940351549
9.03535598595491 48.84656888648649
9.035157986771122 48.846524928059985
9.035004877336432 48.84647892072377
9.034838915649926 48.84641894354863
9.034641847788732 48.8463338206634
9.034445897514654 48.846233982881174
9.03428276211221 48.84614545134503
9.034194999207443 48.84609782351773
9.03393087611938 48.84594788057986
9.03388598637028 48.845925901366606
9.033852831285882 48.84594694925726
9.033814833323987 48.845963899328495
9.0337719924846 48.845974888935125
9.03372691647098 48.84597991807714
9.033680909134766 48.84597991807714
9.033635833121147 48.84597395761253
9.03361087367559 48.84596594823821
9.033606967633284 48.84597144363566
9.033583865320322 48.8460039462001
9.033555925642458 48.8460449243943
9.033464842292624 48.8462039942936
9.03343299105986 48.84627589239797
9.03340691402719 48.846348908089446
9.033386983723648 48.846508909311346
9.033387915046244 48.8466538231072
9.033420567618704 48.84692700364075
9.033451990040808 48.847189892393125
9.033480861041268 48.84761885958058
9.03346989779144 48.84785337034643
9.033468940112046 48.84787385570721
9.033436902614763 48.848423894832074
9.033429498608143 48.84877489494237
9.033425913008136 48.84894487669196
9.033378974349327 48.849369932324514
9.03331791000734 48.84981361077642
9.03331098779986 48.84986390582913
9.033236854521263 48.8502569239644
9.03321897312743 48.85042493456062
9.033228845146944 48.850565936801566
9.033271872250852 48.85073785895269
9.03330219645655 48.8508026200502
9.033374876529908 48.850957837349725
9.033810921769089 48.85164999630265
9.03385692583454 48.8517243758265
9.033901818854403 48.85179695900821
9.033951924010037 48.851936843662045
9.033972971900694 48.85203295615389
9.033966825171564 48.852123853239206
9.033944845958311 48.85221884814394
9.0338939957446 48.852304902351754
9.033819862466004 48.85237288890122
9.033721887328966 48.85245987443164
9.033426641163558 48.852649934616736
9.033342839032624 48.85270388095164
9.033160858597476 48.85283091335366
9.033107959474057 48.85286388217354
9.032862835366938 48.85302686362773
9.032383827056591 48.8533444400239
9.032322854526107 48.85338486403342
9.03173295479416 48.85369182796087
9.03119872323839 48.85391802973577
9.031118840674733 48.85395185322952
9.03095995703995 48.85403697611474
9.030781888159703 48.85416084201994
9.030588918117932 48.85433499934528
9.030436926270356 48.854506921496395
9.030280536435477 48.85470427164899
9.02979189224076 48.855320897444805
9.029525226200631 48.85567135775446
9.029037893467498 48.856311824686344
9.02889605508948 48.85649298865076
9.028521940749629 48.85697082855487
9.028263622497184 48.85729117941132
9.028096885117074 48.857497957143885
9.02800785067695 48.857657958365785
9.027963892250446 48.85782783160719
9.027953833966416 48.85798392127418
9.027979910999088 48.85819086115489
9.027987665662144 48.858208670343046
9.028077886136128 48.858415868693946
9.028151833150204 48.85860492718082
9.02820994768016 48.858733822228025
9.02837684068926 48.85907990170449
9.028403849044528 48.85913186950531
9.028420200598896 48.85915943498719
9.028968439621051 48.86008365738782
9.02925396030964 48.86056498871516
9.02937391465993 48.86079986827373
9.029423833551046 48.86090082364308
9.029443616861329 48.86093211489202
9.029480830493888 48.86099097567031
9.029560924237094 48.86115991758913
9.029818900596029 48.861743856856464
9.0298727859315 48.8618622243271
9.030230917712249 48.862648916154704
9.030282528952146 48.86275768602096
9.03046486594822 48.863141958336726
9.030593947259948 48.86338298462442
9.03074593910752 48.863646921447966
9.030768834550017 48.86369497203213
9.03084596315427 48.86385684156098
9.030858815406088 48.86392482811045
9.030862913225508 48.86411183768761
9.030830875728224 48.86413884604288
9.03078691730172 48.864174981359575
9.030700863093902 48.8641468554172
9.03063585677674 48.86413381690086
9.03057085045958 48.86412785643625
9.030075945632367 48.864132885578265
9.02950681474024 48.86413856077244
9.028562918943829 48.86414797300431
9.028340891637075 48.8641468554172
9.028086770296664 48.86414043357827
9.027824938919208 48.86413381690086
9.027183816444513 48.86409898543579
9.026939996189029 48.864075888635426
9.026782975199438 48.864061918796494
9.02671905069825 48.86404827848702
9.026679970920384 48.86403993958324
9.026547909376353 48.86400399053106
9.02652989648076 48.864022456011966
9.026510842737054 48.86404198849295
9.026428886348654 48.86408594691945
9.026305951766057 48.86410084808098
9.026061945246054 48.864128974023366
9.025403872700124 48.864207950179456
9.025247042982294 48.86422480760232
9.024826825219993 48.86426997626431
9.024238974397756 48.86432492429744
9.0239729886645 48.86436199093674
9.023822572826406 48.864384854144134
9.023716874950756 48.86440092022123
9.023237988872186 48.86447896505473
9.02245664480611 48.86460523767754
9.02239085783938 48.86461586947625
9.022165850300324 48.864652936115554
9.020936148209277 48.86485806499224
9.020882860292856 48.86486695404798
9.020807981956183 48.86487999256432
9.019597570462077 48.8650591037621
9.018530898210352 48.86521694507935
9.01820051453071 48.86526114894841
9.016747931658706 48.8654554980856
9.016542896998144 48.86548293081261
9.016384944685957 48.86550099847096
9.016211904947726 48.8655239090068
9.016013905763938 48.86554495689746
9.015905872342866 48.865553897594374
9.015818886812454 48.86555985805899
9.01532932657518 48.865588849039234
9.015041977503344 48.8656058653952
9.014074892120249 48.86565988210574
9.01399684728675 48.86566286233804
9.0139562493567 48.8656636698918
9.01379083872864 48.86566696015746
9.013586879080242 48.865665842570344
9.013180822428632 48.86565895078314
9.012521542548257 48.86564653406681
9.01163799341704 48.86562989351816
9.011477992195143 48.86562188414384
9.011353940025431 48.86561387476952
9.011235848320332 48.86560493407261
9.01116096998366 48.865594875788574
9.011138010210862 48.86559091360484
9.01058783405843 48.86549596932894
9.01000482611369 48.86538588699816
9.00978337484491 48.865343034833984
9.009436905594995 48.8652759909319
9.008325915040327 48.86504930105871
9.006884496099373 48.86475518957813
9.005990825727377 48.86457284237235
9.00576991600774 48.864532981765265
9.00554583979128 48.86449684644856
9.005443671197296 48.864485254076335
9.005325861394239 48.864471887003
9.005100853855183 48.864450839112344
9.004135817381796 48.86436795140135
9.004086087310679 48.86436446157179
9.004050880761092 48.86436199093674
9.0039758161599 48.864353981562424
9.003202818405692 48.86427984828382
9.002723401333853 48.86423417684616
9.001188926425328 48.864087995829166
9.001160730875284 48.864084985080645
9.000710971669353 48.86403695935093
9.000115856530872 48.863967855214355
8.999778327357799 48.863925185981074
8.999063834527071 48.86383486234773
8.99882783738139 48.86380990290217
8.998681992262945 48.863800962205254
8.998434819246116 48.86378792368892
8.998335009999247 48.86378785342051
8.997111968631565 48.86378699236632
8.996814354085476 48.86379440625181
8.996797926652386 48.863794815476126
8.995706975364095 48.86379593306324
8.994693248629307 48.86380749853142
8.994302913419222 48.86381195181187
8.993669986583367 48.863822941418505
8.993421882243943 48.8638268529734
8.99280497415673 48.86385088109637
8.992248974567257 48.86389595710999
8.992138538801097 48.86390694444431
8.99122489224132 48.863997843801926
8.990772344399039 48.86404514514872
8.99060295501209 48.86406285011909
8.989981949105456 48.864128974023366
8.989737942585451 48.86416194284324
8.989607929951129 48.8641869022888
8.98961798823516 48.86421987110868
8.98961798823516 48.864253
8.98961798823516 48.86425395751567
8.989611142737225 48.86427702937908
8.989607929951129 48.86428785765815
8.989600118684434 48.86430041408685
8.989587999647588 48.864319895155425
8.989584815429245 48.86432305828623
8.989559873705206 48.86434783483329
8.989522993330427 48.864371862956254
8.989479966226517 48.8643908619372
8.989431909980594 48.86440483177613
8.989380873502363 48.86441097850526
8.989328905701539 48.86441097850526
8.989277869223308 48.86440483177613
8.989228881654789 48.864391979524314
8.989191815015491 48.86437484318856
8.989157914873017 48.86440390045354
8.989064968877992 48.86445791716407
8.98890683030129 48.8645499318365
8.988799914467332 48.86459798808242
8.988688900813957 48.86463598604432
8.988606944425559 48.86465684767045
8.988285627491665 48.86471628462837
8.986844676589357 48.86498283061184
8.985692836024452 48.86519589718869
8.985675885953215 48.86519999500811
8.985392601937228 48.86524671876154
8.98390273387084 48.86549245175123
8.983038939156508 48.86563492266018
8.98284690043733 48.86566397992515
8.982669949144197 48.8656829789061
8.98252616716519 48.86569381834576
8.982417933249874 48.86570197788705
8.982169828910452 48.86570588944195
8.9811657020883 48.865698220382725
8.980730935500508 48.865694899835326
8.980296939171037 48.86569396851273
8.980191885982272 48.865694899835326
8.979719645246085 48.86569633059688
8.978217726114465 48.86570088100516
8.977240897206386 48.86570384053224
8.976863897819754 48.86569583115792
8.976747148846668 48.86569325469854
8.976002983212538 48.86567683217697
8.975527822424349 48.86569899765475
8.97525162827655 48.86574005724064
8.975151940624832 48.86575487701047
8.974747932882932 48.86585192082491
8.97389104996466 48.8660960033745
8.973455815914031 48.866219979514625
8.973151832218882 48.866312925509654
8.972911923518298 48.86641499846611
8.972705914960189 48.86651688515805
8.97255485443521 48.866614860295094
8.9725358378213 48.86662915693669
8.971958994238651 48.867062826463496
8.971751868093428 48.86721388698847
8.971611983439594 48.86728783400255
8.971589573030357 48.86729636233356
8.971456825095196 48.8673468798551
8.971292912318399 48.867388975636416
8.971018917210824 48.86743889452753
8.970738961638636 48.8674659028828
8.970369971626326 48.86749589147037
8.970220416867194 48.86750238400408
8.970000981614016 48.867511910219015
8.969303979783595 48.8675508395035
8.969046934747254 48.86756499560695
8.96876619488135 48.86759880445968
8.968715942696837 48.86760485621404
8.968487954925477 48.86765887292457
8.968298896438604 48.867736917758066
8.968190863017533 48.86779987516552
8.968086927415884 48.867870841947294
8.967943876265226 48.867983904510375
8.967845901128186 48.86811987760931
8.967764876062382 48.86826590899227
8.967715888493863 48.86851997379631
8.967710859351849 48.86854698215158
8.967704898887238 48.86857697073915
8.967568747040177 48.869279637386015
8.967564827968884 48.86929986333772
8.96742699222476 48.86963886476246
8.967377818391721 48.869759936699865
8.967131588681129 48.87030754767169
8.967001936592204 48.87059589186153
8.966890922938829 48.87082387963289
8.966695788961207 48.87123869535931
8.966628848760475 48.87138099680948
8.96643997653812 48.871785935873966
8.966353922330303 48.871917997418
8.966259791423907 48.87208807667964
8.966244957586637 48.872114879014674
8.965980834498573 48.8724479199748
8.965783952901898 48.872603823377275
8.965634941286629 48.87269695563682
8.965482949439055 48.87279083295444
8.96547195983243 48.87279791100617
8.965456021016776 48.87280768321872
8.965383856714901 48.8728519277167
8.965172819014777 48.872978960118715
8.964871815551932 48.873160940553866
8.964801966357275 48.87321383967728
8.964751861201641 48.87326096460061
8.964707902775137 48.87331181481432
8.964650905832295 48.87338799700263
8.964596889121761 48.87347498253305
8.964565969211593 48.87354594931482
8.96456522225328 48.873547875895824
8.9645318828046 48.87363386616783
8.964452906648507 48.87384695277766
8.96442999611266 48.87391195909482
8.964410997131713 48.87397286759256
8.964391998150766 48.87404495196145
8.964371881582705 48.8741118209238
8.964349902369452 48.87417589591837
8.964318982459284 48.87424295114524
8.964194713784439 48.874439797534656
8.964164941702 48.87448695766524
8.964083916636197 48.87462795990619
8.96406081983583 48.87467694747471
8.964032880157967 48.87474996316619
8.964008852035006 48.8748378800192
8.963986872821753 48.87492393422702
8.963943845717845 48.875067916700274
8.963917954949691 48.87513795215945
8.963812798864014 48.87533873676599
8.963806941296316 48.87534992118217
8.963545984705075 48.87578391751164
8.963514878530388 48.87584091445448
8.963500908691456 48.875894931165014
8.96348991908483 48.87598787716004
8.963493830639731 48.876054932386914
8.963501840014052 48.87610187104572
8.963517858762692 48.876147878381936
8.963543935795366 48.87620692423449
8.963575973292649 48.876263921177326
8.963600503213051 48.87629741966427
8.963652900539032 48.87636897436609
8.963972902982821 48.87675286553993
8.964098817797725 48.876947884491415
8.964206851218794 48.877117943997334
8.964209608340985 48.87712258688706
8.964285827374887 48.877250936863966
8.964454955558217 48.87750295275829
8.964523873430279 48.877605957037346
8.964568949443898 48.8776679831222
8.964615888102708 48.877729822942534
8.964655934974312 48.87777992809817
8.96469691316851 48.87782481784727
8.964766948627688 48.87789299066126
8.964814257577725 48.87793049464756
8.964838846732054 48.8779499876041
8.964881873835964 48.87798593665628
8.964932910314193 48.87802598352789
8.964985995702133 48.878065844134966
8.96520485651206 48.87823199208599
8.965237825331938 48.87826291199616
8.965256824312885 48.87828992035143
8.96526986282922 48.87833294745534
8.96527396064864 48.878379886114146
8.96526781391951 48.878421981895464
8.965260922132304 48.87845886227024
8.965211934563785 48.878585894672256
8.965154937620945 48.87871981886149
8.965124123669561 48.8787925763316
8.965085833484363 48.8788829865802
8.965077824110042 48.87889993665144
8.965033865683537 48.878997911788474
8.964881873835964 48.87935684351675
8.964748713751353 48.87969611225407
8.964731930898099 48.8797388720454
8.964897045239612 48.879765999498666
8.96516387831786 48.87980983882717
8.965341947198107 48.87983293562754
8.96553696614959 48.87983088671783
8.965717828997622 48.87982697516293
8.965871869754908 48.87982492625322
8.966218880553965 48.8798198971112
8.96622390969598 48.87983684718244
8.966236948212316 48.87985994398281
8.966251333894748 48.87987512008735
8.966253898283554 48.87987782537664
8.966258889363191 48.87988185389092
8.966279975316226 48.8798988732673
8.966287984690547 48.87990390240931
8.96630381717467 48.87991191178364
8.966336972259066 48.87992699920968
8.966366960846639 48.87993687122919
8.96657688095965 48.87997784942339
8.966667964309483 48.88000187754635
8.966752900930187 48.88002385675961
8.966823867711959 48.88004881620516
8.966885893796814 48.88007191300553
8.96705185548332 48.8801458600196
8.96726792232546 48.8802648830473
8.967493861187112 48.88041296333998
8.967512560244982 48.8804228582581
8.967627971640855 48.88048393012175
8.967687948816 48.8805098208899
8.967743828171725 48.880522859406234
8.968493915390088 48.880551916671216
8.968527029690373 48.8805528522857
8.968624849129535 48.88055561608513
8.968702640207553 48.880557814001406
8.968776438655404 48.880559899109535
8.968863017520432 48.880562345316754
8.968964699169177 48.88056521823941
8.96907948728656 48.88056846147344
