37.81875237317688 55.7070500146701
37.81873476268624 55.70704225967297
37.81870777518887 55.707030375395064
37.818705292058866 55.70702928191808
37.81869532962657 55.70702489483793
37.81869432646356 55.70702445308271
37.81866327751717 55.70701078029554
37.81863846510184 55.70699985384189
37.818620721660295 55.706992040298175
37.818606422813815 55.706985743624465
37.8185886396386 55.70697791258354
37.81856330675708 55.70696675693617
37.81854985993839 55.70696083546342
37.818547478512954 55.706949391941514
37.81854566632297 55.70694068378064
37.818541583348 55.70692106376115
37.81853553714823 55.70689200980949
37.818531392717 55.70687209447275
37.81852780988126 55.70685487778453
37.818524936728295 55.706841071352315
37.81852291399522 55.7068313514636
37.81852108189321 55.70682254761899
37.81851834730157 55.70680940701892
37.81851499686893 55.70679330710299
37.818513698695696 55.706787068959414
37.818511768488705 55.70677779368854
37.81850811598643 55.70676024223002
37.81850357455591 55.70673841918286
37.81850326822307 55.706736947154155
37.8184985393368 55.70671422332133
37.81849304489041 55.70668782072366
37.81848944105475 55.70667050312404
37.81848510862383 55.70664968438779
37.81848401069599 55.706644408488245
37.81847856677584 55.706618248685615
37.81847631427104 55.70660742466922
37.81847505360663 55.7066013667677
37.81847221424322 55.70658772270525
37.81847191031395 55.70658626222653
37.818471007824336 55.706581925471056
37.81846854817957 55.7065701060799
37.81846794589994 55.706567211930874
37.81846749465512 55.70656504355315
37.81846724869065 55.70656386161403
37.81846683812998 55.706561888736786
37.81846612735931 55.706558473253104
37.81843791496242 55.7064229035323
37.81846612735931 55.706558473253104
37.81846683812998 55.706561888736786
37.81846724869065 55.70656386161403
37.81846749465512 55.70656504355315
37.81846794589994 55.706567211930874
37.81846854817957 55.7065701060799
37.818471007824336 55.706581925471056
37.81847191031395 55.70658626222653
37.81847221424322 55.70658772270525
37.81847505360663 55.7066013667677
37.81847631427104 55.70660742466922
37.81847856677584 55.706618248685615
37.81848401069599 55.706644408488245
37.81848510862383 55.70664968438779
37.81848944105475 55.70667050312404
37.81849304489041 55.70668782072366
37.8184985393368 55.70671422332133
37.81850326822307 55.706736947154155
37.81850357455591 55.70673841918286
37.81850811598643 55.70676024223002
37.818511768488705 55.70677779368854
37.818513698695696 55.706787068959414
37.81851499686893 55.70679330710299
37.81851834730157 55.70680940701892
37.81852108189321 55.70682254761899
37.81852291399522 55.7068313514636
37.818524936728295 55.706841071352315
37.81852780988126 55.70685487778453
37.818531392717 55.70687209447275
37.81853553714823 55.70689200980949
37.818541583348 55.70692106376115
37.81854566632297 55.70694068378064
37.818547478512954 55.706949391941514
37.81854985993839 55.70696083546342
37.81855468624105 55.706983891175085
37.81855805753632 55.70699999617663
37.81856069969421 55.70701261801881
37.818563452275264 55.707025767363056
37.81856703069728 55.707042861828974
37.81857095277537 55.70706159797295
37.818576621905954 55.70708867995466
37.81858285553894 55.70711845861857
37.818600690381686 55.70720365737659
37.81860633540564 55.70723062419856
37.81861714060262 55.70728224166304
37.8186304912539 55.70734601900741
37.81863925928762 55.70738790474725
37.81864094328823 55.70739594938001
37.81859072457092 55.707422854684694
37.81853925171681 55.707450431908825
37.81849693892221 55.707473101516726
37.818455971131336 55.70749505052209
37.81841953461327 55.707514571841486
37.81838949951626 55.70753066351965
37.8183666856995 55.70754288630676
37.81836489927094 55.70754384340816
37.818167831409745 55.70767385604248
37.8181819875132 55.707754881108286
37.81827412608903 55.708006357070886
37.818305853418394 55.70809295121043
37.81842394512349 55.70852582995279
37.8185359769091 55.7089377429989
37.81854091924148 55.708955914727355
37.81884723136772 55.70989944450188
37.81895386768029 55.7102279151282
37.81903992188811 55.71046186336417
37.81909095836634 55.7105909446759
37.819136965702555 55.7107129479359
37.81917604725852 55.710795124829254
37.81920588357462 55.710857861731746
37.81927685035639 55.711000912882405
37.81934390558326 55.711135954658744
37.819385815100055 55.71122294018916
37.81956515877614 55.71117969356133
37.81975890293179 55.71113297442644
37.820765665108496 55.71088815938861
37.82230096230867 55.71051482013249
37.822949986672775 55.71035699643993
37.82379566969145 55.71014715228844
37.825222972599185 55.709792987476135
37.8253609137853 55.709771905555726
37.82592984644912 55.709684954055064
37.826683845222384 55.7095789695437
37.826963086725705 55.70951159489358
37.82699881852415 55.70950297361991
37.82850171134999 55.70917435478679
37.829390827478264 55.70897994285032
37.8296029827655 55.70893281792699
37.82999338465678 55.70884807851982
37.83015991367757 55.70881193225411
37.83116685966775 55.70859698299907
37.831598017139214 55.70851036575999
37.83208290857262 55.70841295365422
37.83283094688127 55.70826189312924
37.83323712393639 55.708191248952105
37.83423389123903 55.70801788660924
37.835347884294954 55.70783567343684
37.83600694319621 55.70772787275302
37.83689720657637 55.70754681465924
37.836911816229936 55.70754384340816
37.83767792219694 55.70734081508236
37.83838631136224 55.70711712282024
37.83840286370522 55.707111895988405
37.8396508359831 55.70664697974876
37.83978744256168 55.70659330908895
37.84084982069246 55.70617591677999
37.8411783017901 55.70604687788061
37.84145294520526 55.705938988311715
37.841907989425394 55.70576389966377
37.84257060209752 55.70550774588318
37.842665899753555 55.705470905575254
37.8437378520609 55.70505385931702
37.84390103053954 55.704988928849254
37.843933988599495 55.70497581448352
37.84479099165181 55.70463588173619
37.84502698879749 55.70453585768944
37.84519764686335 55.70446324414334
37.84620194538389 55.70403592372021
37.84644390299418 55.70392882162174
37.84665517497155 55.70383257646934
37.84805660914342 55.70319415178509
37.84824582595183 55.70310795388612
37.84895288606628 55.70276690355168
37.84937809250878 55.702574312114194
37.85007885508416 55.70225691129841
37.85070094171153 55.701953648296005
37.85076393598536 55.701922939015695
37.85133390541376 55.70159287828787
37.85192928521126 55.70127839723511
37.85239393679188 55.7010329671435
37.85302891253745 55.70066099689888
37.85309089127714 55.70062652003502
37.85369592578029 55.700289957976864
37.85395092190692 55.70014988705851
37.85431431779095 55.69995177652871
37.85556516205807 55.69926986065859
37.8556438801209 55.69922694636644
37.856731593926135 55.69863195407937
37.85711183079582 55.698423960024655
37.857963161307595 55.697961939667515
37.85797982345476 55.697952897055885
37.85838494878378 55.69772788951683
37.85898881835465 55.69737789848546
37.859134638561805 55.697283915446235
37.85971189721775 55.69691186465871
37.86017678606936 55.6965928266192
37.860221889471006 55.696561873627346
37.860707853601305 55.69623199916404
37.861304650742234 55.695839544848205
37.86174199421127 55.69555194740486
37.86226092716144 55.69518686894745
37.8624195724173 55.695081186302495
37.862991829134344 55.69469997349456
37.86344949531148 55.69438779432556
37.86359886520204 55.69428590746863
37.8641898825211 55.69387985081702
37.86438899929201 55.69374387771809
37.864487047330826 55.6936804796658
37.864580851746666 55.693619825548375
37.865572157238326 55.69294807371137
37.865598973607995 55.69292990176968
37.86585788128952 55.69274699001194
37.86671283543213 55.6921678936221
37.86672466483889 55.69215986159299
37.86776597502305 55.69145282413333
37.86790946063412 55.6913556485334
37.86865184907582 55.690852866117346
37.86874982421286 55.690785997155
37.86893034352895 55.69066229535521
37.86914395993524 55.69051591360232
37.86960794485229 55.690198891390835
37.869984569219454 55.689943381591554
37.87071193465692 55.68944992175959
37.871117336878584 55.68917723901653
37.87161885660035 55.68883990545958
37.87230730929934 55.68841204538805
37.872511994969365 55.688284837192704
37.872969833157285 55.68802592951117
37.873538871263094 55.687731817835534
37.87355268881536 55.687725179746835
37.87415689693742 55.68743491219211
37.87487252886534 55.687129055473704
37.87521897722525 55.686980985559096
37.876181600491385 55.68659451034339
37.876551886123835 55.68644584759576
37.87709298455178 55.68622698678583
37.877544341715286 55.68604382232483
37.87893567797243 55.68547920659205
37.87902994928576 55.68544095051529
37.880354806397094 55.68490376727718
37.881224890378675 55.684550978643095
37.88165718712279 55.684375687157214
37.88237190728721 55.68408587613894
37.88260883575549 55.68399293014392
37.88302663979283 55.6838291668501
37.88303985185265 55.6838239882251
37.88357797004829 55.68360699006037
37.88398588934509 55.68344084210934
37.88433803631398 55.68329002694948
37.88434295842818 55.68328791893917
37.88467283289148 55.68313387818189
37.885022823922846 55.68295394665645
37.88552897775551 55.68267460472552
37.88559894008038 55.68263599312237
37.886659823721494 55.68202582387755
37.88676383838275 55.68196599964722
37.8870629792004 55.681790910999275
37.88725296900987 55.68167393688129
37.88753087567235 55.68150182846565
37.88775771599069 55.6813723171706
37.88790899264609 55.68128594788803
37.88806191581626 55.68119598212531
37.88849796105544 55.68094098599868
37.88860282797969 55.68087597968152
37.88886332653112 55.68071532249361
37.88899696370208 55.68063290448411
37.889486839387274 55.68035388023452
37.88965596757061 55.68025795400719
37.88994598142682 55.68010782480481
37.89001265889207 55.68007766763652
37.89031292252942 55.6799418631183
37.890615974901976 55.6798189285357
37.89132946575829 55.679563460040974
37.89270331248504 55.67907154826361
37.893330966532176 55.67884681401059
37.89345483243737 55.6788049044938
37.89412837179156 55.67855878370985
37.89539794390048 55.67809486414704
37.89561516366592 55.678017446827496
37.896724892334454 55.67762193853308
37.89708840348462 55.67748937854933
37.89726785340759 55.67742393934929
37.89799093227068 55.6771488266546
37.89849100719124 55.6769626474367
37.898672846675055 55.67689494811509
37.89920593572868 55.6766628625243
37.89980181803594 55.67636832040893
37.9001039169752 55.67621899417532
37.90104672816292 55.67578521918464
37.90109093266184 55.67576488127779
37.90186299909345 55.67534783501956
37.90219535794054 55.6751176549447
37.90280996790849 55.674691997647855
37.902952832794625 55.67458787578168
37.90305397442849 55.67449586110926
37.90317085375815 55.67439658136978
37.90324694447026 55.67433194833246
37.90348294161595 55.67413283156156
37.90366585337369 55.67396891878476
37.90384783380883 55.673775948742986
37.90395493590731 55.67364295587636
37.90397620272697 55.673615354521054
37.90427698726081 55.67322497829553
37.904512984406495 55.67289789780001
37.904589350193376 55.67277899446425
37.90478083278494 55.67248085154178
37.905016829930624 55.672056913496334
37.90509314367323 55.671925210747
37.905166959133005 55.671797819550285
37.90529585418022 55.67157299827575
37.90560784724968 55.671064868667685
37.90542586681454 55.67102687070579
37.90470297421596 55.670878976677635
37.90458693142057 55.67104698727385
37.90437792815579 55.67100591996568
37.9039499067653 55.670921817517026
37.903921385215966 55.67091623627188
37.90388032964522 55.670908202304226
37.903830280469336 55.67089840842113
37.903777278577216 55.67088803673516
37.903726199310825 55.67087804127859
37.90368658544701 55.67087028943165
37.90365260085568 55.67086363915003
37.90361992041598 55.67085724407158
37.90358483748121 55.6708503788604
37.90354570348675 55.67084272091679
37.90351343466348 55.67083640638558
37.90348205837544 55.670830266510315
37.9034584397938 55.6708256447034
37.903434958767455 55.67082104981401
37.90341937300281 55.67081799991051
37.90340756318727 55.67081568890437
37.90339520420002 55.67081327043345
37.90338106014231 55.67081050265066
37.90337323208408 55.6708089708155
37.90336574529045 55.67080750576078
37.9033565437782 55.670805705160994
37.90333691023298 55.67080186316673
37.90329839329362 55.67086334560515
37.903297294270125 55.67086509991495
37.90329581557049 55.67086746028057
37.90329387134972 55.67087056373157
37.90329278760624 55.67087229365074
37.90329187436593 55.67087375140522
37.90329088165966 55.670875336006766
37.903286842643254 55.67088178326301
37.903284994107985 55.670884733976585
37.90328381893169 55.67088660984484
37.903282577047506 55.67088859219519
37.90327921752182 55.67089395481834
37.90327752618773 55.67089665460046
37.9032724965914 55.67090468306409
37.90327065403957 55.67090762422665
37.90326398335019 55.6709182722754
37.903256418557625 55.67093034753114
37.90324807275372 55.67094366947166
37.90324028390376 55.6709561023777
37.90323227312276 55.67096888953986
37.90322192143408 55.67098541336217
37.90320933980324 55.671005496716546
37.90319598141376 55.671026819967366
37.90318295804718 55.671047608439835
