4.753806617950185 50.82764560506759
4.753836740243553 50.82761851453012
4.754080915914795 50.827398914711154
4.7541699503549175 50.82728082300605
4.754274817279163 50.82714894772654
4.754366831951592 50.82703495384086
4.75440781945617 50.82698336611958
4.7544748653726625 50.82689898074192
4.753835978072196 50.82677287966251
4.753651948727338 50.82677287966251
4.7534308527431826 50.82679895669518
4.752711871699509 50.82692692041979
4.752678414926589 50.82693207265366
4.752140970948509 50.8270148372728
4.751292445547954 50.8270305887532
4.751217843991917 50.827031973608555
4.749935606076396 50.826784607067694
4.749397853375923 50.826680864990074
4.748803855824557 50.82643182932806
4.748708121106613 50.82639216522646
4.748704949364922 50.82639085113386
4.74857698564031 50.82642884909575
4.748506740644455 50.82644901128693
4.747907923487751 50.826620887814926
4.747760960782192 50.82668198257719
4.747580842992235 50.82678982973374
4.7473613678346505 50.827002287493784
4.747242959154613 50.82711691022926
4.74700491309922 50.82728287191576
4.746702978313781 50.8274588918863
4.746102767293757 50.82751742154726
4.745810957531876 50.82754587741671
4.745559872960148 50.82756990553968
4.744705495424112 50.82770206336208
4.744686851159189 50.827704947316015
4.743676924936703 50.827861968305605
4.7432967723773585 50.82788585534319
4.741878180609672 50.827974993122325
4.7417678998805854 50.827981922655894
4.740442395481141 50.8280649854766
4.7390175816679925 50.82815427152829
4.737888941270611 50.828224997853305
4.737584535472229 50.8282296957194
4.7371768520141435 50.82823598745993
4.7368579671574675 50.82826895627981
4.736311839587506 50.82834290329388
4.7361745673205125 50.8283591651229
4.735855864044782 50.828396920004415
4.735325941487981 50.82844888780525
4.735027918257443 50.82845596585697
4.73475359193069 50.82846971278387
4.734109820442867 50.828501973193184
4.733324434165648 50.82848010949572
4.732309946394934 50.82845186803755
4.732038931519663 50.82842783991459
4.731944867937525 50.82831589493862
4.731900671815916 50.82828505753173
4.7318129926580115 50.82822388026619
4.731560976763688 50.82804990920536
4.7314389735036855 50.82794187578429
4.7313909172577615 50.827899966267495
4.731153988789484 50.827693957709386
4.731085815975498 50.82763286294713
4.73110522614559 50.82752949250641
4.7311098440984605 50.82750489922251
4.731125862847102 50.8273808470528
4.731302814140234 50.82678684950144
4.731337417943013 50.82663694638818
4.7314408361488764 50.82618894039517
4.731551849802252 50.8259609526238
4.731700861417521 50.82577394304664
4.731714763053632 50.82575744092965
4.731913948027357 50.82552099582973
4.732323426412117 50.82494124752838
4.732464918474814 50.82474092002379
4.732709856317412 50.82449486459408
4.732959823302027 50.8242618476807
4.732465770770593 50.824028811539904
4.731315632463428 50.82348631094445
4.730877944772198 50.82327986113608
4.731295343594443 50.82257777749136
4.731800339713105 50.821728351243216
4.73195995536357 50.82145987052008
4.732299206861553 50.82088008414853
4.732368992247484 50.82076081977995
4.732392834105927 50.82072095917287
4.732801284906527 50.82000924421952
4.733184830841083 50.81934092535096
4.733291676028021 50.8191546493756
4.733781646940082 50.81830042456532
4.733941996111169 50.81802086870419
4.734293700735076 50.81742899384325
4.73479621030559 50.81658333313266
4.735336341935042 50.81567435920584
4.73577688788869 50.81493297550677
4.735831850883719 50.814840092618695
4.7358392630961985 50.814827566596385
4.736366313808971 50.8139368947482
4.736537964713677 50.813646819002486
4.736862646033195 50.81308547888005
4.737352097817982 50.8122392678162
4.737843350774065 50.81138994271512
4.737883912128596 50.81131981636553
4.738208943714401 50.81068297797478
4.7374128948200305 50.81040852709896
4.736215913360176 50.80999584816387
4.736191115850351 50.8099942342396
4.734787823292341 50.80990290216885
4.734774892938327 50.80990205958938
4.734341906033648 50.80987384490387
4.734247842451509 50.81024581514848
4.734083929674713 50.8106138738382
4.734071867231406 50.810641006236416
4.733683352843604 50.81151490274434
4.733667814739074 50.81154985304661
4.733509862426889 50.811964850395135
4.733322852849726 50.8121958183988
4.733125555213829 50.8123774901993
4.733108834917296 50.81239288625999
4.732832977164529 50.81265291152864
4.7322248235097115 50.81305487036082
4.732180761188603 50.81308449515874
4.73137098695422 50.81362893760865
4.731225170558148 50.8137160459499
4.7304739370302995 50.81416482063006
4.730283877324366 50.81445016026752
4.730190814961288 50.814589876262616
4.7305262451340075 50.814608705978976
4.731941276725813 50.81468814022694
4.73306096493589 50.81475099507163
4.7333711152598745 50.814771776696105
4.734796713134283 50.81486729889097
4.73577688788869 50.81493297550677
4.735786798093005 50.814933535140945
4.736256305444501 50.81496004845485
4.737696313771896 50.815041366442095
4.73911554682221 50.81512151123909
4.740537015546511 50.81520178228571
4.740628892346372 50.81520697061435
4.741172971006624 50.81493595573908
4.741396860958566 50.81476794514286
4.74167116062009 50.81473443590517
4.741675885208157 50.81473385873587
4.741725528157836 50.81474876478285
4.742518918421542 50.81498699221731
4.743018814954827 50.815138601884655
4.743863934513866 50.81539491151411
4.74429858317266 50.81553719087109
4.744630971803463 50.815645996085834
4.74545960887682 50.816044506633325
4.746285932055546 50.81644190437589
4.7466018366799165 50.81612786239671
4.747068803891503 50.81555561708806
4.747665965877458 50.81482382449859
4.747675438346801 50.81481112101704
4.747961940198286 50.81442689480841
4.748111883136151 50.814194995482154
4.749010981969781 50.81442782613101
4.749403068192624 50.81452012884455
4.75072588633232 50.81483153918417
4.75083395281808 50.814856979582984
4.751425901459736 50.81480594310476
4.7515669037006845 50.814740936787594
4.751688906960687 50.81470983061291
4.752159472967967 50.81478944595827
4.752758996622838 50.81489087972546
4.753064842963178 50.81487486097682
4.753286870269929 50.81478899303352
4.7535476052064425 50.814662824413595
4.754003988668412 50.81444198223446
4.754184851516444 50.81442987504072
4.754493864353609 50.81448798957068
4.755090168200796 50.81467791917392
4.755469890433622 50.814798865053035
4.7556619291528 50.815364922926534
4.755696946882388 50.815468858528185
4.755766420284623 50.81558173177976
4.755773874128771 50.81559384202049
4.755876878407825 50.81570690458358
4.756522843760018 50.816249865656715
4.756589327683518 50.81630567691833
4.75744624281392 50.817025031493216
4.757731886753407 50.81726482102122
4.757942924453532 50.81746188888241
4.758100876765718 50.81766789744052
4.758177354313326 50.81780076988202
4.75822288002572 50.81787986646325
4.758297944626912 50.81809593330538
4.7583368739114 50.81836191903864
4.758320855162759 50.81861784648786
4.75830849213238 50.81870866849132
4.7581849182117475 50.81961647432076
4.758062838000933 50.82051330697338
4.757974961950815 50.821158867057235
4.757937642689423 50.82141725293417
4.757808264905359 50.822313020721175
4.757676915179869 50.82322244156014
4.757630931384063 50.82354081772731
4.757540965621344 50.8240539764774
4.757504933493053 50.82411406992724
4.757428834380854 50.82424098605456
4.757251883087722 50.824466924916216
4.756960937908909 50.82476792837906
4.756825186305055 50.82490795599397
4.7564228197132685 50.82532299664594
4.756164843354333 50.82559997198582
4.75613299212157 50.825678948141906
4.756131952448937 50.825705610272955
4.7561188360181195 50.826041977689606
4.756110826643798 50.826238859286285
4.7561084224434715 50.82660704539346
4.756106915088898 50.826837885979664
4.756158882889722 50.82732198746477
4.755754875147824 50.827188994598146
4.755379924670903 50.82709697992571
4.7552489807139855 50.82720594466938
4.755159482569645 50.827269416341856
4.75508693058238 50.82732086987765
4.754900577776655 50.82728141950158
4.754274817279163 50.82714894772654
4.7541699503549175 50.82728082300605
