11.96686460808213 56.00596972419647
11.966459250126086 56.006142889175464
11.965632013771938 56.00649627650574
11.965378934052834 56.00660438970197
11.965358897269343 56.00661294922113
11.965357712642298 56.00661554868614
11.965312889933127 56.00671390459047
11.965111116142118 56.007391049917345
11.965068885740996 56.0075327735705
11.964844722419974 56.00828505732612
11.964791210287336 56.00846464205001
11.96469281534909 56.0087948517977
11.964754147749362 56.00879971227174
11.966143524913528 56.00890981772338
11.966208822269936 56.008914992412514
11.96626693679989 56.00891983529001
11.966267855910573 56.00891715164581
11.96627226288845 56.00890428403276
11.96657860803488 56.00800980919902
11.966826847944263 56.00728499160599
11.96657860803488 56.00800980919902
11.96627226288845 56.00890428403276
11.966267855910573 56.00891715164581
11.96626693679989 56.00891983529001
11.9663296464448 56.008926573143825
11.967542848755633 56.00905692597606
11.96794736211491 56.0090959870042
11.968111886861442 56.009111874009186
11.96883198549223 56.00916291048742
11.969099833870676 56.00902488847878
11.96950771881242 56.00885057043302
11.969808942894838 56.008721836106226
11.969971924349036 56.00869594533807
11.969825892966076 56.00848788787025
11.96956381878772 56.00811088848362
11.969280882983227 56.00767596083155
11.969013965927376 56.00727493332196
11.96896437859716 56.007196215174744
11.968814849156471 56.00695884243307
11.968701972857907 56.00678487137224
11.969188214907772 56.00692263543322
11.970371834271516 56.00725798325072
11.97052379271242 56.00729908618997
11.971180967342429 56.00747684406065
11.97052379271242 56.00729908618997
11.970371834271516 56.00725798325072
11.969188214907772 56.00692263543322
11.968701972857907 56.00678487137224
11.968814849156471 56.00695884243307
11.96896437859716 56.007196215174744
11.969013965927376 56.00727493332196
11.969280882983227 56.00767596083155
11.96956381878772 56.00811088848362
11.969825892966076 56.00848788787025
11.969971924349036 56.00869594533807
11.969981089308376 56.008706175990355
11.96998794309768 56.0087138267319
11.970271996489286 56.0090358780854
11.970336816541929 56.00909492393795
11.970964900500288 56.009832903962575
11.972078948588944 56.0095989557266
11.973185918625877 56.009343959599974
11.973050876849538 56.00913590213215
11.972618028947688 56.008632723350466
11.972612968965164 56.00862684120149
11.972618028947688 56.008632723350466
11.973050876849538 56.00913590213215
11.973185918625877 56.009343959599974
11.973933435907645 56.00907829143711
11.974361992799386 56.00892598201914
11.9737923216558 56.00820759587592
11.973308853208472 56.007597915998055
11.9737923216558 56.00820759587592
11.974361992799386 56.00892598201914
11.975126096781803 56.00864709389673
11.976501570958064 56.00814506351962
11.97660592146082 56.008106976928715
11.977263994006751 56.00786297040872
11.97735191085976 56.00782683509201
11.977616976995826 56.00771606578108
11.977832845848043 56.00762585567592
11.97755587050816 56.00737886892361
11.97706549736305 56.0072565539236
11.976160935524724 56.00703092680195
11.975601740523874 56.006862380356296
11.974468908633344 56.006520934548696
11.976191693632424 56.00598171660995
11.977598500769371 56.00554139721722
11.977615847683309 56.00553596777177
11.977536573084272 56.005452864803
11.976780053361324 56.00465981084024
11.976535886001644 56.00440385202476
11.976004845857728 56.00448785732287
11.975079818290912 56.00459000651644
11.975034966506843 56.00459495942134
11.973595301480756 56.00468299317886
11.973578936761148 56.00468399386147
11.973677147610616 56.005069510418195
11.973904540122218 56.005962116261365
11.97393097670222 56.00606589032857
11.973840824674982 56.00618789358857
11.973677843220782 56.00628195717071
11.973617971543629 56.00626411358651
11.972267347603465 56.0058615864962
11.970823502990545 56.005431276804806
11.969667940653888 56.00508688401625
11.96926995645616 56.00514888611211
11.96876884182026 56.00522695493461
11.968404880949963 56.00529885303897
11.967900849161316 56.005515851203704
11.967852979179913 56.005536899094366
11.967535956968426 56.00568293047733
11.96686460808213 56.00596972419647
11.966459250126086 56.006142889175464
11.965632013771938 56.00649627650574
11.965378934052834 56.00660438970197
11.965358897269343 56.00661294922113
11.965438990178784 56.00648204958288
11.965886571731344 56.00575054583642
11.966307914994088 56.00506192457069
11.966405890131128 56.004898943116494
11.966425846751068 56.00486555272098
11.966946996778576 56.00399359115663
11.967152997117184 56.00364892192891
11.967301822467936 56.00339988626688
11.967394954727478 56.00319685794108
11.967424291199904 56.003109450297586
11.967713375552174 56.00224812717622
11.967721848958474 56.00222288077078
11.96814980934375 56.002265042169306
11.969517997716023 56.00239983206391
11.969658000923229 56.00241728747663
11.969662911511874 56.00241789972226
11.969727917829037 56.002446956987235
11.96976181797151 56.00252593314333
11.969727917829037 56.002606958209135
11.969636834479202 56.002677924990905
11.969460663674802 56.00279142546851
11.969040974282644 56.003061816164745
11.968508816551614 56.00345390297742
11.968492984067492 56.00349096961672
11.968503577699524 56.00354859897497
11.968506953906424 56.00356696554051
11.968579969597906 56.00362694271565
11.968893825312566 56.00376086690488
11.969379975707382 56.00396296390808
11.96935985913932 56.004098937007015
11.968730843858363 56.00455193231743
11.968640878095648 56.00457391153069
11.968730843858363 56.00455193231743
11.96935985913932 56.004098937007015
11.969379975707382 56.00396296390808
11.968893825312566 56.00376086690488
11.968579969597906 56.00362694271565
11.968506953906424 56.00356696554051
11.968503577699524 56.00354859897497
11.968492984067492 56.00349096961672
11.968508816551614 56.00345390297742
11.969040974282644 56.003061816164745
11.969460663674802 56.00279142546851
11.969636834479202 56.002677924990905
11.969727917829037 56.002606958209135
11.96976181797151 56.00252593314333
11.969727917829037 56.002446956987235
11.969662911511874 56.00241789972226
11.969658000923229 56.00241728747663
11.969517997716023 56.00239983206391
11.96814980934375 56.002265042169306
11.967721848958474 56.00222288077078
11.967713375552174 56.00224812717622
11.967424291199904 56.003109450297586
11.967394954727478 56.00319685794108
11.967301822467936 56.00339988626688
11.967152997117184 56.00364892192891
11.966946996778576 56.00399359115663
11.966425846751068 56.00486555272098
11.966405890131128 56.004898943116494
11.966307914994088 56.00506192457069
11.965886571731344 56.00575054583642
11.965438990178784 56.00648204958288
11.965358897269343 56.00661294922113
11.965357712642298 56.00661554868614
11.965312889933127 56.00671390459047
11.965111116142118 56.007391049917345
11.965068885740996 56.0075327735705
11.964844722419974 56.00828505732612
11.964791210287336 56.00846464205001
11.96469281534909 56.0087948517977
11.964500135966558 56.0093808280472
11.964493884842708 56.009399838955694
11.964330903388506 56.01001283548801
11.964268877303647 56.0102108346718
11.964238197171936 56.01030621559704
11.964203870986488 56.010412931675006
11.964165873024594 56.01062899851715
11.964013591548008 56.011213256170834
11.963971971660223 56.01137293900638
11.963939934162942 56.011511892337616
11.963920935181996 56.01175589885762
11.963935836343524 56.01186393227869
11.96394887485986 56.012023933500586
11.963962225715148 56.01212050238132
11.963984823912044 56.01228395876923
11.963991405662671 56.012339146457016
