50.18542781886669 53.20741299258351
50.18495694216245 53.20740982608668
50.184319065228486 53.207406699238966
50.18415898496268 53.20740591453178
50.18378198557605 53.20740386562207
50.18377881907922 53.20748395936528
50.18376484924029 53.20756684707627
50.183760124170576 53.20760823824643
50.183684941761605 53.208266829139
50.18366594278066 53.20845495630328
50.18366207813875 53.20848389617987
50.18364992403202 53.20857491065357
50.18363893442539 53.2086708368809
50.1839298796042 53.20883493592221
50.18438697273404 53.20909086337144
50.1846466954128 53.20923660703289
50.18487889732895 53.20936690738872
50.18485679832283 53.209380185957336
50.18397681826301 53.20990893713926
50.18384548438723 53.21003296454073
50.18370896988456 53.21016188435618
50.18383362946277 53.21019961216869
50.183870833751655 53.2102108719247
50.1850915943631 53.21073551822835
50.18575787959452 53.2110218676408
50.18633820635031 53.21128046762913
50.187563228445704 53.21182635095505
50.18856097434225 53.2122709575058
50.18874891524201 53.2123558941265
50.18882539339646 53.2123893514912
50.18923599695942 53.212568980736336
50.189236928282014 53.21261983095005
50.18924791788864 53.213083815867094
50.18924884921123 53.21315794914569
50.18924493765633 53.21325089514071
50.18923812851077 53.21327987022821
50.18917490219716 53.21354891837125
50.18912498330605 53.21364987374059
50.18892996435456 53.21390486986723
50.18881299023657 53.21403190226924
50.1889869612974 53.214108829515624
50.189165931022465 53.21418765836152
50.18976591951622 53.21445192875978
50.19046503988057 53.21475987165892
50.19080788323599 53.21491088453481
50.190970864690186 53.2149829689037
50.191542883028305 53.21526888494049
50.191676013999185 53.21533535355858
50.19295085652808 53.21597184723553
50.19296672887583 53.215979439156634
50.19327290788158 53.21612588799281
50.19331295475318 53.21614488697376
50.19429449273933 53.216608166435094
50.194895830636376 53.21689199395981
50.19561230012231 53.21725347947177
50.19679034512497 53.21784784700487
50.19684583388669 53.21787584314963
50.19675288789167 53.21808483194005
50.196623992844465 53.21822192262609
50.19656084917249 53.218287860265846
50.19616333717618 53.21855983668405
50.19584894618055 53.218774941983256
50.19520746922729 53.219280171832864
50.19428045677472 53.2200102905996
50.193588998770466 53.22055488572765
50.193265447032424 53.22080644573597
50.193075840020384 53.220953864327534
50.192465823720376 53.22144485759984
50.19225958466664 53.22159587089449
50.192017857551974 53.221772869417954
50.19187089484642 53.221797828863515
50.191411939071386 53.22172686208174
50.190941993689734 53.221734871456064
50.19079208007171 53.22175547287319
50.19061398187162 53.22177994746968
50.19055288710936 53.221787956844
50.190220963736344 53.22185482580635
50.190133978205935 53.221929890407544
50.19014948998401 53.22195331399273
50.190679290539656 53.222753340165355
50.19118097106771 53.223510903645554
50.1913258113481 53.2237296247696
50.19153189342168 53.224040826202355
50.19193409242623 53.22464930026018
50.19223392439412 53.225102906490186
50.192328919298845 53.22524688896343
50.19250454485774 53.225513584989386
50.1925548581605 53.225589988207595
50.193132543178976 53.22646428898302
50.19368995413981 53.22730790586713
50.193700889299606 53.22732487783431
50.19396190033768 53.22772998126738
50.19402392642253 53.227825907494704
50.1942548944262 53.2281829765778
50.19431698738489 53.22827904688647
50.194477853055545 53.228527938467145
50.194626864670816 53.22875499491591
50.194879143990946 53.22914149150277
50.19542949718826 53.22998464278533
50.19601127017971 53.230875929773944
50.19615684143059 53.23109894762409
50.19662954847197 53.23176791205599
50.197042901747885 53.232352880366584
50.19707698815488 53.23239981902539
50.19716397368529 53.232539889943745
50.19728411725851 53.232688855709775
50.19760188156967 53.23308285101688
50.19766297633193 53.23315791561807
50.19814635099956 53.23359489784369
50.19828789379346 53.23372285590447
50.198896978770875 53.23422390746081
50.199157751556456 53.23443095371669
50.2002196708293 53.23527408774618
50.20117025446468 53.23602882441153
50.201677908040836 53.236431887070054
50.20208158179731 53.23675460274259
50.202081915782735 53.23675486974615
50.20232182448331 53.236946908465335
50.20315063523897 53.2376089214104
50.204090415677264 53.23835957143687
50.20504244616634 53.23912000619662
50.20597045121177 53.23986125062301
50.20613782568584 53.23999494105566
50.206267838320166 53.240098876657314
50.206490983214024 53.24027582795044
50.20661782935152 53.2403779009069
50.206887523419525 53.24059946591512
50.207262863381125 53.2409078234637
50.207840659412035 53.24137251837233
50.208733980552864 53.24209097568894
50.20882849560558 53.24216711756233
50.208939989110974 53.24225693737544
50.209099990332874 53.24237894063545
50.209118989313815 53.24239495938409
50.20975318662801 53.24290613217848
50.20991787783618 53.24303887582657
50.21000896118601 53.24310984260834
50.21012481771689 53.24320092595818
50.21035690330767 53.243388866857934
50.21074720586343 53.243703144710494
50.2108139964375 53.24375692554765
50.21127686376744 53.24410784790161
50.21171027704176 53.244433501449066
50.21171886947123 53.24443995753914
50.2121528658007 53.24472494225334
50.21270588515787 53.245115911478905
50.21275099227348 53.24514281717027
50.213863918964435 53.24580666059418
50.2146238509109 53.246259948155135
50.21494260824691 53.24645442283606
50.21556783949363 53.24683587804815
50.21590795850548 53.24704393551597
50.21601249058233 53.24710788054539
50.21619387454228 53.24721883789939
50.21649897582454 53.24740491615396
50.21708033184993 53.24776087355086
50.21755397806065 53.24805088150615
50.21801293383567 53.24833195466545
50.21813605771105 53.24840729503109
50.21859799069013 53.248689955071136
50.21919806949091 53.249057295132225
50.219342862501954 53.24914593061386
50.22026741232375 53.24971186829234
50.220273998832866 53.24971590004226
50.22104997681938 53.25019087456593
50.22108592587156 53.25020689331458
50.22116788225996 53.25024191104416
50.221420113820315 53.25035117027344
50.2216249753898 53.25043991022795
50.22202488531228 53.25057681464949
50.22242386391216 53.250648899018366
50.22262186309595 53.250622821985694
50.22282787165406 53.25064386987635
50.22289985603252 53.25066129875881
50.223087896922706 53.2507068272838
50.223268946035255 53.25079586172393
50.223409948276206 53.25091097319672
50.223480915057976 53.25105681831516
50.2236558174414 53.251377938346074
50.22373745722847 53.25152287510426
50.2238158186633 53.25166199173768
50.22392794990378 53.251800945068915
50.224045855344364 53.25192890879353
50.22418797517243 53.25203582462749
50.22463592391911 53.25230405662528
50.22572380904397 53.25295548293816
50.22673495620642 53.253560958509766
50.2268852549616 53.253650820032234
50.2280293046206 53.25433483131371
50.22924495032984 53.25506164887173
50.230318182573654 53.25570331941168
50.23041796454231 53.255762977654406
50.231429978857314 53.2563680555441
50.2325467761394 53.25703578260353
50.23319591357997 53.2574238983711
50.233632259174286 53.25768792077523
50.2340618573292 53.25794786046329
50.23476241004368 53.25836725903726
50.23598360481176 53.259098349408745
50.23680292599208 53.25958885087644
50.237095374496064 53.25976391058017
50.23819833338103 53.260424141879
50.23930814264752 53.2610884738169
50.23941081552381 53.261149933810906
50.23961999057874 53.2612719370709
50.24015699118727 53.261571822946635
50.24019890070406 53.26159585106959
50.24042208280704 53.26171893894546
50.241355975896624 53.26223399331199
50.241715987603506 53.2624320943662
50.241922965092726 53.262545986381454
50.24296238810807 53.26311968991339
50.2438198829551 53.26359297924324
50.24387687989794 53.26362296783081
50.244169601321566 53.263783148008976
50.24539906276258 53.26445592197348
50.245612865215826 53.26457291687815
50.24667713525663 53.265147636978504
50.247842860084305 53.26577714402489
50.249057201797434 53.26643290484167
50.250203883641056 53.267052128421184
50.25145857892717 53.26772968070876
50.25268206900101 53.26839038176305
50.253882908632505 53.26903885127461
50.25501519267048 53.26965029984591
50.25615324822399 53.27026486511303
50.25671981848895 53.270570820657255
50.25732758169784 53.2708998738454
50.25786888430719 53.27119294415101
50.25846491453742 53.27150322497368
50.25964914398567 53.27211970995851
50.26000496581208 53.27230494332995
50.26078857414665 53.272730572317435
50.261195941147115 53.27295184000474
50.26191222077434 53.27333448050171
50.26274789712014 53.27378090337919
50.26306084131261 53.27392306309885
50.26353393339069 53.27413797246228
50.26436392808774 53.27436391132393
50.26440665049439 53.274374158459615
50.26482288386277 53.27447399365472
50.265074899757096 53.2746798159483
50.265131896699934 53.27484689522193
50.26532486674171 53.27504191417341
50.26541348962083 53.27510799899063
50.26552994397722 53.27519483734358
50.26593991218373 53.275439961450694
50.26610084472822 53.27552899589082
50.26634596883534 53.27566385140263
50.26651707049559 53.275758872287206
50.2671418771254 53.27610585710643
50.2677309601663 53.276432998244466
50.26885210746848 53.27705561573449
50.268866872836654 53.27706381552809
50.26965793824922 53.27749594921237
50.26999744091787 53.27765302263549
50.27051587262413 53.27789287890254
50.27121077517914 53.27820219654745
50.27176496248912 53.278448878492014
50.27225893599374 53.278660847514736
50.27246507991132 53.27874192613431
50.27269889278782 53.27883388725297
50.27324297144807 53.2790479051854
50.27339086547622 53.279105833450835
50.27378691893387 53.27926161806495
50.275035953708795 53.279752916390144
50.275081202284696 53.27977081720548
50.27536694575922 53.279883860347056
50.27622394881153 53.280220999126605
50.2763708021995 53.280280925355754
50.277225865659695 53.280629849746
50.27780337615872 53.2808768785249
50.278291857502424 53.28108582528873
50.279048444214354 53.28147557031632
50.27938094614552 53.28164685402021
50.27984884261747 53.281921966714904
50.280158191056586 53.2821175417523
50.28024893880447 53.282174913931826
50.280541932892994 53.28237496202532
50.281054905378554 53.28278791046414
50.28112853078368 53.282865749156265
50.28143898281691 53.28319396711574
50.28179288540318 53.28359089680592
50.281848946466326 53.28365814647152
50.28254482333051 53.2844929056392
50.28258897995775 53.284545874995274
50.28282292819373 53.28489698361375
50.283034897216446 53.28531198096228
50.28308031478385 53.28545019103227
50.283289893343074 53.28608795894879
50.283389537423254 53.28639367376938
50.28347597159764 53.28665885969979
50.28371296873603 53.28738574260588
50.28376486786674 53.28754492001708
50.28380286582864 53.28765891390277
50.2840408293654 53.28838829693082
50.28434368404031 53.28931657805675
50.284654029790254 53.290267820108006
50.284983746454294 53.29127843602879
50.28530490291055 53.29226281402102
50.28531602485697 53.292296878495165
50.28556287926949 53.29305294811099
50.28559789699907 53.29315893262235
50.28561987352697 53.29322624472198
50.28595115475352 53.294240928889856
50.28619599236986 53.294990844167565
50.28623976134688 53.29512496779272
50.28652884706547 53.296010828674085
50.28654486581411 53.29605888492001
50.286563002037546 53.29611044869251
50.28660186275695 53.29622093505161
50.28678589210181 53.29668994911067
50.28690705913671 53.297023188478214
50.28697383300157 53.29720683315114
50.28717085363568 53.29791682739692
50.28723888741222 53.298161997605014
50.287479261446954 53.29886112571901
50.287525921036135 53.29899683517956
50.28777938755927 53.29976325351923
50.28808285194821 53.300680852696615
50.28811257116564 53.30077105090225
50.28830096770005 53.30134283679745
50.28842889489042 53.30173262348561
50.28843191165697 53.301741815397335
50.28854683686525 53.301959931149185
50.28877908896645 53.30262460763131
50.288844860095786 53.30281283638208
50.28893594344562 53.303017913617595
50.289108301733975 53.30353998108613
50.28940810188409 53.30444806567513
50.28950181505461 53.30473191972223
50.28968398175427 53.305294997363426
50.289702195804416 53.305350847588606
50.28975699744576 53.305518887315365
50.29002727429544 53.30634931371775
50.290239981343746 53.307002856738926
50.29031985222425 53.30725050777741
50.290500937934986 53.30781198980984
50.290631567774554 53.30818925624586
50.29094237927522 53.30908689760808
50.29126711809853 53.31002476187338
50.29157084133262 53.310901931916966
50.29160137282836 53.310988095900974
50.29161796625595 53.31103492478359
50.291805907155705 53.311466872203354
50.29182397481406 53.311507850397554
50.29200934343711 53.31190040421582
50.29206295219205 53.31201393109591
50.292295969105425 53.31246897531604
50.29244591204328 53.312715962068346
50.292478118710314 53.31276548901677
50.29286985008873 53.31336788788515
50.29300787209737 53.313574827765855
50.29311757583511 53.31373278955468
50.29314887433832 53.31377785609166
50.29365998417869 53.31451397347109
50.29372328656319 53.31460395418266
50.29403698356532 53.3150498564925
50.29437734653714 53.315512113464685
50.29498097214805 53.31633191517737
50.29507148886984 53.316454343290346
50.29511992547929 53.31651985607713
50.2953229538051 53.31680986993335
50.29557999884143 53.31717383080365
50.295658114692 53.317286204164105
50.29629950050568 53.31820886811394
50.29644687391326 53.31842087175893
50.29675085760841 53.31889789519231
50.29686694285547 53.319095640406275
50.29702094116109 53.31935796855445
50.29733498314027 53.31989292025327
50.29736433952019 53.319949042744305
50.297866954606775 53.32090992452748
50.29805899332596 53.32137595835423
50.29828460302041 53.32193216195483
50.29839482825387 53.322203904141574
50.29863895499867 53.322969062631266
50.298713899375066 53.32320395834455
50.2989280560449 53.32404669552646
50.298960886127375 53.32417588660514
50.29918901084148 53.325158271286675
50.299312926068446 53.325691893525985
50.29940292092247 53.32605694428534
50.29950794501993 53.32648295893855
50.299619562539675 53.326963406046225
50.29978696926952 53.32768399255762
50.299830598258374 53.327859228802936
50.30010287389389 53.32895282646163
50.30010658033043 53.32896830578551
50.300323243452745 53.32987316375665
50.300540636368474 53.33078106959023
50.3005908869339 53.33099093282947
50.300807709715606 53.33187700665532
50.30093491750065 53.33239685741954
50.30105782733858 53.33289586496314
50.301307170712406 53.33390818608056
50.30156995659009 53.33497508306388
50.30183943777059 53.336069162628064
50.30205917239175 53.33696127375104
50.302280006619384 53.33785784921907
50.30250033748737 53.33875238107315
50.30277297405761 53.339859271355415
50.30304490032147 53.340963277830774
50.3032248534983 53.3416938783607
50.30326506492052 53.34186160831802
50.30348247927618 53.342768487472725
50.30369814878068 53.343668088501175
50.303954217523305 53.344736202904926
50.30422142819192 53.34585079253057
50.30444763520485 53.34679434763326
50.30468399016289 53.347780231863005
50.30492706358159 53.34879414014803
50.30503199186248 53.34923181718361
50.305171805456595 53.349812845262264
50.30542284505004 53.35085609898567
50.30568144945877 53.35193079006768
50.305932623787605 53.35297460371552
50.30618055125869 53.35400492428688
50.30642581115536 53.35502415912907
50.30666552712428 53.35602035488332
50.3069036129168 53.35700977605841
50.30714549122032 53.35801495789967
50.3073882115663 53.3590236390452
50.307628378866525 53.36002171041223
50.30786756267723 53.36101569465862
50.308105587849575 53.36200486391241
50.30834667801915 53.36300677047877
50.30859478735075 53.364037846814036
50.30884975419061 53.36509742112806
50.30910993486724 53.36617866275986
50.30937194778751 53.36726751870848
50.30963556396579 53.36836303737057
50.30972287751115 53.368725889222155
50.30974392540181 53.368811943429975
50.30985382146807 53.36926084092097
50.30990623560942 53.36946234855223
50.3101880264372 53.37054570126496
50.310465612274506 53.37161288777426
50.31064693579034 53.37230999109842
50.31072866928248 53.372675685279745
50.31096765447421 53.37374495923039
50.31120959925211 53.37482747504077
50.3114419127578 53.37586689835489
50.31146109129172 53.37592268058376
50.3118338226511 53.37700679817474
50.31209998530373 53.377780952553024
50.31223347911337 53.37809596743088
50.31269334206727 53.37918113889058
50.31291489257473 53.37970394744807
50.31321240679743 53.380255730106086
50.313574827765855 53.380927891602994
50.31380673434155 53.38130543550822
50.3143198858422 53.38214084615128
50.31444161925848 53.38231864394827
50.31472594249381 53.382733912380054
50.3148868750383 53.383016848184546
50.31508717672491 53.38330380132941
50.31570494880613 53.38418882453864
50.31577994866642 53.38428025748934
50.31628981939606 53.3849018451177
50.31657960755358 53.385233603006306
50.317193947371706 53.385936917050266
50.31740222513774 53.38617097261547
50.31764694268213 53.38644597798093
50.318242867869934 53.38708376134569
50.31859894063918 53.38746484490033
50.31912124751641 53.38797944109606
50.31912886319598 53.387986944347325
50.319765887851254 53.38855486486602
50.32002591311989 53.388756961869234
50.320084003213665 53.38880461093308
50.32025390089126 53.388943971446395
50.32092296304381 53.389518970016816
50.32106663259797 53.38963695229101
50.32137092921222 53.38988684244201
50.32155887011198 53.39005597062534
50.32203341662188 53.390494502951945
50.3223368970082 53.390774951669016
50.32292859587763 53.391382499615304
50.32337997831508 53.39184597265376
50.32374599469519 53.392278802766704
50.32382384666407 53.392370866068546
50.32415297606929 53.39274097366797
50.32442492226716 53.393033967756494
50.3245464831649 53.3931821333676
50.324584923489056 53.393228986707975
50.32497291248231 53.393832856278856
50.32516687271228 53.39414151083101
50.32523498666067 53.39424990253709
50.32577683014669 53.395047859736856
50.32578228523754 53.39505524827763
50.3259828387048 53.39532688398645
50.326447087827894 53.39594618905018
50.3268299697376 53.39645695082375
50.327124618756336 53.39682148654859
50.3273569120621 53.39710887664055
50.32742489861157 53.39719697975808
50.32788071969349 53.39774790353588
50.32815784949417 53.39808285381085
50.32870020535045 53.39868889168425
50.329530837385214 53.399617054376904
50.33034453027917 53.40052628897878
50.331132988382144 53.401407325786
50.33190400055681 53.402268868209305
50.33259485660333 53.403040842779895
50.33267316554596 53.40312926836199
50.33340082317741 53.40395093122015
50.33343442427094 53.40398888029851
50.334178375198256 53.40482909854959
50.33452790978241 53.405223862943586
50.334942542220325 53.405641145193194
50.33513997499213 53.40583983970821
50.33576787268596 53.40641595586574
50.3357862241492 53.4064327819717
50.33641998476729 53.40701386497201
50.33665651262095 53.40723504391266
50.33681896336717 53.40738695280374
50.337453939112734 53.40797592121309
50.337542294657325 53.408059093967545
50.33805091689641 53.40853788126717
50.338461698693315 53.40889998959657
50.33901297313749 53.409385943622574
50.33942391151709 53.40973886226143
50.340401732685514 53.410578626403534
50.34047999248981 53.41064583682967
50.340861834753944 53.41097589755749
50.341374419241426 53.41141888312056
50.34235521961597 53.41226651003238
50.3433436603895 53.4131207399268
50.34434306991267 53.413984449229694
50.34440384084889 53.41403696866416
50.34495089974145 53.41449387552948
50.34536036520238 53.41485989378524
50.34549684104689 53.414981888569486
50.34576487568985 53.41522384617978
50.34616497187685 53.41557681744345
50.34636001762157 53.415747803269
50.34661796718727 53.41597393339814
50.34683887690691 53.4161618742979
50.34737533203885 53.41661835680786
50.348384325056806 53.417476933113576
50.348481916229765 53.41755997577816
50.34937650419075 53.41833587936026
50.34941696411558 53.41837097149426
50.35037580576452 53.419194115734264
50.35065282919972 53.41943193419498
50.35132790225348 53.42001912299493
50.35155993740767 53.42022095069783
50.3521809433143 53.4207378347383
50.35224194233904 53.42079083324101
50.353267564144694 53.42168193634109
50.35361387625964 53.42198282678387
50.35429849695454 53.42256823520465
50.35517393414854 53.42331680782164
50.35607374759521 53.42408622419005
50.35657399199696 53.42451397533373
50.35687797569211 53.42477195169267
50.3569755527085 53.42485548107658
50.357718959995786 53.42549186405894
50.35789524012359 53.42564545945259
50.358533867266786 53.426201904405694
50.35863985177814 53.42629187016841
50.35882013781464 53.42644475828412
50.35907496569473 53.426660860180725
50.359364979550946 53.426907846933034
50.35981564173723 53.42729181680682
50.35983697384231 53.42730999202974
50.36075831902961 53.42809305642134
50.36092289598859 53.42823293272181
50.36165913259187 53.42886355002098
50.36194083158539 53.42910483693566
50.36258106794547 53.4296555891953
50.36360350472023 53.43053512275377
50.36455124868844 53.431350403116774
50.36552475474393 53.43218784486996
50.3659108735452 53.432519996893106
50.36651647681145 53.43304141391174
50.367471609444834 53.4338637714482
50.36839549908481 53.43465922914877
50.36934032530678 53.43547271299082
50.37027988142312 53.43628165933627
50.37060995483272 53.43656584851218
50.37118590595256 53.43707262204979
50.372064739721445 53.43784589895244
50.372940757706154 53.4386166982752
50.373787838533715 53.43936203608745
50.3739239731563 53.43948181955848
50.37431587370446 53.43990482628133
50.37465188016239 53.44023855117586
50.375330829068965 53.44091288985862
50.37555744522594 53.441159895244
50.37632475186682 53.44199623840272
50.37668683476791 53.44239089881757
50.37710884753571 53.442877724945966
50.37789214745897 53.4437813252588
50.37868371177232 53.44469445921929
50.37953218080717 53.44567323741467
50.38037754430495 53.44664843311988
50.38118821781486 53.447583611096306
50.38199862777455 53.44851848504607
50.38280208911548 53.44944534319767
50.38357428266179 53.450336131399354
50.38428167487898 53.451152165985555
50.38510471941089 53.45210161494429
50.385457844707176 53.45250897375887
50.38550292072079 53.452535982114135
50.38594724270912 53.4530461893233
50.38616993396364 53.453301901816616
50.38665161207259 53.4538507669624
50.38740209265642 53.45470592858882
50.38817164569091 53.45558282299323
50.38835593435964 53.45579281723036
50.3889470442796 53.45647451656455
50.389732987949245 53.45738090852009
50.38974940103118 53.457399664370826
50.39060484761149 53.45837721559657
50.39107185731244 53.45891088527987
50.391290904386885 53.45914390219325
50.39132551452747 53.45918336701929
50.39206931357145 53.460031497058054
50.39283027598537 53.4608991979335
50.393601603468454 53.461778717762726
50.39438037182429 53.462666722178945
50.39517174030116 53.46356909410641
50.39597563442621 53.46448574862617
50.39678934419367 53.465413595606094
50.39760239271678 53.46634068859042
50.39840650103249 53.46725758734487
50.3991726692673 53.46813122424983
50.3999990257284 53.46907349184625
50.40072509330329 53.46990140326322
50.40111486765254 53.4703458503711
50.40152140570907 53.470804185603534
50.402310258273864 53.4716935461882
50.40295981771409 53.47242586625574
50.40313485204613 53.47255314898261
50.40315781689788 53.472569848728995
50.40336084522369 53.47268086238237
50.403560893317184 53.47277790619682
50.403870837476944 53.47291983976036
50.404039965660274 53.47295690639966
50.404214868043695 53.47303793146546
50.40444682644599 53.4731025958504
50.404494823615885 53.47311597629896
50.40479582707873 53.47317185565469
50.405108937735314 53.47319886400995
50.4059840474627 53.47315179430018
50.40761476136965 53.47306408275051
50.40890091081487 53.47299490436155
50.4094429540235 53.472963421157075
50.41101207893444 53.47287228251787
50.41265434342201 53.47277689575194
50.41433787077685 53.472679112337055
50.41604567510716 53.47257991885565
50.41774488913632 53.47248122432008
50.419422148283104 53.47238380497816
50.42108389931192 53.47228728638592
50.42274300344329 53.472190921532
50.42396691644118 53.472119833650886
50.424185963515626 53.47210791272166
50.424392512826266 53.47209679378502
50.42604374527517 53.472007904846514
50.427697981023 53.47191885423479
50.42770662007121 53.471918376369864
50.428384924569386 53.4718808562729
50.42938085073974 53.4718271617306
50.43107342086762 53.47173590820094
50.43209196102825 53.471680994443915
50.432785233123305 53.47164071542436
50.43452026507936 53.47153991029086
50.43626338397446 53.47143863530725
50.437991319553646 53.471338242472335
50.43875389781789 53.47129393677326
50.43971614158596 53.471238224171366
50.441432408041976 53.47113885468416
50.44315166568502 53.47103931201131
50.44488924027405 53.47093870881226
50.44554193568696 53.47090091863798
50.446164990503306 53.470863851998686
50.446629953901336 53.47083697696617
50.44831788324881 53.47073941411219
50.449971603414085 53.47064382855984
50.45060888939967 53.470606993226866
50.451132851491856 53.47057588705218
50.4516367706247 53.470546716745766
50.45331046268309 53.47044983193429
50.45450181784857 53.47038086810069
50.454953661939705 53.47035511492225
50.45656024875139 53.47026354635325
50.45813643600832 53.4701737104287
50.459739856169655 53.470082322345206
50.460939864686274 53.47001392699809
50.461356329065026 53.46999030081638
50.462771962496014 53.46990999139644
50.46300369656014 53.46989585169083
50.46387092315862 53.46984293616957
50.46461896146727 53.46975185281974
50.4646330347979 53.46974893410691
50.46539493945379 53.469590920275245
50.46601091621841 53.469425889911335
50.46613005433079 53.46939036035114
50.46757737276962 53.468958738710015
50.46901631777499 53.46852961420773
50.47045711469873 53.46809993742336
50.47118497202959 53.46788287463522
50.47189300015656 53.46767179347596
50.47332627529302 53.467244497771425
50.4747335099992 53.46682496538025
50.47539790292228 53.46662689298302
50.47612284443057 53.46640989481829
50.47614911680967 53.466402062540965
50.47761016498658 53.46596649732379
50.47910537557775 53.46552074766532
50.480606436565466 53.465073253896506
50.482085111553 53.4646324338043
50.48218091164934 53.464603874041224
50.483070883521535 53.46431386018501
50.483520445131944 53.46414701057458
50.4849440671907 53.46361864965495
50.4863910050455 53.46308163534635
50.48738197581579 53.46271384796606
50.48786380374842 53.46253817095803
50.48934556646351 53.46199791244919
50.49083979652354 53.461453108280566
50.49235675870476 53.460900015860545
50.49388404811122 53.46034315807968
50.49489681783833 53.4599738968903
50.49540893971302 53.459786970265654
50.496233824556334 53.45948588385029
50.49689622451748 53.45921984137689
50.49712286510593 53.4591288147672
50.49833745535701 53.45862762812192
50.49977761885141 53.45803336128193
50.50123432807957 53.4574322670359
50.502685865696925 53.45683330679537
50.50411332730468 53.456244281242256
50.505532018134154 53.45565887484955
50.50694351062872 53.45507643876664
50.50834791543533 53.454496927336336
50.50976615198406 53.453911708397335
50.51119744574607 53.45332110155001
50.51264392239958 53.452724229657775
50.514097941021795 53.45212424565924
50.51556421894277 53.45151920300259
50.51702262295411 53.45091740942385
50.51753782892684 53.450704815627
50.51836663690083 53.45035004217286
50.51876885113349 53.4501778733025
50.51948298929966 53.449805903057886
50.51974360849876 53.44964758480881
50.52094637638717 53.44891693984173
50.52210224696361 53.448214783567515
50.52317945854008 53.44756041024711
50.524205912445616 53.4469368706704
50.524403273139825 53.44681697038933
50.52553383112783 53.44613013544956
50.52664941630725 53.445452396768616
50.527820842951186 53.44474073336259
50.52888716033929 53.44409292577837
50.53005236253065 53.4433850438427
50.53120958821947 53.44268200778023
50.532299841061985 53.442019658963645
50.53297096192027 53.441611940598754
50.53335889907604 53.44133745082284
50.533544842903574 53.44120588394715
50.53433795722584 53.44054892898833
50.5343756078416 53.44051653853466
50.53529112596712 53.439728927314405
50.53632280621603 53.43884138296426
50.53720979440175 53.438078315770035
50.538138865248115 53.43727904527761
50.53881892276151 53.43669399850132
50.53909093669851 53.43645989175596
50.540058443588926 53.4356272142405
50.54100833662422 53.434809695956744
50.54193834830507 53.43400928841089
50.54238495697942 53.43362491802033
50.54280894319673 53.433259668372266
50.54305588177717 53.4330469392176
50.543455977964165 53.43278281612954
50.54357388340475 53.43271985872209
50.543944789251285 53.432579097490006
50.544751820223446 53.43227282387628
50.54538838261639 53.43214094227122
50.545436901124646 53.432130890312735
50.54614992170371 53.432069981815
50.547047902950226 53.43209997040257
50.54711978404626 53.43210255868366
50.54866941313649 53.43215835743872
50.55030403609499 53.43221721663713
50.551976029773165 53.43227742147344
50.55210181814659 53.43228195083771
50.55363356740088 53.432369164664166
50.55368190006201 53.43237191660043
50.55513494957541 53.43256693555192
50.55525497356907 53.43258815718558
50.55635591349801 53.43278281612954
50.55686245139441 53.43289840320773
50.558470739934066 53.43326539919069
50.560124999305586 53.43364288527552
50.56184348061476 53.4340350261891
50.56362138683912 53.43444072729703
50.56541779353826 53.43485065003544
50.56723033392718 53.43526425432676
50.56903228427548 53.435675442072615
50.57081423941532 53.43608206710413
50.57250967259625 53.43646894865643
50.57392535729512 53.43679199429458
50.575580113924346 53.43716959384883
50.577102627131765 53.4375170167256
50.577640918887575 53.43763984972924
50.57856045019753 53.437789936083945
50.57865885448438 53.437805997680265
50.57966598673909 53.43784883851965
50.58037430314915 53.437838086950414
50.58206059323197 53.43781249067123
50.58315099589119 53.43779593939623
50.58376927869489 53.43781014232914
50.58441591824031 53.437824996661206
50.58540218827108 53.43788805522547
50.58549383101226 53.43789391453327
50.58593099383856 53.4379859292057
50.586571930048734 53.43820385869303
50.586779069654554 53.43832663836467
50.588050403468344 53.43908020718405
50.588695904359874 53.43946282057753
50.58925922286323 53.4396961857369
50.58962797201338 53.4398489469256
50.59059487113196 53.44016485154997
50.59064528124713 53.440177837647326
50.59135985951185 53.44036191941117
50.59209571447228 53.44048013377067
50.59217495304737 53.440492863368085
50.593638178318535 53.44068448214841
50.59524692872327 53.44089515838295
50.5959939344822 53.44099298360183
50.596864347144056 53.44110677180726
50.59847664048781 53.441317545356696
50.60008998843842 53.44152845677387
50.601655383211714 53.44173309931855
50.60344598397351 53.44196718282429
50.60469099740738 53.44212994222634
50.60502918376105 53.44216558095525
50.60634185984005 53.44230391328716
50.60672975751822 53.442325078622794
50.607604919543974 53.442372831159226
50.60848384203215 53.44238988787417
50.60858392585629 53.44239183014017
50.610089874493106 53.44234898930078
50.610233777373566 53.442338434703395
50.61197280322576 53.44221088536135
50.61370065239766 53.44208415577607
50.61541746222525 53.44195823587462
50.6171263583894 53.44183289640305
50.61882520027296 53.441708294365526
50.620550264743464 53.44158176902496
50.622283039233906 53.44145467819081
50.6239783481496 53.44133033527981
50.62463899607894 53.441281879870935
50.62562284526876 53.44123494121212
50.62565776084127 53.441234411111864
50.6268128892812 53.44121687355377
50.627314973260766 53.44123921321915
50.628319955505134 53.44128392878064
50.628972047711706 53.44131671905568
50.63024984218739 53.44138097259509
50.63062053106556 53.44139820856191
50.63230739154939 53.441476642723416
50.63293782546232 53.4415059560874
50.63401032972296 53.44156480063419
50.63574605648382 53.44166003387321
50.63751389221863 53.441757028819005
50.63925999487968 53.44185283134728
50.6407018894114 53.44193194304255
50.64101902095486 53.44195239340502
50.64279941968479 53.4420672031744
50.64383299597724 53.44213385378123
50.644582409699375 53.44217198218226
50.64636885567173 53.44226287233603
50.64676181927536 53.44228286539651
50.64818940658011 53.442312884133656
50.6499978123143 53.44235091056904
50.650756820680726 53.44236687069461
50.6515529152353 53.44233390187473
50.65168503149221 53.44231307699903
50.652098856540746 53.44224784766691
50.65256191013519 53.442153970349295
50.65310933881021 53.44200844112299
50.65319390564845 53.44198595975308
50.65453463721823 53.44155340149312
50.65603636406951 53.441068901561614
50.65758279668589 53.44056997827468
50.659170069170976 53.4400578788808
50.66077800707839 53.439539112232026
50.662373644256725 53.439024314149435
50.663927670032734 53.43852294109254
50.66543164628243 53.43803771544093
50.66548997161142 53.438018898025575
50.66655391454445 53.43768790597516
50.66689264960656 53.437601123342496
50.6672678664461 53.43750499421742
50.66790787133368 53.43738690251232
50.668405581162745 53.437335946506
50.66861195121583 53.43731481814343
50.670009959755006 53.437279039021455
50.67168403340788 53.437236194586866
50.67342220511173 53.43719170969592
50.67518726475309 53.43714653666413
50.6769474775816 53.43710148767643
50.67871673614713 53.4370562071819
50.680481435850325 53.43701104336197
50.68052598865016 53.43700990312568
50.6811158883821 53.43700487398367
50.68222332450627 53.43697607301608
50.683765873695144 53.43693595611161
50.683962446841214 53.436930500762855
50.685717625914975 53.436881790579555
50.68750673135668 53.436832138862925
50.68863184799176 53.43680091433527
50.68930682465261 53.43677849222632
50.69004485063355 53.43675397567646
50.6911162111079 53.43667907153342
50.69289283513038 53.43655485890556
50.69292046998357 53.43655271068254
50.69468358124408 53.436415653461296
50.69644798480671 53.43627849578165
50.69655889339504 53.43626987419135
50.69796090643021 53.436137998911846
50.69823013989422 53.43609889825247
50.699104943106434 53.43597185096082
50.7000184389538 53.435819992515086
50.701815555802966 53.43552124198184
50.70359869761725 53.4352248146415
50.705383001760296 53.43492819407704
50.70714782295376 53.434634812334565
50.70886562162405 53.43434924755952
50.71047670388897 53.43408142319074
50.71198614310462 53.43383049583964
50.713718785926986 53.433542463390694
50.71546201002019 53.43325267192407
50.71727199821778 53.43295178167342
50.718793615591615 53.432698829840014
50.71912986902438 53.432642931475705
50.72039203222807 53.43246406238065
50.72050599129139 53.432447912524225
50.721272842316466 53.43236688745842
50.72199703172694 53.43231262438746
50.72239396845685 53.43228288216031
50.7235353459269 53.43224403703879
50.72353781886856 53.43224395287582
50.72484781723129 53.432287911302325
50.72539260837488 53.43233642988445
50.726909828626994 53.43247155207991
50.728522668546766 53.43261519007221
50.730153115029786 53.43276039608833
50.73024799816865 53.43276884629061
50.73113983268603 53.43281187339451
50.73168112805841 53.43278907937375
50.73194486793752 53.43277797325205
50.73338740755265 53.43258229981832
50.73521891637087 53.432333864617235
50.736021825731285 53.432224953894874
50.73676136367348 53.43212510007636
50.73699990072101 53.432092892350845
50.738274271332 53.431918050858215
50.73976929444162 53.43171293621594
50.741568727651234 53.43146605702276
50.74330567661988 53.43122775056176
50.745058338411624 53.43098728832801
50.746803706099904 53.43074782683293
50.74849075516328 53.43051636655454
50.748938897600894 53.43045488217
50.75012656469493 53.43027995088755
50.750859843586234 53.430171946365505
50.75176765309506 53.43004848419208
50.75340953943427 53.42982518750484
50.755160570173395 53.42958704716957
50.75664105452043 53.42938570116753
50.75818279521164 53.42917602429727
50.759756994079254 53.42896193311216
50.76136818129359 53.42874281150861
50.76302454703358 53.428517545621595
50.7646819248408 53.42829214209333
