37.29547997479469 55.44141394141496
37.29524286006189 55.44127498808373
37.29499768786399 55.44104253668475
37.29416587861253 55.440253885990096
37.29410903668323 55.44021735359545
37.29399488778401 55.44014398992383
37.29382184804578 55.44001099705721
37.293727599413664 55.43998416920515
37.29357188106116 55.439939844010915
37.29345688829205 55.439914281532864
37.293292856811576 55.43987781792606
37.293077907556544 55.4398459666933
37.292762934254775 55.43980983137659
37.29257483066314 55.43977623284774
37.29247198907595 55.43975786357577
37.29249869201301 55.43975522032627
37.29363231075168 55.43964300655916
37.29401686699726 55.4396049404056
37.294092309885485 55.43958809242644
37.29446893098508 55.439503985036254
37.29516790848131 55.439270897360835
37.295527493621854 55.43915098668421
37.29583685761325 55.43904782322901
37.29671740099398 55.43897485941103
37.29718783417019 55.43893587825304
37.29719930162577 55.438936827991945
37.29843641908001 55.43903928651642
37.29883872637439 55.43907260575512
37.29951781703944 55.439128848294814
37.3000238977378 55.43903981385469
37.30019329181301 55.43893553860739
37.30036476196452 55.43882998537342
37.30136965910819 55.43821139291061
37.30147404426775 55.438147135714395
37.30165482986692 55.43803584809682
37.30203592707297 55.43794290210179
37.30284718790391 55.43781334812147
37.30300788215487 55.43778768611607
37.30320697210447 55.43775589252463
37.30451369512585 55.43750049029882
37.30467370225148 55.43746921651289
37.30482896353667 55.437438870313144
37.30504987325631 55.43739081406722
37.30534994539656 55.43739081406722
37.30624508347176 55.43744074919252
37.30650091639955 55.43745502078889
37.306658826172175 55.4374638297587
37.30794779273364 55.43758310971296
37.30806632562514 55.43759407865374
37.3096589666558 55.43774146040511
37.30984987407333 55.437759126827736
37.31144055449353 55.43790632714576
37.311463263339704 55.437908428604565
37.312797918456745 55.43803193654191
37.31303025415069 55.43811402488081
37.31309930021693 55.43813842008582
37.31311792090054 55.438144999105
37.313541858945975 55.43850989129789
37.31389773628014 55.43896318123096
37.313909289731605 55.43897789715337
37.31406786994788 55.43917988477304
37.31449888604504 55.43934584645955
37.31502787727925 55.43945797770004
37.31516448415974 55.43948656742008
37.31534731295065 55.43952483067541
37.31600688359157 55.43966286867104
37.31610485872861 55.43969192593601
37.31635687462293 55.43981392919601
37.316639925160864 55.439951072304446
37.31674352015959 55.440001265956255
37.316783979165194 55.44002086907672
37.317660912521056 55.44022594631223
37.31739697569751 55.44054892898833
37.31714495980319 55.44076387824335
37.31704007242795 55.44085200675423
37.31700257044145 55.440883516687784
37.31680688970104 55.44104793163496
37.316576853019974 55.441248911051055
37.31648092679264 55.44128392878064
37.316576853019974 55.441248911051055
37.31680688970104 55.44104793163496
37.31700257044145 55.440883516687784
37.31704007242795 55.44085200675423
37.31714495980319 55.44076387824335
37.31739697569751 55.44054892898833
37.317660912521056 55.44022594631223
37.316783979165194 55.44002086907672
37.31674352015959 55.440001265956255
37.316639925160864 55.439951072304446
37.31635687462293 55.43981392919601
37.31610485872861 55.43969192593601
37.31600688359157 55.43966286867104
37.31534731295065 55.43952483067541
37.31516448415974 55.43948656742008
37.31502787727925 55.43945797770004
37.31449888604504 55.43934584645955
37.31406786994788 55.43917988477304
37.313909289731605 55.43897789715337
37.31389773628014 55.43896318123096
37.313541858945975 55.43850989129789
37.31311792090054 55.438144999105
37.31309930021693 55.43813842008582
37.31303025415069 55.43811402488081
37.312797918456745 55.43803193654191
37.311463263339704 55.437908428604565
37.31144055449353 55.43790632714576
37.30984987407333 55.437759126827736
37.3096589666558 55.43774146040511
37.30806632562514 55.43759407865374
37.30794779273364 55.43758310971296
37.306658826172175 55.4374638297587
37.30650091639955 55.43745502078889
37.30624508347176 55.43744074919252
37.30534994539656 55.43739081406722
37.30504987325631 55.43739081406722
37.30482896353667 55.437438870313144
37.30467370225148 55.43746921651289
37.30451369512585 55.43750049029882
37.30320697210447 55.43775589252463
37.30300788215487 55.43778768611607
37.30284718790391 55.43781334812147
37.30203592707297 55.43794290210179
37.30165482986692 55.43803584809682
37.30147404426775 55.438147135714395
37.30136965910819 55.43821139291061
37.30036476196452 55.43882998537342
37.30019329181301 55.43893553860739
37.3000238977378 55.43903981385469
37.29951781703944 55.439128848294814
37.29883872637439 55.43907260575512
37.29843641908001 55.43903928651642
37.29719930162577 55.438936827991945
37.29718783417019 55.43893587825304
37.29671740099398 55.43897485941103
37.29583685761325 55.43904782322901
37.295527493621854 55.43915098668421
37.29516790848131 55.439270897360835
37.29446893098508 55.439503985036254
37.294092309885485 55.43958809242644
37.29401686699726 55.4396049404056
37.29363231075168 55.43964300655916
37.29249869201301 55.43975522032627
37.29247198907595 55.43975786357577
37.29204526105261 55.439821228864794
37.29092282707072 55.43998790025684
37.29034107896812 55.44006270034136
37.29012896769037 55.4400899732133
37.28883182157945 55.4402559348998
37.28875270318216 55.4402581596702
37.28854484594601 55.4402640045134
37.28851386804537 55.440264875596725
37.28842275804617 55.4401433563093
37.28836988557211 55.44007283687754
37.28780382769862 55.43944996832572
37.28775875431157 55.43940913371376
37.287599856029395 55.43926517848612
37.28728489474844 55.43897983667954
37.28713495181057 55.43884386358061
37.28684285507356 55.43857979393942
37.28671934500595 55.438468134837805
37.28667487844843 55.43842793490949
37.28582456057632 55.43767002289055
37.28578618629421 55.43763581882336
37.284953704395136 55.43689380450428
37.28491415440043 55.43685855249169
37.28426498810049 55.43627993247539
37.28410684952379 55.436138930234435
37.28405493178763 55.436099054650114
37.28399279118203 55.43605132735802
37.28298602165148 55.43527807478038
37.282927498859166 55.43523312616142
37.281919373265374 55.43445883205503
37.281857480995896 55.4344112954983
37.281782827119144 55.43435395734803
37.28085304379055 55.43366091003293
37.28078599850387 55.433610935426486
37.2797892951438 55.43286800686839
37.27971850317831 55.43281523954067
37.278825877878646 55.43214988929368
37.278683199106915 55.43202633747523
37.278625917232915 55.43197673458327
37.277753399811225 55.43122118340506
37.27765668930979 55.43113743753192
37.27741697305627 55.430929856693666
37.27695596837154 55.43049697795131
37.27681251377025 55.430362489262606
37.27680027660787 55.43035101692287
37.2760469975184 55.42964481777649
37.27680027660787 55.43035101692287
37.27681251377025 55.430362489262606
37.27695596837154 55.43049697795131
37.27741697305627 55.430929856693666
37.27765668930979 55.43113743753192
37.277753399811225 55.43122118340506
37.278625917232915 55.43197673458327
37.278683199106915 55.43202633747523
37.278825877878646 55.43214988929368
37.27971850317831 55.43281523954067
37.2797892951438 55.43286800686839
37.28078599850387 55.433610935426486
37.28085304379055 55.43366091003293
37.281782827119144 55.43435395734803
37.281857480995896 55.4344112954983
37.281919373265374 55.43445883205503
37.282927498859166 55.43523312616142
37.28298602165148 55.43527807478038
37.28399279118203 55.43605132735802
37.28405493178763 55.436099054650114
37.28410684952379 55.436138930234435
37.28426498810049 55.43627993247539
37.28491415440043 55.43685855249169
37.284953704395136 55.43689380450428
37.28578618629421 55.43763581882336
37.28582456057632 55.43767002289055
37.28667487844843 55.43842793490949
37.28671934500595 55.438468134837805
37.28684285507356 55.43857979393942
37.28713495181057 55.43884386358061
37.28728489474844 55.43897983667954
37.287599856029395 55.43926517848612
37.28775875431157 55.43940913371376
37.28780382769862 55.43944996832572
37.28836988557211 55.44007283687754
37.28842275804617 55.4401433563093
37.28851386804537 55.440264875596725
37.28854064899287 55.44031200880994
37.288672937944675 55.44054483116891
37.2888098423662 55.44083782525743
37.28888565912812 55.441092768991375
37.289095944667515 55.44179988149851
37.28914933982114 55.44205190619492
37.289348210498375 55.44299057419476
37.28954035062185 55.44389747403489
37.289755055781534 55.44491088066474
37.289966894002326 55.44591075536603
37.2900239145016 55.44617989166483
37.290156843659375 55.44683751246487
37.29035279343574 55.447806905868504
37.2903869440493 55.44797585415786
37.29056258874596 55.44880644224516
37.290575816271655 55.44886899252688
37.29072389656433 55.44978187493492
37.29074613001088 55.44984062375759
37.291124587951614 55.45084064678144
37.29123482014019 55.45113192016926
37.29153191204813 55.45168084170701
37.291591154094355 55.451777139072334
37.2920068865718 55.452452908138625
37.29222287716125 55.45278577071576
37.29275697379016 55.45360886574407
37.292861179761125 55.45376358216405
37.293402939142354 55.45456794175285
37.29347325480279 55.45467684393123
37.29399693669371 55.45548790221262
37.29404182644282 55.45556687836871
37.29411759988168 55.45568036285442
37.29428285273052 55.4559278590067
37.2945188498762 55.456265929108845
37.29472528128328 55.45657455305388
37.29513892446024 55.45719296762034
37.29530136596731 55.457442253621835
37.295746891850534 55.45812596659644
37.29590206207019 55.458359776708384
37.29654671833093 55.45933114320398
37.29697996296689 55.45998395517432
37.29717559419626 55.46028674404061
37.29778317618311 55.46122713102055
37.29841408342198 55.46220361973455
37.2990595781443 55.463202686273114
37.29949192627129 55.46387185448122
37.299676480050785 55.46414654654443
37.299708924436025 55.464194837157315
37.29984489753495 55.46442096228349
37.30026896747218 55.46502978194436
37.30082483516987 55.465827818196146
37.30091889274243 55.46598185175121
37.30110087918715 55.46627988218397
37.30151196498078 55.46672784835237
37.30166000934325 55.46685187421171
37.30217096884931 55.467279936386944
37.302064984337946 55.46732892395546
37.30199494887877 55.467348854259
37.30191783536787 55.467358912543034
37.30183084983746 55.46736282409793
37.30173492361013 55.467358912543034
37.30162595886646 55.46734084488468
37.301494828645026 55.46731197388422
37.30136388468811 55.46727583856752
37.30128028154502 55.46724829495813
37.3003869272855 55.46695397347854
37.30011444710972 55.46686143664144
37.298676725798934 55.46637317292701
37.29799286942168 55.46614092885273
37.29740799883175 55.46602991519935
37.29712664887427 55.465988771639665
37.29615592873445 55.46584681717709
37.29548722742201 55.46574929520781
37.29529892568213 55.46572183368478
37.29517394218983 55.46570283470383
37.294482900824015 55.4656029969216
37.29427186312389 55.465623858547744
37.294130860882944 55.46566185650964
37.2940259939587 55.46571792212988
37.29394860750884 55.465687324295985
37.29386223104922 55.465653171901494
37.29381588758117 55.46563484815437
37.29327087759832 55.46542790827367
37.29275082706103 55.46531689462029
37.29249497877998 55.46526377207185
37.29227075404616 55.46521721561568
37.2912769159215 55.46501086201543
37.29084413248864 55.464942917258874
37.29069956473827 55.46492022087112
37.290557934877825 55.46489798571687
37.28997492693309 55.464805971044434
37.28951187333864 55.46473891581756
37.2891593718734 55.46469542619264
37.28908298931743 55.46468600254753
37.28758609795048 55.464501324608534
37.28746125254072 55.46448592189229
37.28582738383534 55.46428434446872
37.285822985702495 55.464283801852126
37.28417281796127 55.46408021354626
37.284130083799184 55.46407494124852
37.28401192186306 55.464060363101225
37.28395692028688 55.46405357731973
37.28385161403572 55.4640405852337
37.28378808716472 55.46403274764984
37.28368931963594 55.464020562274165
37.28362835834242 55.46401304121666
37.28352863603169 55.46400073804542
37.28346862952012 55.46399333478348
37.28336854069833 55.46398098639419
37.283319403299274 55.46397492410151
37.28323885686484 55.46396498674076
37.28321103105879 55.46396622442554
37.28317857016841 55.4639676682777
37.28306555600853 55.463972695118805
37.28296425993372 55.46397720074246
37.28292405648627 55.46397898898159
37.282880623002775 55.46398092089189
37.28281720092759 55.46398374188968
37.28279338318253 55.46398480129693
37.282769842805784 55.463985848366896
37.282773295850944 55.46399283833686
37.28278778699181 55.46402217263011
37.2827892901555 55.46402521547159
37.28279283587737 55.46403239304624
37.28279607813033 55.46403895631132
37.28279721396468 55.46404125557113
37.28281086264362 55.46406888447587
37.28281223467892 55.46407166187527
37.28281288500881 55.46407297833253
37.282815850142 55.46407898062644
37.28281525615211 55.46411913434252
37.282814918819405 55.46414193803389
37.28279432267004 55.46417990257786
37.282766257403125 55.4642316348236
37.28276499992829 55.46423395270632
37.28275683836058 55.46424046459546
37.2827299821987 55.46426189238419
37.2827151893344 55.46427382022734
37.28270938289132 55.46427850210239
37.28268285727537 55.46429989034608
37.28267071982836 55.46430526580591
37.28265381626763 55.46431275209291
37.282601205976874 55.46433605225683
37.282594428064165 55.46433905407407
37.28257687276401 55.46434682900489
37.282549505958634 55.46435279872469
37.28248277519457 55.464367355190376
37.28242488091644 55.46437998408928
37.28241221574723 55.46438021568095
37.28232890415917 55.46438173909284
37.282261899462235 55.46438296432159
37.28226107559142 55.46438278463252
37.28218140300268 55.46436540776619
37.28210048574641 55.464347759433565
37.28204583262009 55.46433583939826
37.28203079930139 55.46432656269319
37.282015626234134 55.46431719975259
37.281967800046814 55.46428768734464
37.2819461454512 55.464274324806325
37.28190632044661 55.46424974973881
37.281901850146845 55.46424699122266
37.28187126935368 55.46419998923188
37.2818439218814 55.464157956782536
37.28184318303642 55.46414244103798
37.2818404787384 55.46408565077956
37.28183982406198 55.46407190257472
37.28186585905658 55.464019336680856
37.28187893961099 55.463992926418626
37.28188814669492 55.46398461346095
37.281917744275056 55.46395789018651
37.28193225562541 55.463944788074905
37.28194990639277 55.46392885142406
37.281977535549714 55.46391567017869
37.2819963644796 55.46390668732246
37.28202906198205 55.46389108808419
37.28207040242296 55.46387136549561
37.28207991902709 55.4638668253392
37.28208336287992 55.463866009260336
37.28217952053095 55.4638432230871
37.28219782446767 55.46383888566134
37.28230215824616 55.46383340042435
37.2823678839736 55.463829944964424
37.28243994051971 55.463842024619325
37.28255612664519 55.463861502215416
37.28255899137018 55.46386198246171
37.28256603639179 55.46386507874381
37.282656887257616 55.46390500763616
37.2826929155594 55.46392084204974
37.28271805166914 55.4639420829754
37.28276831007052 55.463984553149935
37.282769842805784 55.463985848366896
37.28279338318253 55.46398480129693
37.28281720092759 55.46398374188968
37.282880623002775 55.46398092089189
37.28292405648627 55.46397898898159
37.28296425993372 55.46397720074246
37.28306555600853 55.463972695118805
37.28317857016841 55.4639676682777
37.28321103105879 55.46396622442554
37.28323885686484 55.46396498674076
37.283319403299274 55.46397492410151
37.28336854069833 55.46398098639419
37.28346862952012 55.46399333478348
37.28352863603169 55.46400073804542
37.28362835834242 55.46401304121666
37.28368931963594 55.464020562274165
37.28378808716472 55.46403274764984
37.28385161403572 55.4640405852337
37.28395692028688 55.46405357731973
37.28401192186306 55.464060363101225
37.284130083799184 55.46407494124852
37.28417281796127 55.46408021354626
37.285822985702495 55.464283801852126
37.28582738383534 55.46428434446872
37.28746125254072 55.46448592189229
37.28758609795048 55.464501324608534
37.28908298931743 55.46468600254753
37.2891593718734 55.46469542619264
37.28951187333864 55.46473891581756
37.28997492693309 55.464805971044434
37.290557934877825 55.46489798571687
37.29069956473827 55.46492022087112
37.29084413248864 55.464942917258874
37.2912769159215 55.46501086201543
37.29227075404616 55.46521721561568
37.29249497877998 55.46526377207185
37.29275082706103 55.46531689462029
37.29327087759832 55.46542790827367
37.29381588758117 55.46563484815437
37.29386223104922 55.465653171901494
37.29394860750884 55.465687324295985
37.2940259939587 55.46571792212988
37.29392259947617 55.46576775172407
37.293767353977145 55.46584257022528
37.29352587372495 55.46595894841758
37.293012901239386 55.466176877904914
37.29244139570804 55.466446725393304
37.29242393283003 55.466454970831904
37.292280881679375 55.46659783571805
37.29223897216258 55.4667008399971
37.2920849314053 55.46712887586196
37.29197748050896 55.46743250191422
37.29197484907451 55.46743993760884
37.29167788255293 55.468317545252
37.291487953621626 55.46887883101878
37.29134450400189 55.46925458756373
37.29100769436739 55.47013683754667
37.29077288413285 55.47075190702271
37.290747924687295 55.47081486443017
37.290665968298896 55.4710318625949
37.290743575163745 55.47109229467008
37.291139825235454 55.47140085260721
37.29120296890742 55.47145095776284
37.29174068134996 55.47187462484382
37.29181596543974 55.47193394166083
37.29213596788352 55.47218595755516
37.29273236382535 55.472659770971674
37.29368289471454 55.473414930852094
37.293702257681986 55.47343093934319
37.29422585578768 55.47386382834309
37.294647589597474 55.47421280566815
37.29478297296426 55.47432483302783
37.29513389531822 55.474614846884045
37.2952858871658 55.474749888660384
37.29545687799432 55.47489293981104
37.29555855347965 55.47497711072564
37.29647388226853 55.47573485543731
37.29647783878814 55.475738209021166
37.29722192057718 55.47636889986028
37.2973706011636 55.476491756250894
37.29829788817081 55.47725798362133
37.29902999026395 55.47786292756788
37.29931914860043 55.4781018854734
37.29958897008573 55.47832486357521
37.29976294114656 55.47848393347451
37.300279825187026 55.47895685908847
37.300294481830115 55.47897255562725
37.30041896478278 55.47910587070374
37.30073095785225 55.47944189189617
37.301065861457566 55.47984291940576
37.30110257360902 55.47989410386554
37.30176487735485 55.4808174945712
37.30194093216824 55.48106295200578
37.30202195723404 55.48117694589146
37.30243477836519 55.481763791196634
37.3030920399019 55.48269812042056
37.303207903427065 55.48286282605371
37.3035059266576 55.48318487740721
37.30388385736683 55.48345086314047
37.3039600362396 55.48348674680054
37.3040896757428 55.4835478128113
37.304195850436294 55.483597825846026
37.30422313719317 55.48360850084897
37.304360913870134 55.48366240122413
37.30449621518441 55.483715333198965
37.30462730537831 55.48376661771813
37.30474290932885 55.483811843778454
37.30475085796872 55.48381423993808
37.304876679599595 55.483852169535744
37.30500342353968 55.483890377168414
37.30513508208029 55.483930066333464
37.30519087549725 55.48394688555479
37.30528315079179 55.483963177534754
37.3054388785668 55.48399067258424
37.30559916385929 55.48401897230181
37.30568987814389 55.48403498867232
37.30575506224114 55.48404296420327
37.30591103048658 55.484062047532205
37.30605940155793 55.48408020131697
37.30612983493797 55.48408881911834
37.30619710043537 55.48409731064175
37.30632144222906 55.48411300741487
37.306421013485895 55.4841255771823
37.30648690402106 55.48413389513196
37.30648280245656 55.48417138599496
37.3064785620504 55.484210145957505
37.30647498309184 55.48424285987562
37.30646556988455 55.48427462328974
37.30644809778024 55.48433358020715
37.30642779879266 55.484402076005566
37.30640778803138 55.48446959922886
37.30640383004555 55.48448295484073
37.306380521924424 55.48454599355061
37.3063554694885 55.48461374990181
37.3063316478308 55.48467817751314
37.306312857610656 55.48472899719227
37.30630002886241 55.484763693585634
37.30629409803283 55.48477973399675
37.30628941579896 55.48479239747921
37.30628592460496 55.48480183969741
37.30632374460463 55.48481492454786
37.30635249873165 55.4848248728148
37.30637519935823 55.48483272670974
37.30639554513592 55.4848397658811
37.306412694590904 55.48484569919828
37.306443407897675 55.48485632529637
37.30644797473657 55.48485790531765
37.30648899201212 55.48487238159898
37.30656434036485 55.48489897439282
37.30666122629736 55.48493316847319
37.3067734568203 55.48497277814016
37.30690909505501 55.48502064912183
37.307050282509735 55.48507047859705
37.30719960979267 55.48512318087263
37.30735189051043 55.48517692550785
37.307506981603154 55.48523166201244
37.30765847031476 55.48528512712389
37.30781118538905 55.48533902505714
37.30796584212525 55.4853936082637
37.308113079509454 55.48544557294854
37.30825736345883 55.48549649527373
37.30840092693199 55.48554716332029
37.30853923248182 55.485595975681
37.308667803837174 55.48564135253958
37.30867197309446 55.48564282400107
37.30867582952542 55.48564822600553
37.30871984307587 55.48570987922795
37.308714323317375 55.4857599020393
37.3087139351641 55.48576341967839
37.308707922146645 55.48581791264902
37.30870076585302 55.485824040005106
37.30861020526651 55.485901579719105
37.30849832437526 55.485997374287635
37.30839761102128 55.4860836069962
37.30827953800647 55.48618470337989
37.308175373480914 55.48627389104785
37.30810293498865 55.4863359142766
37.308072600972594 55.48636201627422
37.30797992384798 55.48644176364697
37.30789599510795 55.48651398315685
37.30789322108886 55.48651636612752
37.30780732598835 55.48659015275241
37.30772224208679 55.48666324253159
37.30763543752343 55.48673781041401
37.30754914100474 55.48681194186989
37.30747012855143 55.4868798160818
37.307389903480995 55.486948731970415
37.307322747495114 55.48700642109948
37.30726906201196 55.487052538638
37.30724008882781 55.48707742752525
37.307227929206086 55.48708787302727
37.30722671658896 55.487088914703975
37.307223381891866 55.4870917793149
37.30721186202916 55.48710167524358
37.30719263995769 55.487118187614705
37.307181705490606 55.487127580669906
37.30717172231225 55.48713615653783
37.30716913817556 55.48713837639348
37.307166119183066 55.48714096980411
37.3071498262028 55.487154965992666
37.307138732846106 55.48716449553911
37.30713280147481 55.487169590775814
37.307102960640854 55.48719522500184
37.30708056903707 55.48721446010209
37.307078798199605 55.487215981307834
37.30706947568038 55.48722398964853
37.30706488282379 55.487227935058506
37.30701204284107 55.48718226080664
37.307010840715215 55.48718122170336
37.3070075348691 55.48717836416934
37.307004736613806 55.48717594539078
37.30699611467343 55.48716849268819
37.30699151106074 55.487164513380186
37.30698996600457 55.48716317785204
37.306970516257024 55.48714636572185
37.30696922933348 55.48714525332047
37.30694512815286 55.48712442054692
37.306931406936336 55.48711256009074
37.30691333541583 55.4870969392836
37.30689594090497 55.48708190367554
37.3068645112753 55.48707769394598
37.30681557700998 55.487071139620475
37.306766962684634 55.48706462814819
37.30670887124923 55.48705684729822
37.30665811804169 55.48705004934099
37.30659711655312 55.487041878714344
37.30653334904865 55.48703333760357
37.30648322297484 55.48702662364553
37.30642513153942 55.48701884279557
37.306357569367066 55.48700979342154
37.30629759015736 55.487001759720386
37.30623603036714 55.486993514314015
37.30616247218574 55.48698366182596
37.30611996291846 55.48697796807389
37.306094891662845 55.486979384312754
37.30603379510509 55.48698283556869
37.305997959658455 55.486984859861096
37.3059921545804 55.48699673299894
37.30597843228427 55.487024799238824
37.305969696774554 55.48704266599445
37.30595789880294 55.48706679640955
37.305950303633665 55.48708233082455
37.30593957473123 55.48710427467031
37.30593276354602 55.48711820560113
37.30592599718074 55.48713204486166
37.30591975616576 55.487144809622166
37.305909127189025 55.487166549089686
37.305905681189834 55.48717359719876
37.305904887649504 55.487175220228394
37.30590350263771 55.4871780529958
37.30590179580363 55.487181543986985
37.30589741151848 55.48719051117424
37.30589613451514 55.48719312303173
37.30589292510454 55.4871996872457
37.305892142594 55.48720128771609
37.30589114920226 55.48720331950221
37.30588694600508 55.48721191630986
37.30586559573635 55.48720972061616
37.30585400261801 55.487208528362466
37.305847306292335 55.48720783970228
37.30583490942019 55.48720656478933
37.30583251580767 55.487206318626626
37.305826636790705 55.487205714019694
37.30582317051791 55.487205357543
37.30582125492193 55.48720516054023
37.30581851848748 55.4872048791212
37.30581525779501 55.48720454378669
37.30579151256677 55.487202101791766
37.305749611606345 55.48719779263408
37.30568203273703 55.48719084272168
37.30560334377849 55.48718275023103
37.30551787808345 55.48717396081062
37.30542927333566 55.487164848565314
37.30533385415225 55.48715503551321
37.30523847266797 55.48714522633815
37.30514831724337 55.48713595461891
37.3050819789155 55.48712913228566
37.305009794257224 55.487121708707015
37.30494133122328 55.4871146678658
37.30487794345253 55.487108148972276
37.30483186847822 55.487103410552734
37.30478784281173 55.48709888288708
37.304744550513355 55.48709443064211
37.30470264955293 55.48709012148443
37.30467360639652 55.48708713464261
37.30464235459344 55.487083920660254
37.304616215752674 55.48708123250262
37.30459565080608 55.487079117572634
