38.791542994787015 58.05299188315105
38.79175198357743 58.05303695916467
38.79186597746311 58.05338899910574
38.79222490919139 58.05339998871237
38.792787223629894 58.05250304439148
38.792839954633415 58.052418933490344
38.792828965026786 58.05224887398442
38.79276832649081 58.05157039222568
38.792764890032224 58.05153194185045
38.792756880657905 58.05143787826832
38.792050938130565 58.05142986889399
38.7920229984527 58.05132295306004
38.79189667386595 58.050735886472786
38.791878829714925 58.05065295958488
38.79175086599032 58.05003195367825
38.79174397420311 58.05000196509068
38.79169044697779 58.04974313637748
38.79159794282015 58.04929583629882
38.7915789438392 58.0492049392135
38.79126099030512 58.0492049392135
38.79067686477326 58.0492058705361
38.79026782788935 58.04920698812322
38.790208108722815 58.0492073641885
38.79011993386119 58.04920791944581
38.788416556936006 58.049211028848624
38.78736489535939 58.04921294858783
38.78696889699181 58.04921294858783
38.78681895405394 58.04921294858783
38.78670016268872 58.04920872008724
38.78659394651489 58.0492049392135
38.78651199012649 58.04919991007149
38.78624283789641 58.04918184241314
38.786381972289995 58.04908371687046
38.78657587885654 58.04894696285457
38.78703297198638 58.04862398017848
38.787384825662926 58.04837494451645
38.78742601881569 58.048346274341
38.78762194039573 58.048209914152544
38.78790990534223 58.04800893473645
38.7883439016717 58.04770793127361
38.788575462641575 58.04754893877523
38.788592937333725 58.047536940445084
38.788898969938586 58.04732590274496
38.789134967084266 58.04716385261336
38.789452920618345 58.04694499180343
38.7897228179065 58.04675295308425
38.789748182629566 58.04673557026705
38.79014899112617 58.04646089031832
38.79043397584037 58.046264940044246
38.79084599295659 58.04598088665264
38.79091864630873 58.04593064170987
38.79123491327245 58.04571192068707
38.79146290104381 58.04555191946518
38.79159794282015 58.04545692456045
38.791874918160026 58.04527699303501
38.79208193470544 58.04513676995389
38.79285690470465 58.044611842437355
38.79318081870334 58.04437081614966
38.79321328957048 58.04434451063703
38.79338682726145 58.04420392314056
38.79363493160088 58.04399791458244
38.79381095157141 58.043822825934505
38.793971884115905 58.04362985589273
38.79408289776928 58.043471903580546
38.794102879609994 58.043439379946186
38.79418795095804 58.043300912752024
38.794293935469405 58.043102913568234
38.79435484396714 58.04293285406231
38.79442096787142 58.042723865271896
38.794465561033725 58.04243458564336
38.794521923240765 58.04206895922279
38.79457184213188 58.041883998555335
38.79461896705521 58.04171393904941
38.79468981157844 58.041534387483985
38.79469529690748 58.041520485217866
38.79487582582703 58.0410629445552
38.7949831998079 58.040648370230784
38.79501726350494 58.04051684922287
38.795217876988914 58.03974227423818
38.795265863729995 58.03955699591839
38.795279078801634 58.039520006834486
38.795340928331186 58.03934688954086
38.79541692425497 58.039168820660606
38.79551899721143 58.03900397656122
38.79564193179403 58.03884583798451
38.79571550464242 58.03876742049543
38.79580882480313 58.03866795536879
38.79591214373803 58.038574968327374
38.7959578364184 58.03853384491504
38.79616794279593 58.038361922763926
38.796764878394434 58.03793844182073
38.796957096005805 58.03780207787198
38.797887177543714 58.03714225492303
38.79809484924588 58.03699492745835
38.79811146891534 58.03698239850721
38.79878197905679 58.03647692583077
38.79889087928884 58.036386923082894
38.79916761572794 58.03615820878645
38.799437816428494 58.03593489608023
38.799714978032895 58.03570485939916
38.79986888075817 58.035574652552775
38.80007186085146 58.03540292461372
38.80008498292074 58.03539143674409
38.800424832115134 58.03509391177656
38.80075694175267 58.03479793745573
38.80085674087442 58.03470506081641
38.80088583679987 58.03467798310544
38.801024113128605 58.03454949625131
38.80182026436208 58.03380970970693
38.80190044983341 58.03373520108313
38.802211853911245 58.03344584331168
38.80272051296551 58.032984731608714
38.80280038743109 58.03291232347886
38.8035708398425 58.03221388978244
38.80341469485369 58.03213827968582
38.8030935167372 58.031982755588594
38.80306885696356 58.03197081458503
38.80256184494261 58.03172382783273
38.80217605339168 58.03150427291117
38.80209283088355 58.031456910776875
38.80188433969189 58.03132334793224
38.80142786655041 58.03103092382173
38.80099468337479 58.030743498418495
38.80099387022094 58.030742958875216
38.800796282092065 58.030607565556885
38.799916888771584 58.0300049788506
38.79982189386685 58.029941835178626
38.799793866816216 58.02992346936289
38.799673315333045 58.02984447331172
38.798698186388 58.02920548211876
38.798499586528386 58.02907534183131
38.79767184252304 58.028532930356256
38.797557921667995 58.0284576038622
38.79743174258405 58.02837417200933
38.79637802906597 58.02767743790363
38.796200034325025 58.02755974461743
38.79517675122829 58.02688313164715
38.79510576466238 58.026836194068146
38.793929186157065 58.02605821944921
38.79387919407546 58.02602516379635
38.79278584581672 58.02530222249571
38.7926610173529 58.02521968369686
38.791608630569776 58.02452382685189
38.79144335205047 58.02441454175745
38.79040079195575 58.0237251824935
38.7902709416287 58.02363932314943
38.789182837065674 58.02291984907359
38.789174242882176 58.022914201616835
38.789132692387234 58.02288689772887
38.78887699072533 58.02271886965749
38.788009938808514 58.02214765996401
38.78796211024539 58.022116150733304
38.786799403514074 58.02135016504927
38.78678124484564 58.02133820220456
38.78662896424448 58.02123788046624
38.78561129199396 58.02054855748372
38.78558271183587 58.02052919863827
38.785007904134865 58.02013985112622
38.78481586541569 58.02002194568564
38.78463984544515 58.01993291124552
38.78444389517107 58.019856915321725
38.78425062068074 58.01979324344799
38.78423802842763 58.019789095087035
38.784188899044445 58.01977291002362
38.78289398810776 58.01940392001131
38.78268578984552 58.01933951923925
38.782499116457906 58.01928177663297
38.78218283017388 58.019183941614266
38.78182799626502 58.019052997657354
38.7813798438321 58.01885294956385
38.78129330134346 58.01881282568831
38.78094100796694 58.018649491171175
38.780585984451754 58.018484890874134
38.77989367207968 58.01817267618007
38.77949854106036 58.01799448246971
38.77894089621918 58.01774299929462
38.778545743795526 58.017566132204145
38.77817065423722 58.01739824509306
38.77815187971633 58.01738984176643
38.7778158585239 58.01724883952548
38.77744183936958 58.017104857052225
38.77705811386841 58.01696380726755
38.777033920072775 58.016954914114365
38.776616269392626 58.01680447312053
38.7756708363221 58.01646392084205
38.775480781885534 58.0163952920906
38.775197247886354 58.016292907822645
38.77469592782921 58.01611188090098
38.77425392212541 58.0159529972662
38.7739512583536 58.015844685366446
38.77377298713713 58.01578088885056
38.7737197965513 58.01576177142241
38.772946903994985 58.01548398320713
38.77253420886702 58.01533138867027
38.77230284971286 58.01524584333526
38.77201092478657 58.015137903730675
38.77173096921439 58.015025958754705
38.771593878528336 58.01496393266984
38.771530921120885 58.01493282649516
38.771458836752 58.014886819158946
38.77140388871887 58.01483988050013
38.77136197920208 58.01478791269931
38.771319883420766 58.01471489700783
38.77131056491321 58.014693020224854
38.77126791561994 58.014592893747825
38.77119947950524 58.01441047610415
38.771159882198866 58.01430492880131
38.77111797268207 58.014219992180614
38.77104588831319 58.01411195875954
38.77096393192479 58.014005974248185
38.7708029993803 58.01379698545777
38.7707920338849 58.01378361860388
38.77070688688845 58.013679825075265
38.770533952019555 58.01346790966285
38.77051186793697 58.013440847697275
38.77010396133153 58.012940744657335
38.76987484328169 58.012659840568745
38.76985552113502 58.012635451725835
38.769832933764896 58.01260694144533
38.76942153663632 58.012084346878595
38.769373977989865 58.012023933500586
38.76933393111826 58.01197382834495
38.76918445786374 58.01180203790312
38.76917299857377 58.0117888676775
38.76900591930015 58.0116219746684
38.76891390462772 58.01154188092519
38.76875893254784 58.01143794532354
38.7685109574835 58.01128703507631
38.76830686856002 58.01116283262885
38.76811779733576 58.0110502628105
38.76772590952499 58.010816939416905
38.767409818636104 58.01062899851715
38.7673583616282 58.01059732022696
38.766887640470145 58.0103075318764
38.766181859527265 58.00987303452741
38.76571672415521 58.00958668493393
38.765690969653974 58.00957082978422
38.76539983821064 58.009283982424826
38.765361840248744 58.009246915785525
38.7653018630736 58.009152852203385
38.765243492251194 58.00906030115109
38.76519084942022 58.008976832232854
38.76504457971478 58.00870732506597
38.7647612962342 58.00818536511505
38.76450549054229 58.007714033973095
38.76427115075873 58.007282254535504
38.764097849222225 58.00696294025249
38.763961700884735 58.00671778039743
38.763751292177304 58.00633890123391
38.76349695988365 58.00588092966112
38.76337404113944 58.005722638942245
38.76314184329115 58.00542362218477
38.76264078301696 58.00477837323184
38.76248591607405 58.0045789406727
38.76247999650784 58.00457175556589
38.761892478215564 58.00385863208017
38.76179179323809 58.00373642172002
38.76113345059356 58.002937332385045
38.76109191241321 58.00288691378132
38.76104706858742 58.00284373335256
38.760845856983494 58.00264998531304
38.76022507370921 58.00215113156754
38.760091694964544 58.00204395006136
38.759817863102654 58.0018239021709
38.759258749612215 58.00138000375252
38.75909473536826 58.00124978749996
38.75898898599272 58.00116582962496
38.75810305353737 58.00045947192532
38.757537985389035 58.000008940696915
38.7573248987792 57.99983198940378
38.757148685997464 57.99968490132624
38.75633881441516 57.99900888649394
38.75614070828758 57.99883933010141
38.75519496400345 57.998029880181626
38.755191714648 57.99802668100927
38.75500199396168 57.997839890372155
38.754871981327355 57.99766983086623
38.75486192304332 57.99750182027001
38.75488390225657 57.997290968834406
38.75493732161568 57.99712069851401
38.755203904700366 57.99627098432789
38.755190520847385 57.99617610768121
38.75516199518357 57.99597389241995
38.75495784927065 57.99525099982137
38.754934752267125 57.99517156986919
38.75487086374024 57.99495185900372
38.754829885546044 57.994621984540416
38.754898010231045 57.99420081763538
38.75505111520542 57.99325427750529
38.75511393893765 57.99286588265447
38.75515286822214 57.992657825186654
38.7551359181509 57.99244399351874
38.75505077802504 57.99232876277307
38.75499994505196 57.99225996417388
38.75481591570711 57.99207798373873
38.75417927865094 57.99154287931652
38.75399486170698 57.99138787369552
38.75325785191328 57.99076803395894
38.75223391694353 57.989906884504265
38.75222475499869 57.98989883867496
38.75126873969463 57.98905928592889
38.75094496647146 57.988774955021775
38.75037483647046 57.988278964910016
38.75020586885972 57.988131969901886
38.750391045285944 57.988040574083904
38.751342927903494 57.98757076217409
38.75140494690305 57.98754015202943
38.75260624855181 57.98694723667258
38.75265767131666 57.98692185641359
38.75292495830934 57.98678993404187
38.752455944250286 57.98603593526861
38.75292495830934 57.98678993404187
38.75265767131666 57.98692185641359
38.75260624855181 57.98694723667258
38.75140494690305 57.98754015202943
38.751342927903494 57.98757076217409
38.750391045285944 57.988040574083904
38.75020586885972 57.988131969901886
38.749682722722355 57.987644496169494
38.74954481608148 57.98751599313727
38.749207863566454 57.98709596664673
38.74902579573026 57.98679588739016
38.74844082691944 57.98583175770344
38.74794890168195 57.98502097990411
38.74787297009462 57.98489686492052
38.74734920034494 57.98404073012644
38.746784404925194 57.983117536278975
38.74625662264621 57.982254842751864
38.74616187988583 57.98209997971579
38.74611084340761 57.981999955669046
38.74608290372974 57.98192395974526
38.74606893389081 57.98184088576974
38.74606893389081 57.98177085031057
38.74608383505234 57.98170696158052
38.746118852781926 57.98163897503105
38.746182927776495 57.98155496973295
38.74635987906962 57.9813769008527
38.74642433023715 57.98131499944259
38.74732847213708 57.980446626367474
38.747649947128814 57.980137869271736
38.74800086948277 57.979785829330666
38.748092884155206 57.979678913496706
38.74814283428288 57.979611359169304
38.74815789047236 57.9795909966437
38.74820687804088 57.97949488415185
38.748246924912486 57.979397840337406
38.74826294366113 57.979310854807
38.748265923893435 57.97920487029563
38.74824599358989 57.979054927357765
38.74816883283027 57.97869830690291
38.748122872742776 57.97848588925196
38.74801595690882 57.978074989722856
38.747998820573066 57.9780168751929
38.74827095303545 57.97800085644426
38.74837190840479 57.977996944889355
38.74913596546209 57.978089890884384
38.749462767492645 57.97813655017286
38.749786959956296 57.978182836879405
38.750149989504 57.97824896078368
38.75052493998091 57.97824896078368
38.75113793651323 57.97809696893611
38.75121024035466 57.97807835462055
38.75275844515826 57.97767977589776
38.75335187658709 57.9775269995077
38.753864849072656 57.977353959769474
38.75423589302113 57.977216338205665
38.754239985814095 57.977214820173714
38.75424323002592 57.9772145527189
38.754639895736574 57.97718185135383
38.755315849676336 57.97718185135383
38.75577797194819 57.97712187417869
38.75592068206614 57.97703962662689
38.7560659368947 57.97695591249219
38.75634086332487 57.976743943469465
38.756528990489144 57.9765979120865
38.757243845500795 57.976437980741125
38.757891887975305 57.976292997068754
38.758329982124195 57.97615981793761
38.75883278262156 57.97612300575834
38.75895583090833 57.97611399686591
38.75968095868113 57.97613392716946
38.760243850057805 57.97613988763407
38.76058872333564 57.97607812695469
38.76086895378386 57.97602794265809
38.762187459623455 57.975774599529544
38.76235795234944 57.975741840356775
38.7629079914743 57.975569918205665
38.763320939913115 57.97525084708447
38.763467473210845 57.9751773007919
38.76380895295312 57.975005909241865
38.76434688488424 57.97479394021915
38.76488235948189 57.97463279480249
38.76492188345466 57.974620900480915
38.766367188534424 57.9741641770279
38.76706094519185 57.97394494654115
38.767813923197394 57.97366829931227
38.76832381863126 57.973480961624105
38.7691878997353 57.97310191332777
38.76919148565012 57.973100765108555
38.76984988383613 57.972889944305045
38.77012592785342 57.972856975485165
38.770637969016384 57.97294992148019
38.77088627919197 57.97300861670332
38.77131485427875 57.973109922702086
38.771724822485254 57.973262845872256
38.77235998449534 57.973364918828715
38.77244728901507 57.97338366167244
38.77272785692054 57.97344389498481
38.773066858345274 57.9734828242693
38.77353494108174 57.97353088051522
38.77410063090688 57.97361065516793
38.77417289705961 57.97362084627794
38.77433289828151 57.97360892534872
38.774617882995706 57.973678960807895
38.77566140942787 57.973972582808685
38.775690952890166 57.973980895593336
38.77602082735346 57.97409898729843
38.776191818181985 57.974178894777125
38.776240992015026 57.97424688132659
38.77625794208626 57.9743299553021
38.77613798773597 57.97450299504033
38.77616294718153 57.9748198309873
38.77616400069878 57.97482330346276
38.77625794208626 57.975132941643885
38.7763119587968 57.97541885768068
38.77618883794968 57.97566491311039
38.776118286405186 57.97575303840325
38.77598394697869 57.975920840559624
38.77598785853359 57.97601583546435
38.77603982633441 57.976152926150405
38.776046904386135 57.97636284626341
38.77602399385029 57.97654091514366
38.77597786014161 57.97665878352049
38.77595786994601 57.976709857062474
38.775736960226375 57.97711591371408
38.77549183611926 57.97749291310071
38.77544546979569 57.97752981267863
38.775241869134646 57.9776918436071
38.77456591519488 57.9780168751929
38.774211839479335 57.97818059117207
38.7739668885015 57.97829385053278
38.77375883103368 57.978421814257395
38.7736038589538 57.97859392267303
38.77325154629085 57.978927856659574
38.77320394903132 57.97897297096937
38.77296888320824 57.97917693061777
38.772924924781734 57.97940398706654
38.77282490073498 57.97970592185197
38.77284163699411 57.97982816930998
38.77285488932255 57.97992496892642
38.772872956980905 57.9800028274954
38.77289288728445 57.98020399317601
38.77282694964469 57.98045191125092
38.77276492355983 57.98073689596512
38.7727636400308 57.98076499537771
38.77275281636609 57.98100195037578
38.772685947403744 57.98123999643117
38.77251197634292 57.98144898522159
38.772416981438184 57.98153392184229
38.772401894012134 57.98163897503105
38.77241042592008 57.98165406470867
38.772471929471315 57.98176284093625
38.77251495657522 57.98192395974526
38.772468949239006 57.98203087557921
38.77237898347629 57.98214282055518
38.77223984388053 57.982202983994846
38.77206997063912 57.982231854995305
38.771777907873194 57.982234835227615
38.77158382024431 57.98222291429839
38.77138693864763 57.98223390390502
38.77119602596304 57.982281911188274
38.77119583125105 57.98228196015094
38.77098591113804 57.982388875984896
38.77075382554726 57.98258296361379
38.77061487221602 57.98272694608704
38.770527886685606 57.982829950366096
38.7704468616198 57.98297598174906
38.770381855302645 57.983081966260414
38.77037446831456 57.98309412949285
38.77031386875318 57.98319391123639
38.77024085306169 57.98329095505083
38.77012983940832 57.98342283033035
38.76969286284654 57.983870982763264
38.76962963144083 57.98393798448882
38.76954291990868 57.984029866398046
38.76940899571945 57.984183907155334
38.76928084573032 57.984328820951184
38.7691469215411 57.98447392101155
38.76904987772666 57.98458791489723
38.76897388180287 57.984688870266574
38.76888987650476 57.98476598377748
38.76887858132385 57.98477910813749
38.76879786183233 57.98487289961143
38.76860098023566 57.98506493833061
38.76848884899517 57.98520389166185
38.76835790503825 57.98533595320588
38.76824186224286 57.98545683887877
38.76813699531861 57.98559486088741
38.768124104325466 57.985607247763504
38.76803697127186 57.98569097337926
38.76793992745742 57.98580086944552
38.767866911765935 57.98590890286659
38.76779091584215 57.98597986964836
38.76762793438795 57.98609181462434
38.76753387080581 57.98616594790293
38.76737088935161 57.98630695014388
38.7672629971979 57.98641484229759
38.76725596414334 57.98642187535216
38.76715091095457 57.98649582236624
38.7670799441728 57.98655095666388
38.766943971073864 57.98667091101417
38.766811909529835 57.98679086536447
38.76666289791456 57.986915848856775
38.76650792583468 57.987050890633114
38.76635891421942 57.987166933428504
38.766331409871995 57.9871857576967
38.76626093908237 57.987233988655376
38.7661489941064 57.987289868011096
38.766056979433976 57.98734388472163
38.76597595436817 57.98741392018081
38.7659049875864 57.987502954620936
38.7658209822883 57.98757988186732
38.7657049394929 57.987682886146374
38.76559299451693 57.987795948709454
38.76548496109586 57.987902864543415
38.76544239728931 57.98797523094077
38.76538493704911 57.98807292404934
38.76527783495064 57.98823497418094
38.765185820278205 57.98840186719004
38.765125843103064 57.98854789857301
38.765085982495975 57.98870082174318
38.76507592421195 57.98882096235799
38.765086684951136 57.98887601730267
38.76509194296059 57.98890291874639
38.765114853496435 57.98893998538568
38.76519699614936 57.989035911613016
38.765261816202 57.98912792628544
38.76529385369928 57.98921584313845
38.7653828881394 57.98930096602368
38.76552184147064 57.98938497132178
38.76568184269254 57.98948592669113
38.7657449863645 57.98957999027326
38.76577087713266 57.989704973765576
38.765760317177005 57.98973372311853
38.76573194784817 57.989810958276934
38.76565297169208 57.99000299699611
38.76561385614307 57.99019298680558
38.76559783739443 57.9903688205116
38.76561087591077 57.99053385087551
38.76560346975864 57.99066802279419
38.76560286653644 57.99067895093588
38.765555927877635 57.990818835589714
38.7654169745464 57.99116193483387
38.76532682251916 57.99141190181848
38.76521952626665 57.991622789342415
38.76519196700734 57.99167695622914
38.76513087224508 57.99188482743244
38.7650979034252 57.99211095255861
38.76511392217384 57.992262944406185
38.765261816202 57.99255388958501
38.765273413169744 57.99257311613679
38.76536798697788 57.992729909555536
38.76549893093479 57.99288897945484
38.76556896639397 57.993047863089615
38.76555685920023 57.99320395275661
38.76536388915846 57.993529915665015
38.76536041862773 57.99353497255043
38.76504481803726 57.99399483190465
38.76479485105265 57.99436587082668
38.76474810249673 57.9944278097194
38.76464695702449 57.99456182110075
38.7643718443298 57.99476782965886
38.76412187734519 57.995058961102195
38.76391621741293 57.99524530740912
38.76386799880567 57.99528899778326
38.76371190913868 57.99551996578693
38.7635608486137 57.99573286613225
38.763338821306945 57.99599996945262
38.76326418431327 57.99612012579798
38.76318794704649 57.99624285838551
38.762904824977475 57.99643396578209
38.762523914035945 57.99662097535926
38.762404891008245 57.99679699532979
38.762446051853544 57.99691219550047
38.76246598577051 57.99696798615831
38.76238794093701 57.997081980043994
38.76217597191429 57.99725390219511
38.76172483924906 57.99740198248778
38.7612537584225 57.99752668035364
38.76115486982066 57.99755285674824
38.76061786921213 57.99774191523512
38.76027998537451 57.99792892481228
38.76016692281142 57.99804496760767
38.760040821732005 57.998153932351336
38.75995742729258 57.99820168848101
38.75964985250644 57.99837782230328
38.75960291384763 57.99898988751299
38.759700053131546 57.99916432214143
38.75971597641072 57.9991929158388
38.759735392999744 57.99920183533438
38.76001399964125 57.99932982026033
38.76025297701924 57.99940786509382
38.760650838032014 57.999554827799386
38.76096897783061 57.99969191848543
38.76095937446055 57.999785071175005
38.760942900797936 57.99994486570235
38.76071696193629 58.000232830648855
38.76029377841387 58.0006064707345
38.76006783008727 58.00080596657408
38.759917887149406 58.00088084491076
38.759521888781826 58.00100191684817
38.7590622425428 58.001143297026545
38.75898898599272 58.00116582962496
38.75909473536826 58.00124978749996
38.759258749612215 58.00138000375252
38.759817863102654 58.0018239021709
38.760091694964544 58.00204395006136
38.76022507370921 58.00215113156754
38.760845856983494 58.00264998531304
38.76104706858742 58.00284373335256
38.76109191241321 58.00288691378132
38.76113345059356 58.002937332385045
38.76179179323809 58.00373642172002
38.761892478215564 58.00385863208017
38.76247999650784 58.00457175556589
38.76248591607405 58.0045789406727
38.76264078301696 58.00477837323184
38.76314184329115 58.00542362218477
38.76337404113944 58.005722638942245
38.76349695988365 58.00588092966112
38.763751292177304 58.00633890123391
38.763961700884735 58.00671778039743
38.764097849222225 58.00696294025249
38.76427115075873 58.007282254535504
38.76450549054229 58.007714033973095
38.7647612962342 58.00818536511505
38.76504457971478 58.00870732506597
38.76519084942022 58.008976832232854
38.765243492251194 58.00906030115109
38.7653018630736 58.009152852203385
38.765361840248744 58.009246915785525
38.76539983821064 58.009283982424826
38.765690969653974 58.00957082978422
38.76571672415521 58.00958668493393
38.766181859527265 58.00987303452741
38.766887640470145 58.0103075318764
38.7673583616282 58.01059732022696
38.767409818636104 58.01062899851715
38.76772590952499 58.010816939416905
38.76811779733576 58.0110502628105
38.76830686856002 58.01116283262885
38.7685109574835 58.01128703507631
38.76875893254784 58.01143794532354
38.76891390462772 58.01154188092519
38.76900591930015 58.0116219746684
38.76917299857377 58.0117888676775
38.76918445786374 58.01180203790312
38.76933393111826 58.01197382834495
38.769373977989865 58.012023933500586
38.76942153663632 58.012084346878595
38.769832933764896 58.01260694144533
38.76985552113502 58.012635451725835
38.76987484328169 58.012659840568745
38.77010396133153 58.012940744657335
38.77051186793697 58.013440847697275
38.770533952019555 58.01346790966285
38.77070688688845 58.013679825075265
38.7707920338849 58.01378361860388
38.7708029993803 58.01379698545777
38.77096393192479 58.014005974248185
38.77104588831319 58.01411195875954
38.77111797268207 58.014219992180614
38.771159882198866 58.01430492880131
38.77119947950524 58.01441047610415
38.77126791561994 58.014592893747825
38.77131056491321 58.014693020224854
38.771319883420766 58.01471489700783
38.77136197920208 58.01478791269931
38.77140388871887 58.01483988050013
38.771458836752 58.014886819158946
38.771530921120885 58.01493282649516
38.771593878528336 58.01496393266984
38.77173096921439 58.015025958754705
38.77201092478657 58.015137903730675
38.77230284971286 58.01524584333526
38.77253420886702 58.01533138867027
38.772946903994985 58.01548398320713
38.7737197965513 58.01576177142241
38.77377298713713 58.01578088885056
38.7739512583536 58.015844685366446
38.77425392212541 58.0159529972662
38.77469592782921 58.01611188090098
38.775197247886354 58.016292907822645
38.775480781885534 58.0163952920906
38.7756708363221 58.01646392084205
38.776616269392626 58.01680447312053
38.777033920072775 58.016954914114365
38.77705811386841 58.01696380726755
38.77744183936958 58.017104857052225
38.7778158585239 58.01724883952548
38.77815187971633 58.01738984176643
38.77817065423722 58.01739824509306
38.778545743795526 58.017566132204145
38.77894089621918 58.01774299929462
38.77949854106036 58.01799448246971
38.77989367207968 58.01817267618007
38.780585984451754 58.018484890874134
38.78094100796694 58.018649491171175
38.78129330134346 58.01881282568831
38.7813798438321 58.01885294956385
38.78182799626502 58.019052997657354
38.78218283017388 58.019183941614266
38.782499116457906 58.01928177663297
38.78268578984552 58.01933951923925
38.78289398810776 58.01940392001131
38.784188899044445 58.01977291002362
38.78423802842763 58.019789095087035
38.78425062068074 58.01979324344799
38.78444389517107 58.019856915321725
38.78463984544515 58.01993291124552
38.78481586541569 58.02002194568564
38.785007904134865 58.02013985112622
38.78558271183587 58.02052919863827
38.78561129199396 58.02054855748372
38.78662896424448 58.02123788046624
38.78678124484564 58.02133820220456
38.786799403514074 58.02135016504927
38.78796211024539 58.022116150733304
38.788009938808514 58.02214765996401
38.78887699072533 58.02271886965749
38.789132692387234 58.02288689772887
38.789174242882176 58.022914201616835
38.789182837065674 58.02291984907359
38.7902709416287 58.02363932314943
38.79040079195575 58.0237251824935
38.79144335205047 58.02441454175745
38.791608630569776 58.02452382685189
38.7926610173529 58.02521968369686
38.79278584581672 58.02530222249571
38.79387919407546 58.02602516379635
38.793929186157065 58.02605821944921
38.79510576466238 58.026836194068146
38.79517675122829 58.02688313164715
38.796200034325025 58.02755974461743
38.79637802906597 58.02767743790363
38.79743174258405 58.02837417200933
38.797557921667995 58.0284576038622
38.79767184252304 58.028532930356256
38.798499586528386 58.02907534183131
38.798698186388 58.02920548211876
38.799673315333045 58.02984447331172
38.799793866816216 58.02992346936289
38.79982189386685 58.029941835178626
38.799916888771584 58.0300049788506
38.800796282092065 58.030607565556885
38.80099387022094 58.030742958875216
38.80099468337479 58.030743498418495
38.80142786655041 58.03103092382173
38.80188433969189 58.03132334793224
38.80209283088355 58.031456910776875
38.80217605339168 58.03150427291117
38.80256184494261 58.03172382783273
38.80306885696356 58.03197081458503
38.8030935167372 58.031982755588594
38.80341469485369 58.03213827968582
38.8035708398425 58.03221388978244
38.80280038743109 58.03291232347886
38.80272051296551 58.032984731608714
38.802211853911245 58.03344584331168
38.80190044983341 58.03373520108313
38.80182026436208 58.03380970970693
38.801024113128605 58.03454949625131
38.80088583679987 58.03467798310544
38.80085674087442 58.03470506081641
38.80075694175267 58.03479793745573
38.800424832115134 58.03509391177656
38.80008498292074 58.03539143674409
38.80007186085146 58.03540292461372
38.79986888075817 58.035574652552775
38.799714978032895 58.03570485939916
38.799437816428494 58.03593489608023
38.79916761572794 58.03615820878645
38.79889087928884 58.036386923082894
38.79878197905679 58.03647692583077
38.79811146891534 58.03698239850721
38.79809484924588 58.03699492745835
38.797887177543714 58.03714225492303
38.796957096005805 58.03780207787198
38.796764878394434 58.03793844182073
38.79616794279593 58.038361922763926
38.7959578364184 58.03853384491504
38.79591214373803 58.038574968327374
38.79580882480313 58.03866795536879
38.79571550464242 58.03876742049543
38.79564193179403 58.03884583798451
38.79551899721143 58.03900397656122
38.79541692425497 58.039168820660606
38.795340928331186 58.03934688954086
38.795279078801634 58.039520006834486
38.795265863729995 58.03955699591839
38.795217876988914 58.03974227423818
38.79501726350494 58.04051684922287
38.7949831998079 58.040648370230784
38.79487582582703 58.0410629445552
38.79482188657368 58.04152568657081
38.79481917979301 58.04154890789965
38.79479796725805 58.04173088912064
38.79475885170904 58.04191082064608
38.794678944230355 58.04189889971686
38.79465021926832 58.04189490320041
38.79457184213188 58.041883998555335
38.7945164285094 58.04187554245899
38.79429598437911 58.04184190277402
38.79419391142265 58.041826815347974
38.79373998478964 58.04175789747591
38.79323688432358 58.04168283287472
38.793097930992346 58.04166197124858
38.79305125194889 58.0416548688268
38.792682933643825 58.041598827576614
38.79156683664546 58.041426905425496
38.791302899821915 58.0413849959087
38.79116871886159 58.04136438542136
38.79089181402829 58.04132185223673
38.789922866 58.04116389992454
38.78942426465891 58.04108439450072
38.789332966268056 58.04106983634241
38.78813696179101 58.04088394435236
38.78765434714506 58.04080849551006
38.78743995996058 58.04077497960869
38.78710896791016 58.04072692336277
38.78686291248045 58.040708855704416
38.78664293408341 58.04070289523981
38.786495971377846 58.04070587547211
38.786348822407774 58.04071481616903
38.78618099807608 58.040743873434
38.78590886561369 58.04080291928656
38.78579109900045 58.0408327962474
38.78487584259083 58.04106499346491
38.78422024453162 58.041230502994594
38.783358904347395 58.04144795331615
38.78259405673946 58.04164084773792
38.781982968344906 58.04179496411521
38.78130086767601 58.04196893517604
38.78091836336783 58.04206766111609
38.77938722623203 58.04246285392791
38.77826699118913 58.042751991214274
38.77792482326757 58.04283487892527
38.77772064709381 58.042887039906205
38.77724384018579 58.043008849986094
38.77665282286673 58.04315693027877
38.77606661683865 58.04330439170107
38.77566282694778 58.043405965940785
38.7754238495698 58.04346892334824
38.77532494311016 58.04350189216811
38.775227899295714 58.043532998342805
38.77507087830613 58.04359092660824
38.774887966548384 58.04368089237096
38.77474696430743 58.043778867508
38.77463163053844 58.04387365047472
38.77400581778599 58.04438795248541
38.77365104980609 58.04467127050765
38.77349992335215 58.04479196022731
38.77343994617701 58.04483983020872
38.772793980824815 58.045359880746005
38.77260937548241 58.04551161391017
38.77245088158065 58.0456418852279
38.77212883022715 58.04590284181914
38.77194591846941 58.04604794187951
38.77154743624651 58.04636184402164
38.771021860190224 58.0467758636201
38.77063592010668 58.04709288583158
38.7705249064533 58.04718694941372
38.77046706262886 58.04723431963809
38.7702769883784 58.04738997773953
38.77003391318099 58.04758983956851
38.76976699612514 58.047808886642954
38.76939192354306 58.04810973956442
38.76906384756559 58.04837289560675
38.76875781496073 58.048620999946166
38.76857099164808 58.04877187420663
38.76839888323245 58.04891585667988
38.76833032289095 58.048977719901934
38.76817387569339 58.04911888500569
38.76807794946606 58.049233996478485
38.76800083595516 58.049353950828774
38.7679728962773 58.04945881775302
38.76795799511577 58.04954785219314
38.76793899613482 58.04963390640096
38.76792688894108 58.049731881538
38.76753801165937 58.04973328450622
38.76735896842239 58.04973393044771
38.76687784716959 58.049737842002614
38.766841898117406 58.049737842002614
38.766692886502135 58.04973989091232
38.766509974744395 58.04974696896405
38.76637791320036 58.04975386075125
38.76624585165633 58.0497689481773
38.76612291707373 58.04978887848084
38.76605586184686 58.04980284831977
38.76583085430781 58.049864874404626
38.7656609810664 58.049916842205455
38.76563237898689 58.04992600211193
38.76551383209632 58.04996396712878
38.765324959873965 58.050029904768536
38.76518097740071 58.05008299015648
38.76450986633844 58.05032792799908
38.76447689751856 58.050340966515414
38.764140741998006 58.05046348313464
38.7637608967072 58.050601923106655
38.763611885091926 58.050656871139786
38.76352489956152 58.050687977314475
38.763010995753355 58.05087591821423
38.76290296233229 58.05091484749872
38.76270435429519 58.05098752015869
38.76241886084718 58.05109198505637
38.76201485310528 58.05123894776193
38.76199634910721 58.05124589926391
38.76197558848876 58.05125369852327
38.761967543231414 58.05125672093076
38.76194593523322 58.05126483853008
38.761913194739165 58.05127678319587
38.76188267608296 58.05128791727186
38.76183940274928 58.051303704617865
38.76182500853548 58.051308956037495
38.761799271064795 58.051318345800674
38.76174942495847 58.05133653108157
38.761708061354014 58.0513516217039
38.76170705248408 58.05135198976842
38.761670435586595 58.05136534865671
38.76162568293582 58.05138167569978
38.76160131677159 58.05139056517126
38.761572796573866 58.051400970152606
38.76154418764689 58.05141140750492
38.761517023558454 58.051421317738935
38.76151172225003 58.05142325180741
38.76151062873506 58.051423650752845
38.76148992842712 58.05143120281543
38.761391984553455 58.05146693553329
38.761392969781205 58.051449416952394
38.76139423558443 58.051426909388795
38.76139444884319 58.051423117381475
38.761395300975046 58.05140796541192
38.76139618981605 58.05139216070792
38.76139645705885 58.05138740879672
38.76139794501807 58.051360951021934
38.76139795952626 58.05136061955541
38.76139846649804 58.05134903684874
38.76139962188369 58.05132263992993
38.7614006467437 58.051299225110085
38.76140123727783 58.05128573326728
38.761402824308504 58.05124947462059
38.76140313016227 58.05124248682635
38.761405016612656 58.051199387383406
38.76140668218711 58.05116133425893
38.76140856595663 58.05111829606515
38.761410671674426 58.051070187053234
38.761412296183494 58.051033072143426
38.76141443974963 58.05098409841584
38.76141631494042 58.05094125621938
38.761418423339066 58.0508930859583
38.76141960180691 58.0508661616841
38.76142122309894 58.050829120273285
38.761422412826384 58.050801938752606
38.76142381002546 58.05077001715926
38.76142476386417 58.050748224952365
38.76142594769372 58.050721178179835
38.76142708241532 58.05069525336946
38.761428260346975 58.05066834134509
38.76142943559778 58.05064149056989
38.7614301328569 58.0506255603978
38.76143132258434 58.050598378877105
38.761432501052184 58.05057145460291
38.7614334138255 58.05055060061067
38.761435528122036 58.05050229560143
38.761437415108595 58.05045918390866
38.76143908014687 58.050421143034015
38.7614407425043 58.05038316340855
38.76144285680084 58.0503348583993
38.7614449593016 58.050286822886385
38.761446613080274 58.050249039258226
38.76144799848358 58.0502173871612
38.7614493930018 58.050185526817025
38.76145078698384 58.05015367872268
38.7614519536559 58.0501270239448
38.76145287232711 58.0501060352044
38.7614540593737 58.050078914932875
38.76145526357777 58.05005140266671
38.76145547641113 58.05004654009573
38.761455977458205 58.05003509274981
38.7614576575093 58.04999670887986
38.76145836602801 58.04998052146128
38.76145885259846 58.04996940486084
38.76145978306545 58.04994814662413
38.76145997110292 58.04994385056072
38.76146080732769 58.049942786570455
38.76147812229799 58.04992075546039
38.761487852127466 58.04990837548281
38.761496911922094 58.04989684803984
38.76149853404127 58.04989478409831
38.76150255425039 58.04988966889059
38.76150784108433 58.04988294206298
