19.99178959752103 49.50715286811095
19.991063256441542 49.50808741172558
19.99039967602557 49.50894120460342
19.989687435501686 49.509857605799056
19.98899543381178 49.51074796678631
19.988498911004488 49.51138681571305
19.98831693056934 49.51161592107153
19.988266825413707 49.51167999606609
19.98824006784796 49.51173392890064
19.988063983352426 49.51208884668549
19.9880189073388 49.512280885404664
19.98801089796448 49.512523960602074
19.988006643622125 49.51271075507456
19.98798891875123 49.51348899707546
19.98799244684633 49.51368668065398
19.98799487921584 49.51382296935818
19.98801271149524 49.51473566470929
19.9880330668588 49.5157774970671
19.988038837642343 49.51607285848423
19.988024867803414 49.516433839122215
19.98796693953798 49.51667989455193
19.98792896773436 49.51675847431097
19.987840838458556 49.51694085114317
19.987779929960816 49.51702485644128
19.98768288614637 49.51715896689502
19.98745489837501 49.517386954666385
19.987215141840316 49.51761608337572
19.987206980300105 49.51762388313466
19.98697992385134 49.51779394264059
19.986711889208372 49.51797182525631
19.986190482780646 49.518303657645546
19.986087903069436 49.51836894121101
19.985860846620668 49.51851292368426
19.985767900625643 49.51858091023372
19.985644966043047 49.51865299460261
19.985528923247657 49.51873588231361
19.98520710653039 49.51900030901922
19.98505786027889 49.51912293998427
19.98499788310374 49.519181985836816
19.984929896554274 49.51924494324427
19.984810873526577 49.51935688822024
19.984544887793323 49.51961393325658
19.984342662946172 49.519813653484064
19.984138831141713 49.520014960766176
19.983537739722223 49.52060125991752
19.983328953012727 49.52080490859162
19.982965923465027 49.52116086008759
19.982830881688688 49.52129385295422
19.98274581752948 49.52137725664997
19.982372857236257 49.521742936709735
19.981962515428712 49.52214112861353
19.98129084664488 49.522792909803826
19.981138842050004 49.52294100964197
19.98034894215544 49.523710618262214
19.980282969332105 49.52377489634845
19.9797588209754 49.524287868834016
19.97953982578059 49.524498973651305
19.97948482586782 49.52455199192208
19.979273974432218 49.52477886210633
19.979167989920853 49.52492098193439
19.97908584726794 49.52505788635592
19.979049898215752 49.52511693220847
19.978961981362744 49.52530692201794
19.97893384755166 49.52538496503568
19.97890181792308 49.52547381502704
19.978861957315996 49.525626924461726
19.97882991981871 49.525897939337
19.978802911463443 49.52630790754351
19.97879724432696 49.52641884299398
19.978781863572788 49.52671992465973
19.978760815682133 49.52709897295607
19.978724866629943 49.52735490040529
19.978707937540573 49.52740955115855
19.978679976880848 49.52749981420114
19.97862894040262 49.527633924654886
19.97856095385315 49.527778838450736
19.978480860109944 49.52790791976246
19.97838884543751 49.52803681480967
19.978300928584503 49.528138887766126
19.9782169232864 49.528235931580575
19.978158074972217 49.52829354423462
19.978074989722856 49.52837488491181
19.977846815686977 49.52857195277301
19.977448954674205 49.52891486575264
19.977217320490094 49.52911213268343
19.97666682995856 49.5295809476729
19.97627349637844 49.529916684979426
19.975378107771085 49.53068096083719
19.975095875004587 49.5309218659458
19.974482690408458 49.531447319727434
19.97399188519996 49.53186790343824
19.97357520984096 49.53222496658085
19.97271988479912 49.532957923403934
19.97266278135824 49.533019653280995
19.97255895225463 49.53313189446476
19.97245892820788 49.533293944596366
19.972405842819946 49.533438858392216
19.97237697181948 49.53357986063316
19.97235685525142 49.53373799920987
19.972365982212857 49.53384491504382
19.972390881881193 49.533940937700976
19.972400999942444 49.53397995682016
19.972451850156155 49.53410996945448
19.97255485443521 49.53435397597448
19.97276086299332 49.53480194214288
19.97279525106393 49.534875137562686
19.973118863399005 49.535563950290474
19.97323972286845 49.535826641902005
19.973308853208472 49.53597689872929
19.9734818929467 49.53636693663225
19.973611905581024 49.53665695048847
19.97366122064441 49.536784243032656
19.97372887969901 49.53695888527391
19.973757936963988 49.53706896760469
19.97378196508695 49.537156884457694
19.973801895390498 49.53734594294457
19.97380282671309 49.53750091502445
19.97379090578387 49.53764694640741
19.973771578168936 49.53773899826836
19.973757936963988 49.53780396739701
19.973705969163163 49.53796191970919
19.973644874400904 49.53809398125322
19.973572976296538 49.53823591481677
19.973340890705753 49.53856988709949
19.97332567057385 49.53859294383734
19.97317194878694 49.53882581454871
19.973071924740193 49.53901394171299
19.973038955920316 49.53910781903061
19.973019956939368 49.53922088159369
19.973018839352253 49.539334875479376
19.9730339267783 49.53944998695217
19.973059817546453 49.53957683308967
19.973067796988847 49.539595408714675
19.973105824882666 49.539683935188144
19.97316989987723 49.539799977983535
19.973285942672625 49.53996687099264
19.97340589702291 49.54012687221453
19.97367486298848 49.540483941297616
19.973722211733172 49.540546465673536
19.974129907208603 49.541084830636194
19.974198825080663 49.54118392336034
19.974265880307534 49.54129698592343
19.97430983873404 49.5414059506671
19.97432339942744 49.54146421488772
19.974336847089308 49.54152199346249
19.97434094490873 49.54169298429101
19.97431896569548 49.541809958409
19.97427985014647 49.5419358732239
19.974229931255355 49.54203384836094
19.974147974866955 49.54214989115633
19.974035843626467 49.54227282573893
19.973929859115103 49.54236092885645
19.973915228254448 49.5423704986155
19.973776935944937 49.542460952903205
19.97361488581333 49.54254886975621
19.97300486951332 49.5428288253284
19.972757789113466 49.54294091546102
19.97239392189072 49.5431059869328
19.97174683895141 49.54340792171824
19.971612038393076 49.54346975564913
19.97116494859379 49.54367483877409
19.970689974070115 49.543891836938826
19.970199665034155 49.54411470468244
19.969888850373525 49.54425598407364
19.96920693596915 49.54457598651743
19.96897219928057 49.5446830282894
19.96773692801042 49.54524632168174
19.967307969197066 49.54544193026666
19.96698684916616 49.545589824294815
19.966605938224628 49.545761932710455
19.9665950662713 49.545766895384666
19.965882859361535 49.546091993438274
19.96552690786556 49.54623187809211
19.965382785206337 49.5462841953453
19.965231864867327 49.54633898019058
19.96484387587407 49.54645297407626
19.964428878525545 49.54656193881993
19.963922984091703 49.54669884324146
19.9638889927969 49.54670768791511
19.963557905634296 49.54679383814619
19.96325392193915 49.5468739318894
19.962729959846957 49.547039893575906
19.962589106583 49.54708533697878
19.962236917664935 49.5471989634752
19.96119043891545 49.547530851812056
19.961139819647517 49.54754690559686
19.960413946816637 49.54777284445851
19.960095993282557 49.54787286850526
19.95983727959524 49.54796109095512
19.959828889962186 49.547963951855095
19.95951987712502 49.54808781776028
19.959247930927155 49.54821894798173
19.958996846355426 49.54836293045498
19.95869227370898 49.54855404565989
19.958687833518265 49.54855683181935
19.95842482801731 49.54872484241556
19.958079866127964 49.5489418405803
19.95789099390561 49.54904987400137
19.95773192400631 49.54912586992515
19.957663278060263 49.54915223969195
19.957489966396015 49.54921881592018
19.957240930734 49.54929294919877
19.957096948260745 49.54932386910894
19.956984817020256 49.549347897231904
19.95669387184144 49.5493868265164
19.956460854928064 49.54939595347783
19.956322523529785 49.54939535160082
19.956203996156244 49.54939483589072
19.955979919939782 49.549381983638895
19.955733864510073 49.54935981816113
19.95539393176274 49.54930896794742
19.954729898752195 49.54919888561663
19.954640756411536 49.54918365206524
19.953869915467575 49.54905192291107
19.953430889996085 49.54897797589699
19.953221251199512 49.54894978309332
19.953214823153942 49.54894891863202
19.953025950931593 49.54893085097367
19.952815844554063 49.54892693941877
19.9525839452278 49.54893383120598
19.952364898153355 49.54895990823865
19.95209295195549 49.54901094471688
19.951822868402814 49.54908489173096
19.951559862901863 49.54917299484848
19.95055177055774 49.54954655556191
19.950515850272385 49.549559866254626
19.949114615769524 49.550089323366315
19.94852281991816 49.55031293370529
19.94787398092433 49.55056183975217
19.946971981532247 49.55090786257925
19.94663005091284 49.55103480287851
19.945923871083345 49.55129696915962
19.945483914289262 49.551466842401034
19.945206381688255 49.551571796846616
19.943851144266866 49.55208430669837
19.942644154802377 49.55254075365131
19.942442959750657 49.55261683954187
19.942023864582715 49.55277795835088
19.941351899411337 49.553037570987705
19.940915963223187 49.553205994215745
19.94009055033582 49.55351841685068
19.940078890474418 49.553522830162706
19.93964899196436 49.55368488029431
19.939444846051444 49.55376888559242
19.93932489170115 49.55382681385786
19.9392209560995 49.55388194815551
19.939062817522796 49.55397787438284
19.938936902707898 49.55407882975218
19.938911067991956 49.55410388159794
19.938807821396168 49.55420399950901
19.938714875401143 49.55432488518189
19.938608890889785 49.55449885624272
19.93853997301772 49.55466891574865
19.93850793552044 49.55484884727409
19.93851184707534 49.554999907799065
19.9385124718998 49.55500322516604
19.938529914733692 49.5550958340264
19.93856698137299 49.55522882689302
19.93862788987073 49.555358839527344
19.93878695977003 49.55566598971931
19.938956600804115 49.55599198502927
19.93925783647428 49.55657086275304
19.939424915747903 49.55688192449991
19.939437942014713 49.55690261327661
19.939633904538315 49.55721384787292
19.93999720629035 49.55786407379044
19.94009993836507 49.55804794038939
19.940424969950875 49.55864882972797
19.94051447882924 49.558823090487024
19.94098108350224 49.55973150187576
19.941416828515013 49.56057983399734
19.941482061064217 49.560691854965405
19.942043981150775 49.561656815446696
19.94205803458137 49.56168375681904
19.942198953230655 49.561953907354635
19.942510694899585 49.56254835510807
19.943009400508487 49.56349931694084
19.943238868040716 49.56393687942483
19.94350094221907 49.56442098090994
19.943521398693026 49.564460482611736
19.943789838488172 49.5649788431446
19.943980236792868 49.56531489372384
19.944373964020027 49.56600981725774
19.944529271425026 49.566297255659315
19.94494188453872 49.567060907938945
19.945086995461196 49.56733441743679
19.945507942412227 49.56812783110428
19.945598119673445 49.56830448983732
19.94559883949754 49.56830589998452
19.94569290307968 49.568488998006785
19.945774859468077 49.568637823357534
19.945881961566553 49.56880490263116
19.946054815040263 49.56904089977684
19.94613379392509 49.56912593413897
19.946168995190465 49.56916383435944
19.946284851721337 49.56928583761943
19.946474841530804 49.56947787633862
19.946645832359327 49.56965985677376
19.946843831543113 49.56991187266809
19.94687084529349 49.56995415119009
19.9469568941062 49.570088823961214
19.947042948314017 49.57022889487957
19.947118944237804 49.570410875314714
19.94718097032266 49.570596953569286
19.947228840304067 49.570840960089285
19.947231209585453 49.57085614945488
19.94729682685353 49.57127681906395
19.947373940364432 49.57159495886255
19.947399831132586 49.57171491321285
19.94744688434839 49.57187352717441
19.947554989476988 49.57223794398244
19.947656876168928 49.572563906890835
19.94769487413082 49.57274197577108
19.94771503500823 49.57284349381751
19.947715922021477 49.572847960282445
19.947720951163493 49.57300982414953
19.94767885538218 49.57316684513912
19.94761999579415 49.57329797536055
19.947554989476988 49.57340787142682
19.947458876985134 49.57352391422221
19.947320854976493 49.57365597576624
19.94727972359364 49.573686659337945
19.94711186618608 49.57381187916872
19.946934914892942 49.57390687407345
19.946402943426435 49.57414398880625
19.94601946847114 49.57431156399023
19.945830925088323 49.57439395579086
19.94473097004283 49.574866051725586
19.944679996624888 49.57488792929548
19.943941830335746 49.57520085368754
19.94362089656936 49.575337944373594
19.943349227552513 49.57545224811262
19.94307681790911 49.57556686346755
19.94277283421396 49.57569389586956
19.942469968105925 49.57579783147121
19.942202864785557 49.57588183676933
19.942005066402444 49.57593431389137
19.941919928981065 49.57595690137052
19.941605887001884 49.57602786815229
19.94130898135846 49.57608784532744
19.941134824033114 49.57612491196673
19.940549419872944 49.5762492630186
19.94041491166685 49.5762778351369
19.939765966082348 49.57641697473266
19.9395478503305 49.576481981049824
19.93928298218436 49.57658591665147
19.93921064157796 49.576620969498144
19.93905387682588 49.57669693030485
19.938817879680197 49.57683383472637
19.93864782017427 49.5769619847155
19.938518925127067 49.57707597860119
19.938395990544468 49.57720897146781
19.938281995807568 49.57736220622308
19.938224999715946 49.57743882188437
19.938159993398784 49.577561942731485
19.937822889664037 49.57830480783352
19.937560966705405 49.57888199937825
19.93740156468 49.57923227373944
19.937227925745276 49.579613832673736
19.937019868277456 49.58005788728724
19.93698195288078 49.580138608442255
19.936785920041483 49.58055595861128
19.936556956672653 49.58106142046756
19.936506895791897 49.5811719353759
19.936160816315432 49.58196095187875
19.936134578710337 49.5820169025926
19.9360609785332 49.58217385222407
19.935986845254604 49.58235583265921
19.935955925344437 49.58245492538337
19.93592686807946 49.582582889107975
19.935904888866204 49.582717930884314
19.935903957543612 49.58288799039024
19.935912786338044 49.58295881478513
19.935920907614847 49.583023963489175
19.935959836899336 49.58317595533675
19.936010873377565 49.58329888991935
19.936034901500527 49.583341917023255
19.93612598485036 49.58348887972881
19.93626084036218 49.58366787993165
19.936346894569997 49.58375896328149
19.936421386391768 49.583831571883046
19.936545825076383 49.58395286464586
19.936970880708937 49.58436283285237
19.937081894362315 49.58447589541545
19.937240993880188 49.5846323894141
19.93726387479746 49.58465489561829
19.93739984789639 49.58476590927167
19.93763398239689 49.58490989174492
19.937825834851544 49.58499687727534
19.93807598810068 49.58510099914151
19.93826690923274 49.58519487645913
19.93834716365225 49.58524237612212
19.938408842796285 49.58527888175723
19.938550962624348 49.585397904784934
19.938641859709666 49.585506869528594
19.9386958764202 49.585617883181975
19.938730894149785 49.58572498528044
19.93873387438209 49.58584195939843
19.93871990454316 49.58594589500008
19.938682837903865 49.586040889904815
19.938626958548134 49.58613197325465
19.93857615249785 49.58619441515773
19.938544815895217 49.58623292862399
19.9384509385776 49.586312836102685
19.93835985522777 49.58638585179416
19.938217921664226 49.586455887253344
19.9380508423906 49.586510835286475
19.937919898433684 49.58654585301606
19.937770886818413 49.58657397895844
19.93758592615096 49.58659092902968
19.937379917592853 49.58658794879737
19.93719776464513 49.586561490827314
19.937179869499353 49.5865588915324
19.936993977509303 49.58651381551878
19.936787968951194 49.58643185913038
19.93635490394432 49.586242986908026
19.93591997629225 49.58605895756317
19.93587373516439 49.58604246418392
19.935717879289044 49.58598687319428
19.93554688846052 49.58593397407086
19.935388936148335 49.58589094696696
19.935117921273065 49.58583395002411
19.934779851170923 49.58578086463617
19.934306925556964 49.58570896653181
19.934163571470744 49.585688118161094
19.933996981397204 49.585663890518184
19.93379190416169 49.58564694044695
19.933574905996952 49.58564694044695
19.933396837116707 49.58566091028588
19.933237953481928 49.58568791864115
19.933079814905224 49.58572889683535
19.932924842825344 49.58578589377819
19.932795947778136 49.58585183141795
19.932775181415288 49.58586469493101
19.932682885215048 49.58592186687712
19.93258695898772 49.585995813891195
19.932499973457308 49.586081868099015
19.932448936979075 49.5861509722356
19.932385979571624 49.58625583915984
19.932346864022616 49.58636890172293
19.93233382550628 49.58646091639536
19.93232991395138 49.58658385097795
19.93233997223541 49.58669188439902
19.93235030037193 49.58673819076933
19.93235692230665 49.58676788032281
19.932424908856113 49.586997917003885
19.93252996204488 49.58737696530022
19.93260270035277 49.58763335878849
19.93260484038155 49.587640902123766
19.932734853015873 49.58806782040151
19.93288502216607 49.588577568892994
19.93293788134168 49.58875699912213
19.93315394818382 49.58960785544532
19.933154930018013 49.589612335796105
19.933231993017316 49.589963993205814
19.93337690681317 49.59048385747859
19.93343930698251 49.59069306806109
19.933629854030084 49.59133191983398
19.93373017044202 49.59167622489612
19.93375483752239 49.59176088702144
19.933877958369507 49.59212596547885
19.933920985473417 49.592294907397665
19.933929926170332 49.59241989088997
19.93391483874429 49.59256182445351
19.93389160233421 49.59263489103578
19.933865851175767 49.5927158652108
19.933798982213418 49.59284382893541
19.933701938398972 49.59297682180204
19.933533927802756 49.59313589170134
19.933378955722876 49.59324690535471
19.93324093371423 49.593330910652824
19.933117903904737 49.59338594236908
19.933088941866657 49.59339889720229
19.93292894064476 49.593453845235416
19.932738950835297 49.593509910855666
19.93229489622179 49.59363191411567
19.93175417259964 49.59377531654996
19.93165787156652 49.59380085603448
19.931523947377293 49.59384686337069
19.931412933723916 49.593891939384314
19.931284969999304 49.59395787702407
19.931152908455275 49.594029961392955
19.931043943711607 49.59411694692336
19.930950997716582 49.59420188354407
19.930928832238813 49.59422684298963
19.93085395390214 49.59431196587485
19.930764919462018 49.59445296811579
19.930723288564952 49.59455446043348
19.930707922519176 49.594591921447034
19.930701962054563 49.59461594957
19.930658934950657 49.59476291227555
19.930517951685843 49.595529789026614
19.930324669475016 49.596581145257254
19.93020798854995 49.59721582972741
19.930151269415152 49.597514095754214
19.929981863423777 49.598404942417254
19.929971846925714 49.59845580723752
19.929762568793173 49.59951854338856
19.929702839174187 49.59982185661394
19.92956281009009 49.600535901980265
19.92955084732661 49.60059690327786
19.92935196738153 49.60157816748575
19.92918986668862 49.60237796460937
19.92916450875144 49.602490709307304
19.928943324111557 49.60347412508098
19.92872344365995 49.604451742263386
19.92869887341631 49.60456098477306
19.928453579292245 49.60565052750906
19.928234810347377 49.606622251212805
19.928154981020576 49.60697683558561
19.92811083632955 49.60733595357841
19.92805705412125 49.60757947674519
19.92796089339169 49.60801488775048
19.927900916216544 49.60823598373464
19.92783199834448 49.608531958055465
19.92781305148403 49.60858746121137
19.92775283592387 49.60876385738173
19.92770999508448 49.60895086695889
19.927568735611857 49.60957416200928
19.927523916829912 49.60977192095903
19.92733781824269 49.61059255317451
19.927257931096655 49.61094482863571
19.927141888301264 49.6112979861639
19.927026343843337 49.61151822583489
19.92702286527357 49.61152485634815
19.926760977359734 49.61188993480555
19.926220347246367 49.61239155972618
19.925983881786102 49.612610964758936
19.925407636297912 49.61314654598082
19.925133956785515 49.61340091258438
19.924843942929297 49.61390587569563
19.92481795396212 49.61412219278675
19.924793837773663 49.614322921953864
19.924851952303616 49.61479696515494
19.925006037694388 49.61514766419867
19.925347974717944 49.61592591440512
19.925416168589255 49.616081258869656
19.92565084082598 49.61661583818382
19.925681947000665 49.61688387282678
19.9256549386454 49.61703083553234
19.92563815468872 49.617076772015075
19.925540944759717 49.617342828601814
19.92520585488988 49.61767195800704
19.924901023395645 49.617901104371704
19.92386283035957 49.61868152950669
19.923820978190474 49.61871299040421
19.922812136128083 49.619469937495886
19.922778828206184 49.61949492885534
19.92186631279293 49.62018068005549
19.92168899450501 49.62031393394576
19.92130994620867 49.62059891865996
19.920959728231153 49.62097507870988
19.920771828013027 49.62117689746269
19.920191186054883 49.621802111748
19.919781832094085 49.62224288930542
19.91926837796626 49.62256064959585
19.919238871020948 49.62257891049785
19.918025373262925 49.62310412352121
19.917461907508866 49.62334799669715
19.91705082171524 49.62360094391408
19.916916335587423 49.62376659272432
19.916808864104947 49.62389896714461
19.916317544536323 49.62461331524163
19.91616792789477 49.624830848533605
19.916027856976417 49.62518791761669
19.91608170192376 49.62550747567376
19.91608783415156 49.62554386911267
19.916317870832636 49.62585195062723
19.916736966000578 49.62612687705741
19.917006390892773 49.62626008994156
19.918166464922816 49.62683367022998
19.91906285105041 49.627276874198245
19.919267843234405 49.62751453307484
19.91994183331598 49.62829592738217
19.920060391884327 49.62844647855368
19.920795192217927 49.62937956211392
19.92109387936653 49.629758848915074
19.921221843091143 49.630095987694624
19.921125496950115 49.63036216432152
19.921100957418258 49.63042995997734
19.920545889151377 49.6313888497216
19.920518036591123 49.63143695215138
19.920040926040137 49.63226094019996
19.919978481150046 49.63236194030888
19.919465927469712 49.63319095894376
19.91942817682111 49.63325815637579
19.919355845138934 49.63338690921784
19.91889138697154 49.63419793112397
19.918398699366715 49.63505824636534
19.91789594314887 49.63593614309477
19.917380578880472 49.636836055596376
19.916826909314025 49.6378028555768
19.916306991885477 49.638710718660136
19.916074981899744 49.639115847031384
19.91577909558979 49.639625475106456
19.915742872262214 49.639687865369496
19.915356932178668 49.64035599619946
19.91523770169235 49.640566372903365
19.91518296111784 49.64066296012691
19.9150849859808 49.64083786251034
19.91495683599167 49.6410658502817
19.914879908745288 49.6413098568017
19.914846992727995 49.64156310860822
19.91472698935126 49.64248639989455
19.914669988632276 49.6429249564467
19.914641862689894 49.64313990570172
19.914471171052345 49.64345361203258
19.91433284985273 49.64370782622042
19.913969870505927 49.64437656364757
19.913864953380784 49.64456985841475
19.913726931372143 49.64481889407677
19.91348292485214 49.64489284109085
19.913005998875096 49.64502776765056
19.91252496643048 49.64516385596612
19.91173188272902 49.64539000974653
19.911377949521945 49.645490936461634
19.910298489479946 49.64577178135813
19.91020597316785 49.64579585147938
19.909044986420387 49.64603892667679
19.908760595941704 49.646124725255305
19.908428823391247 49.64622481866684
19.907453632195484 49.64677301337584
19.906037313704648 49.64756918371281
19.906030853972528 49.64757281499146
19.90519899663029 49.64794199126829
19.904781950372055 49.648102923812786
19.90470955325101 49.64812464021403
19.904288908190033 49.64825081784094
19.90340375522864 49.648484997738706
19.90193880616909 49.648872571001135
19.90169591981983 49.648936830064734
19.90058690087319 49.64920188447539
19.900441022732533 49.64922234051952
19.899716859304537 49.64932388773539
19.899233875406544 49.64933282843231
19.89884135973719 49.64926554003185
19.898568911073408 49.64921883454663
19.897508277661743 49.64895398683949
19.897455980571863 49.648940927884155
19.89665597446239 49.64875093807469
19.895958218052236 49.64863606354375
19.895647910885092 49.64858497638818
19.89434238461655 49.64840531785412
19.892940794756665 49.64821243963662
19.89137481655273 49.64799693930142
19.89137338447845 49.64799674077355
19.89043697469913 49.6478669266671
19.89029988401309 49.64784587877645
19.88980494953592 49.64776875491361
19.88827865861263 49.64753091847819
19.88689198837188 49.647314838632525
19.88671436201354 49.64728906469327
19.88519004062657 49.64706788261643
19.88430794069859 49.64693988815561
19.884182957206285 49.64692088917466
19.88366641210992 49.646844670407624
19.88213835501552 49.64661919807518
19.880528878085137 49.64638171184587
19.87979884922055 49.64627399249987
19.87915514738817 49.6461775842826
19.87752756422821 49.64593381863985
19.876292978442304 49.645748912820565
19.87607299066756 49.64571649174763
19.874463751448065 49.645479327377174
19.87300108291535 49.64526376411128
19.871794876570885 49.64508599739714
19.871608253255378 49.645056657612216
19.87085889736247 49.64493884842706
19.870133928346497 49.64482543127049
19.869209897575004 49.64468087206813
19.86884984825961 49.64463188449961
19.868561172488015 49.64462335725153
19.86837692264565 49.64461791466068
19.866992087342165 49.64464638930137
19.865604934072604 49.64467491160352
19.865491133190773 49.64467724051507
19.86506793346408 49.64468590121014
19.86460283095992 49.64472687940434
19.864105877222997 49.64484199087714
19.864041764892036 49.64486667669935
19.863734838300974 49.64498485576328
19.86278773152994 49.645304847146406
19.862692874581207 49.64533689570435
19.862246957322515 49.645457967641754
19.861816872547944 49.645508817855465
19.861413582586213 49.64551043808541
19.861306880294684 49.64551086676518
19.85991757391487 49.645464961049605
19.858555939612295 49.645419969679864
19.85836889536542 49.645418603486824
19.85799491088081 49.64541587186044
19.857151877667423 49.64545386982233
19.85681784091482 49.645473866377785
19.855897944924937 49.64552893442352
19.85527695840087 49.64553961966584
19.85496699485854 49.64554495317217
19.85454082163887 49.64555184495938
19.854076836721827 49.6455658147983
19.853645167703124 49.6455960215607
19.853517856900048 49.64560493034732
19.853016991608225 49.645714826413574
19.8524878141095 49.645901835990735
19.8523519960024 49.64596588377461
19.851717982852115 49.646264865538434
19.8513098772908 49.646447963560696
19.85117893333388 49.646506823148734
19.85114178625228 49.646518651311546
19.850741956772104 49.646645962744486
19.850235876073747 49.64675697639787
19.849777857945675 49.64683052894108
19.849096868539533 49.64693988815561
19.848189707866215 49.647116091217555
19.84788186508153 49.64717588530129
19.84715990380555 49.64733998434261
19.846716114740033 49.64750669069826
19.846616942732417 49.647543943991
19.846330840431097 49.6476668785736
19.845644828207305 49.64802692788899
19.845420184631624 49.64816106708293
19.845036860817004 49.64838995743669
19.844590943558313 49.648532822322835
19.84432998696707 49.64857994724616
19.844233874475226 49.6485968973174
19.844178215730828 49.648600633780624
19.843592938265047 49.64863992442131
19.842750836374258 49.648668981686285
19.842648277146804 49.64867577186858
19.84114978497982 49.64877498317547
19.840803999620764 49.6487978767335
19.83960109476594 49.64892932903796
19.83916598943992 49.64897687693634
19.838199168842493 49.64919877825412
19.838067960099902 49.64922889283066
19.836900542120496 49.64954012828806
19.836732816027094 49.64958484432663
19.836311858213957 49.649775951723214
19.83569745326803 49.65005747811515
19.83505494523916 49.65035188161623
19.834837947074423 49.65041688793339
19.834630820929203 49.650407947236474
19.834400842827396 49.650345934171085
19.83435589449903 49.65033381395788
19.833630952990745 49.650099865721906
19.833080862918763 49.64992355328638
19.8327638916544 49.64982195905943
19.832264889007767 49.64962097964334
19.831865012858017 49.649459561748024
19.83153398703487 49.649325936645106
19.83123093466232 49.6492039333851
19.83089398214729 49.6491609062812
19.830491837050584 49.6491638865135
19.830453548808364 49.64916353863623
19.83016382523247 49.6491609062812
19.829958934261477 49.64915885737148
19.829732995399823 49.6491609062812
19.829015877001343 49.6491668667458
19.82892166733508 49.64919360192136
19.828698854789856 49.64925683250852
19.82846397523129 49.64933599492913
19.828383881488083 49.6494039814786
19.827915985016137 49.64981394968511
19.827875200445877 49.649835434414086
19.827769953633172 49.649890876931494
19.827406924085473 49.649961843713264
19.826555810557583 49.65004497940791
19.82640388965019 49.6500598188503
19.82614386438155 49.650085895882974
19.825966913088415 49.65013190321919
19.825876947325696 49.65021795742701
19.825897995216355 49.650317981473755
19.8259579723915 49.65040198677187
19.82605184970912 49.65049288385718
19.826480816896577 49.650825924817305
19.82664491593789 49.651004925020146
19.826625999626916 49.65104583704156
19.826596859691968 49.6511088606218
19.826500933464636 49.6511449959385
19.82637185215291 49.65115784819032
19.82543885317681 49.65096189791624
19.82524383422532 49.65095686877422
19.82512861033844 49.65098370857453
19.825071912074208 49.65099691564583
19.824922900458937 49.65110699797661
19.82480592634095 49.65124297107554
19.824503991555513 49.65167082067588
19.82442296648971 49.651737875902754
19.824250858074073 49.6517978530779
19.824248090060262 49.65179803833867
19.823966990946985 49.65181685205885
19.823205914122 49.65180698003933
19.822771147185588 49.65180154366435
19.822639856248493 49.65179990198761
19.821509975675717 49.65181983229115
19.821201554262647 49.65182854293776
19.821153837915222 49.651829890575186
19.820808876025875 49.651882975963126
19.8204568360848 49.65204893764963
19.820194948170965 49.652241907691405
19.82000446460135 49.652458997661704
19.819650869510713 49.65286198227544
19.819471869307872 49.65305197208491
19.81924984200112 49.65319893479047
19.819233903688676 49.65320768788323
19.81896392596433 49.65335595578006
19.818118763248293 49.65374719105379
19.81676811960196 49.65437241910356
19.81561746523552 49.65490506987894
19.814433972860144 49.655452921735936
19.814372662288253 49.6554812516933
19.813468936386755 49.655898838994624
19.81313897620933 49.65605158917153
19.811849628056112 49.65664847380181
19.810556702213315 49.657247014670475
19.80939889841687 49.65778300278915
19.808139393471453 49.6583660719484
19.807631965152144 49.658600978373016
19.80699420078734 49.658887388023174
19.806391815984068 49.65915790928508
19.80583138268096 49.65942028702669
19.805639866120515 49.659509949226155
19.804573813393628 49.66000473435682
19.80437289486169 49.66009798631291
19.803390908317063 49.66055489317823
19.80338468404477 49.66055816078792
19.802184636626503 49.66118815998923
19.802085939096344 49.66123997407943
19.80132486227136 49.66175387788759
19.801077641391323 49.66199115310004
19.80038497150805 49.66265595695352
19.80025289772749 49.662834469401176
19.799597311121925 49.663720567831206
19.799494999635854 49.66385885321778
19.7991148337524 49.664455831001455
19.7990612666486 49.66461739794095
19.79891888347832 49.665046848320515
19.79883089481802 49.66552730672575
19.798666867583993 49.666422970587526
19.798652740755504 49.66648310466491
19.79857690182127 49.66680593043877
19.79847687777453 49.667233966303634
19.79836161005103 49.66745712007376
19.798287819287655 49.66759997608363
19.79825783070008 49.66765790434907
19.797827932190028 49.6679909453092
19.797559897547064 49.6681129485692
19.797548627737992 49.668114946045705
19.79728981399439 49.66816081855061
19.796411949315935 49.66822284463546
19.79615545953889 49.66822900919662
19.79458989716834 49.66826663644673
19.794241967668576 49.6682749987008
19.793825852732937 49.66828487072031
19.79314896747058 49.66828785095262
19.7929449816171 49.66830708928785
19.792765821354816 49.66832398626932
19.792264956062994 49.66837185625073
19.7915668850196 49.66847071130387
19.790512951996465 49.66861996059016
19.7902449173535 49.668657958552046
19.790086689850963 49.66869669818726
19.789640861518105 49.6688058525802
19.789142976458585 49.669008880906006
19.788797419136397 49.669139829808095
19.788358989097752 49.66930597281395
19.787743943655727 49.66948292410708
19.787458975942716 49.669552730418864
19.786044079133465 49.66989932662363
19.78467242102696 49.67023533098159
19.784665922477824 49.67023692288034
19.784049945713207 49.670355945908035
19.783280061907817 49.67042226524829
19.781863423183665 49.67054429735872
19.78042660987451 49.67066806734851
19.77954588337718 49.670743934901296
19.778995180964817 49.67075171355639
19.77876785648095 49.670754924507925
19.777472862197143 49.6707012820243
19.775970095635124 49.67063903299995
19.775264965935012 49.67060982444755
19.77465997877702 49.67056288578874
19.77449049186168 49.67053090809393
19.774044933335 49.67044684299335
19.77310264274185 49.67018402119459
19.771875883010235 49.66984185583536
19.771683059406335 49.66980181238589
19.77132696147249 49.66972786194968
19.770660879552235 49.66970197118152
19.770279968610705 49.669712960788154
19.7701236501044 49.66973760671627
19.769810954551644 49.66978690780223
19.769264826981683 49.66990499950733
19.76873397310229 49.67010299869112
19.768676701615433 49.6701346435729
19.76786188262392 49.670584865002
19.767722929292685 49.67067483076472
19.7676309848871 49.67072854994625
19.76755491869647 49.67077299216627
19.766403590431334 49.67138283901395
19.766293907902252 49.67144093673172
19.765967944993857 49.67159795772131
19.76531192135763 49.67196489882391
19.765235882412263 49.67201144750638
19.764460878769924 49.672485880683794
19.764152983519875 49.67266283197692
19.76405402724482 49.67271956649002
19.763564946433117 49.67299997075647
19.762776768619545 49.67325866611058
19.761840882044453 49.673565842365456
19.76153288118886 49.67366723432856
19.760895962139127 49.673876904112326
19.7601559332048 49.674134880471264
19.76013037807341 49.6741481657548
19.759705918126684 49.67436882870724
19.759613903454255 49.67441688495316
19.758938175043653 49.67478871785002
19.757827043595537 49.67540013986316
19.75771493668217 49.675461828905235
19.757287832139905 49.675700992547746
19.75666698316164 49.67604619681576
19.755548866589713 49.67666789166632
19.755486478926105 49.67670256708926
19.75430516268537 49.67735914946314
19.753124284876066 49.678015488154315
19.752322951383658 49.67846087392704
19.75218194914271 49.678538918760545
19.75196126501214 49.67865579075434
19.751133838693807 49.67909398702742
19.75074554075371 49.67931625879767
19.749586673401335 49.67997962440252
19.748421600428703 49.68064654226469
19.747931951610713 49.680926829895235
19.74782186927993 49.68099798294152
19.747676955484085 49.681091860259144
19.74751695426219 49.68124292078412
19.747362388110524 49.681433064386994
19.747347826078855 49.68145097825194
19.74670944422245 49.68237914346033
19.74611355813088 49.68324552262323
19.746045837090445 49.683343984559414
19.74597282139896 49.68342184312839
19.74587782649423 49.68352689631716
19.745729932466073 49.683667898558106
19.745663994826316 49.68373085596556
19.745478847894343 49.68387986758083
19.7454188707192 49.683922894684734
19.745264829961915 49.6840318594284
19.744911858698245 49.68424997518025
19.744581984234944 49.68442897538309
19.74401480776809 49.684744488412946
19.743393989132212 49.68508984189681
19.74303896895883 49.6852839295257
19.742953487808247 49.68532524299633
19.742709839553605 49.685442999425
19.742446834052657 49.685558855955875
19.741621591281792 49.68589673276181
19.740482860963407 49.68636295988477
19.74041726113865 49.68638982695842
19.73965286626636 49.686702892632105
19.739270837737713 49.68684687510535
19.739106949300332 49.68689199763617
19.73898399037832 49.68692585126145
19.738687829792973 49.686995886720624
19.73754195794608 49.68721683712938
19.735898299161413 49.68753377229216
19.734547367933423 49.68779426285909
19.73289305926565 49.68811325156393
19.73206985142983 49.68827198494088
19.731324935774705 49.688415432278774
19.73017498247717 49.688636877133774
19.72987016748322 49.68869566154111
19.728411676130744 49.68897693559738
19.72715190933239 49.689219885078515
19.727040895679018 49.68924689343378
19.72700691353199 49.689254991376174
19.72665085777605 49.68933983942881
19.72617793216209 49.6894968604184
19.725682898630303 49.68969147320823
19.725228914437345 49.68986994825013
19.724389193835904 49.690243008641986
19.723943875520167 49.69044084900113
19.72368385025152 49.6905488824222
19.723416933195672 49.690673865914505
19.723100405830056 49.69084111346111
19.722937860852586 49.69092699939594
19.72188574128118 49.69155522877011
19.720703434831144 49.6922611938157
19.71996191263114 49.69270396290803
19.719690897755868 49.692842916239265
19.71948991833977 49.692924872627664
19.719301461036913 49.69297624292258
19.719254852516684 49.69298894762223
19.718950868821537 49.69304482697796
19.71774042169435 49.69321181316964
19.716448963801167 49.69338997513182
19.716194948078748 49.69342894670919
19.715705954634533 49.693503969017506
19.71514697481275 49.69363994211644
19.714715175521476 49.69378871467165
19.714653932630732 49.693809815357845
19.71329399763244 49.694338469415214
19.712034867227857 49.69482793721917
19.712005843457625 49.69483921173156
19.710730775780537 49.6953345218243
19.709681973822757 49.69574193721433
19.70936278242708 49.69586591168428
19.70806976018252 49.69636812367863
19.70798286887965 49.69640187240545
19.707012989528767 49.69677794046949
19.706726601524245 49.69689392693619
19.706617922483787 49.69693794169138
19.70637391596378 49.69706087627398
19.70618690638662 49.697155871178715
19.705746949592537 49.69742688605398
19.70557404037069 49.697546334339194
19.70545898464603 49.69762581656037
19.70540999707751 49.69765990296736
19.704459515005293 49.69831920046195
19.70426391149157 49.69845487993482
19.703770869309547 49.6987659416817
19.7033126704674 49.69910972478958
19.703133844654275 49.69924389643767
19.70234525410199 49.69978491162707
19.701322689706487 49.70048644535518
19.70028469065924 49.70119856807782
19.69901709611121 49.702068205562696
19.697960726449736 49.70279293150674
19.696909758916384 49.7035139513027
19.696164943937173 49.70402493411358
19.69587177064711 49.704226085918826
19.694837063737975 49.704936018132045
19.694166884440932 49.705395840974056
19.69379966836528 49.705647488027935
19.693709977575615 49.70570895163064
19.692971997550995 49.70622490434851
19.692668593873417 49.70648142165825
19.69265981821701 49.70648884117206
19.691808930346586 49.70721012497199
19.69139606928659 49.70756010057342
19.691123880992617 49.70779083016047
19.691083208412813 49.70776311670609
19.69098883921628 49.70769881548805
19.69092997962825 49.70765299441635
19.69093295986055 49.70760288926071
19.69096592868043 49.707559862156806
19.69107433899687 49.70743977903389
19.691254824949535 49.70723985971301
