13.6344527500494 42.64582388040045
13.634429990524724 42.645814850460326
13.634422561867297 42.645811872920746
13.63439254758756 42.64579984265729
13.63432860719343 42.645774214196656
13.634247823825058 42.64574183476884
13.634218 42.64574183476884
13.634185 42.64574183476884
13.634108 42.64574183476884
13.634076832996536 42.64574183476884
13.63370095119702 42.64554495317217
13.633571869885293 42.64552893442352
13.633464954051338 42.64563193870258
13.63342803327966 42.6457949679883
13.633422263275676 42.645820446318936
13.633357851952862 42.64610486431654
13.633519441671028 42.646595918434485
13.63353983238801 42.64665788367371
13.63350980248554 42.64676714501377
13.633506863568131 42.646777838024
13.633291914313103 42.6468568141801
13.633099875593928 42.64678398475313
13.633046976470506 42.6466889898484
13.633056396385983 42.64575570727921
13.633056461750986 42.64574923121067
13.63305684849002 42.645710914858675
13.633024997257255 42.6455999012053
13.63300730451992 42.64558926881898
13.632906905552154 42.64552893442352
13.632788813847052 42.64556898129513
13.63275696261429 42.645710914858675
13.632755268838729 42.64571992633125
13.632751511517878 42.64573991657941
13.63271393551038 42.64593983395263
13.632584854198656 42.64622388734424
13.632411653709518 42.646451779000905
13.63232239912878 42.64656921731976
13.63212887865593 42.64682384536022
13.632252930825642 42.64697285697549
13.632456197110072 42.64711216842639
13.632541827094744 42.64717085615927
13.632791496525115 42.647373249076225
13.632842830557587 42.64741486267928
13.633099875593928 42.647785901601296
13.6331259526266 42.6478229682406
13.633324883132984 42.64810199249019
13.633490391570165 42.6482638965214
13.633743978300927 42.648511960696695
13.634129918384476 42.648709959880485
13.634483006907406 42.64885653310633
13.635191998672306 42.64915084799716
13.635432371925532 42.64945643753899
13.636017895549935 42.65020082109125
13.636115531655063 42.65028153954085
13.63654893569385 42.65063984656274
13.636609844191591 42.65069684350558
13.636946984403943 42.65102511951449
13.637027821772422 42.65110383147979
13.637209988472089 42.65113791788678
13.637431829514322 42.65112283046073
13.637916862322022 42.65100585634274
13.638090531880405 42.65088268820383
13.638828999671988 42.650358959667955
13.639043948927014 42.650334931545
13.639280988276566 42.65044628568002
13.63931198356998 42.6504608463599
13.639579831948426 42.65053982251599
13.639934852121804 42.65053386205138
13.640242933636372 42.6505828496199
13.64037387759329 42.65072590077056
13.640408217282705 42.650790566419445
13.640459931801107 42.65088795090216
13.640497929763002 42.651097871015175
13.640611923648684 42.6513098400379
13.640888898988566 42.651415824549254
13.641092858636965 42.65153484757695
13.64112100494105 42.65157630359698
13.641274839072112 42.65180288221992
13.641363873512235 42.65208786693412
13.641536913250468 42.65222495762016
13.641704923846683 42.65230784533116
13.641874054470108 42.652343861636574
13.641963831528212 42.652362979628805
13.642133891034138 42.65245797453354
13.642472892458876 42.65270291237614
13.642682998836406 42.65278281985483
13.642897982432256 42.6528284880746
13.642904839878636 42.652829944778155
13.6430918494558 42.652817837584415
13.643287985994398 42.65278989790655
13.643455996590614 42.6527269404991
13.643591969689547 42.652593947632475
13.64367299475535 42.65246896414017
13.643728874111076 42.65219590035519
13.643738207294811 42.652168209107344
13.643790900195931 42.65201187101033
13.643928922204577 42.65188781884062
13.643979958682804 42.651861928072464
13.644051856787172 42.65182486143317
13.64430089244919 42.6517158966895
13.64436198721145 42.65163692053341
13.644379868605284 42.65157992359057
13.644386946657008 42.65155887569991
13.644393703983011 42.65139641832059
13.644395887353925 42.65134392644489
13.644435934225529 42.65126197005649
13.644493862490965 42.65119491482962
13.644539869827176 42.65116790647435
13.644633933409317 42.651152819048306
13.644717938707425 42.65116995538406
13.645321994542822 42.65141489322666
13.645457967641756 42.65144488181423
13.64562188041855 42.65145382251115
13.645708132032045 42.651438118092194
13.645752824375467 42.65142998065271
13.645897924435838 42.65136199410324
13.645944863094646 42.65129195864406
13.645965910985304 42.651213913810565
13.645961999430405 42.65107794071163
13.645926981700814 42.65084585512085
13.645848936867315 42.650663874685705
13.645777262974525 42.65056792215796
13.645308956026486 42.64994098208713
13.645260699437426 42.649741045479466
13.645074821525997 42.648970916471725
13.64506391485234 42.648834219495264
13.645060851687065 42.64879582782378
13.645082830900314 42.64866991300888
13.645253821728836 42.648521832716206
13.645459830286946 42.64837785024295
13.645642928309208 42.648197918717514
13.645716875323286 42.64809193420616
13.645742012694193 42.648034183666304
13.64576698047892 42.64797682273336
13.64586681826115 42.64787288713171
13.645940951539746 42.647834889169815
13.646051965193122 42.64780583190484
13.64614397986555 42.647808998401665
13.64625592484152 42.64784084963443
13.646359860443171 42.6479039933064
13.646442934418683 42.648035868585914
13.646499931361523 42.64816699880735
13.646526939716791 42.64823796558912
13.646595857588856 42.64845999289587
13.64668592239382 42.648672539448015
13.64670091077762 42.64870791097078
13.647057979860708 42.64908789058971
13.647386573348667 42.649416577534296
13.647712885909815 42.64974298290334
13.648057175077753 42.650298995373824
13.648484952341429 42.6509898375941
13.648509010923105 42.65113308611192
13.64854995865859 42.65137689526477
13.648512892019292 42.651573963125955
13.648463904450772 42.65177885409695
13.64849687327065 42.65187384900169
13.648562997174926 42.65194798228029
13.64868902579704 42.65202527511501
13.64876192768131 42.65206998554029
13.648948937258472 42.65214393255436
13.649133897925926 42.65223389831708
13.64928793868321 42.65235292134478
13.64939597210428 42.65248498288881
13.649494878563916 42.65267795293058
13.649499316733344 42.65269312207536
13.649596951520374 42.653026826374834
13.649712994315763 42.65323283493294
13.64986684880853 42.653415932955205
13.65004462456757 42.65354324088937
13.6502159085173 42.65366589993982
13.650469973321332 42.65384694905237
13.650531999406189 42.653875820052825
13.651041197685524 42.65412126671752
13.651241853488427 42.65421798797439
13.65136981721304 42.654350980841016
13.65148586000843 42.65449682595946
13.65173182100369 42.65493575331071
13.65179189261329 42.655042953529424
13.65184684064642 42.65509697023996
13.652250848388318 42.65533296738564
13.652571968419224 42.65559094374458
13.652590474796645 42.655616272640074
13.65286198227544 42.655987873434746
13.653037815981458 42.65607485896516
13.653172857757797 42.6560908777138
13.653374954761006 42.656265966361744
13.653435811189404 42.656302480218784
13.653659939475206 42.656436957190266
13.653827950071424 42.65651686466895
13.653911955369532 42.65654592193393
13.654116846340528 42.65661986894801
13.654426976764803 42.656720824317354
13.654525048331172 42.65674549262546
13.654669865697691 42.65678191907961
13.654787957402794 42.65681283898979
13.65498483899947 42.656861826558305
13.65516588811202 42.656907833894515
13.65519084755758 42.65691398062365
13.655662841848944 42.657035983883645
13.655762498758753 42.65706283124482
13.655962913989192 42.657116822684934
13.65606088912623 42.657146997537026
13.656125895443392 42.65717083939547
13.656240820651668 42.65721684673168
13.656339913375822 42.65729787179748
13.656419820854511 42.65741782614778
13.656449995706604 42.6575839740988
13.65646694577784 42.65772795657205
13.65646489686813 42.65779892335382
13.656440018017303 42.65786465829913
13.65640398837039 42.65795985589832
13.656305826968827 42.65806788931939
13.656162962082693 42.65821094047005
13.656170971457012 42.658216900934654
13.656207851831793 42.65824893843194
13.65625497675512 42.65825899671597
13.656338982053228 42.65825489889655
13.656610494867348 42.658190859447046
13.6568988931976 42.658122837352515
13.656919941088258 42.65811799447502
13.657785348891746 42.65792540587292
13.658218949844366 42.6578289119414
13.658393852227787 42.65773689726897
13.658584959624372 42.65760185549264
13.658755950452893 42.65745191255477
13.658811068456544 42.65740690352995
13.659011877902117 42.65724292376435
13.659140959213843 42.657139919485296
13.659273952080472 42.657048836135466
13.65940489603739 42.656977869353696
13.659588925382248 42.65693391092719
13.659791953708051 42.65690094210731
13.65999078744699 42.65687532549064
13.660125925990773 42.6568579150034
13.66040793047267 42.656877845306944
13.66056886301716 42.65692198999797
13.66067689643823 42.65695086099843
13.660938970616586 42.65712594964637
13.661181859549474 42.65732897797217
13.661195019264298 42.657337116749645
13.66130293148688 42.65740385630885
13.661436855676104 42.65747091153572
13.661580838149357 42.65751896778164
13.661727987119436 42.65755398551123
13.661914996696598 42.65756385753074
13.662098839776936 42.65755696574353
13.66229795654784 42.65752585956885
13.662413871891893 42.65749598110764
13.662495955731629 42.65747482309062
13.662586852816943 42.657438874038434
13.662890836512092 42.657311841636414
13.662938892758016 42.657292842655465
13.663520616982616 42.657069449851775
13.66358690701992 42.65704399325797
13.6637009009056 42.65701381840588
13.664410941252356 42.65691286303653
13.66476011363984 42.65686671391632
13.664985939822778 42.656836867112744
13.665148921276977 42.65681991704151
13.66517294939994 42.65681786813179
13.665365919441712 42.65679793782826
13.665725968757108 42.65675993986636
13.665895841998514 42.656713932530145
13.66602287440053 42.65665693558731
13.666097939001723 42.65657889075381
13.666144877660532 42.65648296452648
13.666151446053354 42.655776785921795
13.666152887034851 42.655621863654744
13.666049185030168 42.65479855435966
13.66593510831095 42.65389287829708
13.66591092942456 42.65370091766941
13.665862873178636 42.65342897147154
13.665777936557932 42.65326599001734
13.665648855246204 42.65312591909898
13.665450733899378 42.6529947537839
13.664506867479686 42.65236987141601
13.664463599074171 42.65231400587978
13.664403863200633 42.65223687854939
13.664356924541822 42.65208786693412
13.664498858105366 42.65194295313827
13.664674878075902 42.65186993744679
13.664846986491538 42.65186397698218
13.665077954495205 42.6519608345321
13.665579937374144 42.652234829639674
13.665712498250665 42.65226934453286
13.665871813875553 42.65231082556346
13.666174866248106 42.65234193173815
13.666384972625634 42.65234398064786
13.666504926975929 42.65234491197046
13.66674893349593 42.65231883493779
13.66695958085915 42.65228462151255
13.667099855849887 42.65226183799494
13.66733399035038 42.65218099919366
13.667495854217467 42.65208581802441
13.6675459593731 42.65202397820407
13.667612828335452 42.65193997290597
13.66773390027286 42.65174290504477
13.667814956549588 42.65155179537139
13.667822934712982 42.65153298493176
13.667960956721624 42.65120888466855
13.668041981787429 42.65100697392986
13.668079979749322 42.650734841467475
13.668091686169744 42.6506269229042
13.668097861143156 42.65056999736808
13.668127849730729 42.64996091239067
13.668094363678446 42.6497019331056
13.668066941232986 42.6494898494219
13.667959839134513 42.6492858897735
13.6679129004757 42.6491219769967
13.667943820385869 42.64899792482699
13.668052971394054 42.64884984453432
13.668302938378668 42.648802905875506
13.668645851358306 42.64877999533966
13.669003851763993 42.6486779223832
13.669245995638802 42.648514940929005
13.669346951008148 42.64828881580283
13.669358958542782 42.64824946968488
13.66951384401725 42.64774194317479
13.669626906580334 42.64736997293018
13.669619132997282 42.64726949217145
13.669611819154287 42.64717495397869
13.669541969959631 42.6470188643117
13.668855957735836 42.64649695112922
13.668840672808528 42.64647356129619
13.66873898361785 42.646317950926374
13.668723896191803 42.64615385188506
13.668847948361517 42.64594393177205
13.668972931853824 42.64587389631288
13.669182851966832 42.64585787756423
13.669432818951446 42.645927913023414
13.669461876216424 42.64594188286234
13.669774986873009 42.646083816425886
13.669993847682935 42.646122931974894
13.670084146173265 42.64611776863037
13.67027398951964 42.646106913226255
13.670413874173477 42.64607599331608
13.670553945091829 42.646028868392754
13.670717857868624 42.64600595785691
13.670912876820108 42.64601396723123
13.671130992571957 42.64606090589004
13.67132683051259 42.64615882486036
13.671408899234434 42.64619985922128
13.671551950385092 42.64627082600305
13.671987995624274 42.64659790649856
13.672244787733256 42.64688168682794
13.672283969945102 42.64692498699408
13.672612913085809 42.64732098536166
13.672745905952436 42.64763484107632
13.672786275294682 42.64769195621979
13.672921925922973 42.647883876738334
13.673408821375864 42.648189909343195
13.673784754483805 42.64836393769931
13.674287989905952 42.6485968973174
13.674358956687724 42.64862986613728
13.674849949960038 42.64886791219267
13.674895312874488 42.64890499792876
13.67518988270737 42.649145818855146
13.675277985824897 42.64921082517231
13.675602831146184 42.649449988814816
13.675835355462464 42.64962843770871
13.676475852947142 42.65011998228997
13.67675237857296 42.650234218162446
13.676833853352829 42.650267876318125
13.67708382033744 42.65022894703363
13.67724698805616 42.65015891157446
13.677347943425506 42.65001083128178
13.677386872709992 42.64979997984618
13.67702887230431 42.64942596069185
13.676881034236702 42.64923690895137
13.676748916732125 42.64906796028617
13.67649894974751 42.64871685166769
13.676469892482531 42.64849687327065
13.676452805516009 42.64836832179355
13.676449962178989 42.648346930332785
13.6764559226436 42.64822883862769
13.67650099865722 42.64813589263266
13.676518880051052 42.64809994358048
13.676548868638625 42.648036986173025
13.67677182726797 42.64781495886628
13.676972992948585 42.64767488794792
13.677122335057769 42.647571359380635
13.677360981941842 42.64740592198236
13.677914932621604 42.64774995254911
13.678273377478966 42.64801817989163
13.67832788106042 42.64805896538628
13.678589955238774 42.64840895641764
13.678830981526472 42.64881892462415
13.678874915383805 42.64889361743059
13.678986884928946 42.64908397903481
13.679084860065986 42.649333946019425
13.679139994363636 42.64947699717008
13.679263860268827 42.64974689445824
13.679308910664677 42.6497814913293
13.679556854357353 42.6499719019973
13.679838858839249 42.65020696782038
13.679881885943155 42.65026694499553
13.680022888184103 42.65039695762985
13.680102981927313 42.65047183596652
13.680130338731852 42.65049668631364
13.680340841718186 42.65068790280866
13.680456884513577 42.65079295599743
13.68065190346506 42.65096897596796
13.68092291834033 42.65121596272027
13.680980020722528 42.65126772843123
13.681500897143057 42.65173992481247
13.681774241069226 42.65198120890096
13.682140902030635 42.652304865098856
13.682644014111233 42.652749867734144
13.682885960106985 42.65296386896738
13.682911850875136 42.65298789709034
13.683035903044848 42.65310692011804
13.683182865750409 42.653247922358986
13.683294996990895 42.653354838192946
13.68330691792012 42.653348877728334
13.683343984559416 42.65333993703142
13.6833799336116 42.653340868354015
13.683415882663784 42.65335185796064
13.683444939928762 42.653370856941585
13.683464870232305 42.65339693397426
13.68346989937432 42.65342487365212
13.683461889999998 42.653453930917095
13.683448046153774 42.65347062116161
13.683441959696456 42.65347795904006
13.683438235408584 42.65348006407233
13.683411971108884 42.653494909111295
13.683408990876575 42.65349584043389
13.684047994735836 42.65435039680495
13.68417099902416 42.654514893617815
13.684214957450664 42.65457282188325
13.684384830692071 42.65480099591913
13.684719037057608 42.65524502870465
13.684779897737052 42.65532588933392
13.684808955002032 42.6553648186184
13.684830934215285 42.65540784572232
13.684987955204871 42.655696928255935
13.685039923005698 42.655790991838074
13.685212659091304 42.65611711893726
13.685227863905457 42.65614582574693
13.685254872260725 42.656196862225165
13.685289889990312 42.65626186854232
13.685484908941795 42.6566139084834
13.685511917297063 42.65666196472933
13.68562889141505 42.65678694822163
13.685751825997649 42.65687989421665
13.68587212869946 42.656934332152154
13.686100885706416 42.65703784652884
13.686393879794938 42.65712799855608
13.68648682578996 42.65715593823394
13.687088024989418 42.657206186272376
13.687179916065482 42.657213866499376
13.687920876322409 42.65727682390683
13.688355990238994 42.65732786038506
13.688413842618733 42.657343340339224
13.688628867759457 42.65740087607654
13.689008847378393 42.65752399692366
13.689305939286337 42.65768995861016
13.689575573308405 42.65793762353755
13.689648852265972 42.65800493191194
13.689791903416632 42.6581138966556
13.690057889149887 42.658274829200096
13.690371931129066 42.658357903175606
13.690420918697589 42.6583549229433
13.690651886701254 42.65834095310437
13.690655140513185 42.65834055914508
13.690734960676766 42.65833089482034
13.691050865301136 42.65828991662614
13.69140290524221 42.65820796023774
13.691493988592043 42.65818598102449
13.691841930713696 42.658159903991816
13.69187697105306 42.658163481738114
13.692204960261396 42.65819697063112
13.692729853676182 42.65841992926046
13.693030857139023 42.658548824307665
13.693080138328307 42.65856782960936
13.69311393111454 42.65858086180495
13.693244875071455 42.6586408389801
13.69333390951158 42.65868293476141
13.69344399184236 42.65873192232993
13.693628952509812 42.658814996305445
13.69382099122899 42.65889285487442
13.693950817598791 42.658944822675245
13.694241203497322 42.65906195710682
13.694292985520356 42.65908284468389
13.694329865895137 42.65909886343253
13.694545932737274 42.65919385833727
13.695010848976914 42.65940899385681
13.695098952094442 42.65944997205101
13.695374090356925 42.65957758202699
13.695484892177989 42.65962897225385
13.695603915205686 42.659682988964384
13.69591292804285 42.65983181431513
13.696485951592196 42.66010652351521
13.69653691418179 42.660130955132786
13.69711191275221 42.66038688258202
13.697557558010592 42.660610039445146
13.697856970828555 42.66075997041374
13.698062979386664 42.66086185710569
13.698219814111734 42.660938970616584
13.698451899702516 42.66106283652178
13.69853087585861 42.661087982231855
13.698580981014244 42.66111592190972
13.698620841621327 42.661150939639306
13.698622959302655 42.66115368532268
13.698647849976595 42.66118595736889
13.698665917634948 42.661224886653386
13.69874489379104 42.661277972041326
13.698810831430796 42.66133590030676
13.69891588461956 42.66144784528273
13.699088924357792 42.661658882982856
13.699173860978496 42.66175797570701
13.699326831373378 42.66194330695738
13.699489951867386 42.66214093555825
13.699601896843356 42.66226387014085
13.699831933524427 42.6623258962257
13.70013088807756 42.662339866064634
13.700516328215755 42.6622412729379
13.700556875032714 42.66223090132097
13.70068986789934 42.662196814913976
13.700768844055434 42.66217688461043
13.70125685709544 42.66205599893755
13.701319814502892 42.66203998018891
13.70147292393758 42.66200198222701
13.701696283983958 42.661946250223174
13.701761820206682 42.66192989785812
13.7022148155171 42.66165981430545
13.702277959189072 42.66162293393067
13.702739139646262 42.66143200901712
13.702956893361142 42.66134186077137
13.70356094919654 42.661091893786754
13.7038098847694 42.6609064497008
13.703901999530986 42.66083782898272
13.703974828957948 42.66078288094959
13.70409496957276 42.66074190275539
13.704185866658074 42.66070986525811
13.704911874682995 42.66051212742489
13.705022939406849 42.660481877486745
13.70514699157656 42.66052490459066
13.705366969973602 42.660578921301195
13.705541872357022 42.66058283285609
13.705679894365666 42.660563833875145
13.7058968925304 42.66053887442959
13.706044972823076 42.6604999451451
13.706188139762167 42.660421946979234
13.706279852381645 42.66037198142049
13.706494987901188 42.660190932307934
