35.54429690687055 49.6130947463787
35.5440438287864 49.61293282984792
35.54328428150849 49.612396427167965
35.542246071106106 49.611663228776784
35.54114185166349 49.61088341389823
35.53995099195073 49.61004241247547
35.53892578792243 49.60931839936362
35.53881892276151 49.60924292972482
35.537817705724386 49.60853837100879
35.53665519156564 49.60772030713984
35.5355021650186 49.60690891972491
35.53435465750534 49.60610141606667
35.5339589089295 49.60582292688987
35.533233566265764 49.60532268142622
35.53214246108213 49.60457018133796
35.53107697434047 49.60383534946367
35.530028867673316 49.60311250406675
35.52988288245833 49.60301182276782
35.52898165370525 49.60239361743021
35.52793554614571 49.60167603127374
35.52689020883005 49.60095897347245
35.525827563133454 49.600230042843705
35.52538999599345 49.599929890035014
35.524765933753024 49.59949601890564
35.523693711283606 49.59875057022503
35.522566960306 49.59796721131064
35.52228887801518 49.59777387822659
35.52138519446446 49.59714488262741
35.52110498073187 49.59694984399415
35.5202127441638 49.59631936846937
35.51977486580107 49.59600995323084
35.51906239131031 49.595506842428456
35.51790479615969 49.59468941158339
35.517028954260695 49.594070939587155
35.51673070847519 49.593864401249995
35.51552780383961 49.593031377162944
35.514328747531714 49.59220101808321
35.51321388438077 49.59142896364843
35.51314686243604 49.59138080020321
35.51198980087014 49.59054931028486
35.510843233577205 49.58972536178212
35.5097087666804 49.58891010889049
35.50934796428713 49.58865082834625
35.5085631021955 49.58812248198279
35.507426296566265 49.58735721745214
35.506302588928904 49.58660077010917
35.50527193781596 49.585906965715594
35.505185741547045 49.585846556500584
35.50409398178113 49.585081414908466
35.50301098366993 49.584322413775666
35.5019298310743 49.583564706041635
35.501404900135206 49.58319681696289
35.500856938525885 49.58279638028252
35.49976130459267 49.581995718324336
35.498948816186534 49.581401972056966
35.498672653723006 49.58118620195197
35.497620034522974 49.580363773905795
35.496649939491974 49.57960582329942
35.49659789774133 49.57956016948274
35.495660103367044 49.57873748592735
35.49487297597989 49.57804697553919
35.494759610772704 49.57793904054689
35.49389778503576 49.57711849642596
35.49320087939205 49.57645497269456
35.49303490926559 49.57623449650177
35.49234884961966 49.5753231287636
35.492103967639146 49.57499782536174
35.491617518368486 49.57440237756091
35.49116295928872 49.57384596557571
35.49092863136561 49.57349974339964
35.49030160496823 49.57257330475385
35.490222882260895 49.57245699105688
35.48984959564105 49.57158887232244
35.48959591588965 49.57099891240147
35.489443458326136 49.57057783457057
35.48908035322305 49.56957496199632
35.48900284966088 49.56936090222063
35.4887777821688 49.56853330570866
35.48852694381461 49.56761094706381
35.488520032625594 49.56750134394555
35.488453559659476 49.56644716291424
35.488387390259305 49.56539779607256
35.48838184375424 49.565309835195016
35.48837887130057 49.56435790690497
35.488375883289635 49.563400996403416
35.48838101113637 49.56333399672017
35.48845981841673 49.56230431250851
35.48854043822526 49.5612509460734
35.488573882473425 49.560813968497825
35.48866541526633 49.560195951952856
35.48882412442137 49.55912437005824
35.48898751967026 49.558021148316904
35.48912485292088 49.557093893522634
35.489156603337314 49.556898503108826
35.489338739087465 49.55577764916149
35.489519694906576 49.554664056448495
35.48969884992934 49.55356154574269
35.48982781521591 49.55276790006685
35.48987586780075 49.55246762844131
35.49005364243279 49.55135674797744
35.49023189367854 49.550242889243535
35.49041207516019 49.54911696882608
35.49049482845876 49.548599858923254
35.49059971798006 49.547973150688875
35.490790589529254 49.54683270529359
35.490979522714525 49.545703841499765
35.49108193422292 49.5450919392353
35.49115705139269 49.54461679750633
35.491325928897965 49.54354858966402
35.49149073875774 49.54250611106742
35.491586897334166 49.541897875262
35.49165172830995 49.54146004066636
35.49180662132734 49.5404139740166
35.491963238359695 49.53935626426901
35.49210899678116 49.5383718879157
35.492119579425406 49.53829203233864
35.492262687907726 49.53721215001635
35.492405606104946 49.53613370356653
35.49252697436199 49.53521787081401
35.49253863347884 49.53504664914552
35.492613433691155 49.53394815966925
35.492683995351584 49.53291191606772
35.49268668553511 49.53283803826056
35.49272710758796 49.53172796803726
35.492768078336574 49.53060282953329
35.492809487483555 49.52946565173569
35.49284083007665 49.52860492159288
35.49285358206206 49.52832485526101
35.492906207794036 49.52716905910476
35.49295883352601 49.526013262948496
35.4930114137657 49.52485846591951
35.49304981886707 49.52401499131356
35.49306153789704 49.52371325268601
35.493105544919736 49.52258017096658
35.49314866240417 49.52146999285384
35.49319119450717 49.52037488699459
35.4932344551764 49.51926102219591
35.493235897121636 49.51922389535361
35.49324479026008 49.51810809335418
35.49325402816976 49.516949033687034
35.493258993922005 49.516325991965665
35.49321024070956 49.51580767326368
35.49310592446196 49.51469863737984
35.49300469406233 49.513622408620655
35.49296786247867 49.51323083445201
35.492837677617366 49.51257319381559
35.49263963679091 49.51157277261576
35.49243721473784 49.510550219252224
35.492317985571574 49.509947922303105
35.49217485524954 49.50954363207427
35.49182243954349 49.50854818803129
35.49148133584465 49.50758469622537
35.491272855354985 49.50699581594011
35.49112663848188 49.506607057338464
35.49075060601332 49.505607269464825
35.49035631515135 49.50455893652699
35.48995245810499 49.50348516920262
35.48983992240965 49.50318596146671
35.48951707175429 49.50238357562847
35.489065030340086 49.501260109954664
35.48860696259596 49.50012166694785
35.488450947890826 49.499733921134485
35.48826696326158 49.49924756975845
35.48782870331866 49.49808905816339
35.48766789185259 49.497663963533874
35.48750007683895 49.49720383416551
35.487175434476704 49.496313702336195
35.48685562683581 49.49543682675394
35.48672688350216 49.49508382741549
35.4865936753327 49.494549139230266
35.48636680505327 49.49363849794994
35.48615188493174 49.492775823759494
35.48614720454554 49.49274534749283
35.48600348427437 49.49180951503796
35.48581795692071 49.49060145637372
35.48578699273885 49.49039983355402
35.4857331265034 49.489689732160656
35.48564309458252 49.48850287007685
35.48562997174926 49.48832987595342
35.485728289999805 49.48759406918905
35.485848186813826 49.486696769996975
35.485942896141324 49.485987972154945
35.48604205201024 49.48554303950311
35.48629341808485 49.484415108545726
35.486517894711746 49.48340783603656
35.486554500324125 49.48330147473238
35.48693635515411 49.48219195695389
35.4872998091132 49.481135904764365
35.48740581767423 49.480827886182695
35.48772950315219 49.48005385113304
35.48818413999529 49.47896666967019
35.48855581481507 49.4780778768229
35.488642680498664 49.4778736809065
35.489116019420486 49.47676099899446
35.48958884043858 49.4756495345232
35.49005376692285 49.47455662780113
35.49014595501451 49.47433992045387
35.49050050759545 49.47352590944011
35.490957994318805 49.47247557374525
35.49109590406185 49.472158949199894
35.491391524064554 49.471480544394375
35.49183732337276 49.47045749997851
35.492181826208125 49.46966691619903
35.49227901524427 49.4694572895021
35.49261395989241 49.46873484854552
35.49274766484084 49.46843381549705
35.493119854326245 49.46759584101131
35.493207768561604 49.467415173370455
35.49370005941257 49.466403493904664
35.494151946026506 49.46547484693247
35.494187058238694 49.46539261986412
35.49422496171798 49.46530385610395
35.49462774350684 49.46435458551357
35.49507396502073 49.46330293677562
35.49541891728533 49.46248995801412
35.49552032681618 49.462235740771455
35.495941639104686 49.46117957921162
35.496361389022205 49.4601273342624
35.49677827048808 49.4590822800561
35.49719576922683 49.458035678446855
35.4976108277672 49.45699519401909
35.49803211873481 49.455939085907275
35.498456719199844 49.454874681422304
35.49887676709335 49.45382168949562
35.49929463960717 49.45277415089291
35.499710454226026 49.45173177109902
35.50012570178602 49.45069081282973
35.50053814390091 49.449656887356184
35.500954949567706 49.44861202316588
35.50137573648299 49.447557178631484
35.50179753150293 49.44649980694226
35.502051983074516 49.44586193813075
35.502226004222564 49.44544845866887
35.50267208157426 49.44438856551562
35.50311659274912 49.443332393645456
35.503565221701116 49.44226643781346
35.504005983323516 49.441219174992305
35.50445188808295 49.44015969192345
35.5048952610706 49.43910622442019
35.50534534337213 49.43803681538615
35.505793302063 49.43697245211467
35.506243497191825 49.43590277499958
35.50669419669215 49.4348318994827
35.50714205917262 49.433767764809986
35.50759158404033 49.43269968025542
35.50801989826604 49.43168199282174
35.50803865517155 49.431637115864234
35.50848501314206 49.430569179169744
35.50893192173289 49.42949992508501
35.509372717079735 49.42844529728228
35.50981962567056 49.427376043197526
35.510263534582116 49.42631396601513
35.51071369191129 49.425236939140085
35.5111739732886 49.42413568990719
35.51164224009743 49.42301533507764
35.51210073195868 49.42191836736313
35.51255237724268 49.42083778047203
35.512999534892586 49.41976793049933
35.51344582651697 49.418700152541696
35.51389829773145 49.41761758956518
35.51435194149553 49.4165322211974
35.51480288217874 49.41545332010354
35.51526496939748 49.41434775029287
35.51541199197051 49.41399599046997
35.515737771087316 49.41322392259634
35.51621549207136 49.41209176585174
35.51658711360172 49.41121105548716
35.516956759407066 49.4103350274172
35.517347074627686 49.40941001464971
35.517594825869686 49.40882286598138
35.51771243748342 49.408492604295226
35.517954875185076 49.40781182217177
35.518028267603434 49.40758514915445
35.51823687966697 49.40694084928053
35.51831031198904 49.40667038071806
35.51842798706355 49.4062369556629
35.51855493070904 49.40571681952747
35.51862691756994 49.405421862127376
35.51876914859397 49.40474078805141
35.518788967701546 49.40464588414086
35.51890184400011 49.404024878234225
35.51892824431801 49.403785893961135
35.51899795649196 49.40315483666557
35.51900296704033 49.402836366210835
35.51901192633089 49.40226691370309
35.5189935492061 49.40191257065011
35.518964987672085 49.40136185440485
35.51893365835984 49.40097292003971
35.518889923070894 49.40042997301586
35.518827810011814 49.40005745985569
35.518679816693364 49.39916989354424
35.518592430826324 49.398851323459496
35.51834752334003 49.39795849946742
35.518329825662 49.397893981588496
35.51792854713334 49.39681207114335
35.517849821996315 49.39659981570989
35.51742186828819 49.3956497883572
35.51726290249667 49.39529689539888
35.517005521246794 49.39478310159031
35.51676799766946 49.39430894838964
35.516549064882 49.39391769574344
35.51621684095748 49.39332398161271
35.51600096037986 49.3929598344779
35.515906808796636 49.39280105771111
35.51527396996187 49.39173384141327
35.51526008921884 49.39171049652727
35.51523299176767 49.39166492354121
35.51459353150692 49.390655345880255
35.51419289069309 49.390022815540945
35.51392059686169 49.38959673388768
35.513263836496456 49.38856904427466
35.512610730505095 49.38754707297576
35.511964944887914 49.38653655649798
35.51131742268072 49.385523322627975
35.510867882762874 49.384819888729304
35.51067449318374 49.38449973760551
35.510050731166245 49.383467116759135
35.509497907225 49.3825519319449
35.5094366039802 49.38244602220021
35.50893985872581 49.38158782679412
35.50885613304339 49.381432177107634
35.508421857098234 49.380624839230435
35.50832474573751 49.380418845434946
35.507966999142624 49.37965998902157
35.50785566815521 49.37939624812008
35.50770399364168 49.379036934205224
35.50750599445789 49.37856698882357
35.5074206786754 49.378364813870185
35.50702487320508 49.37742686370224
35.506994957307 49.377333968100885
35.50664948953722 49.37626121286765
35.50650798916462 49.37582182234127
35.50635895960196 49.37517326431326
35.50620996593408 49.37452486249487
35.50613979095613 49.37406251785427
35.506009917840586 49.37320685475782
35.50599293893397 49.3729230306166
35.50592982409738 49.37186798539463
35.505932776727704 49.371768007958494
35.505966915307084 49.37061205978218
35.50596987096898 49.37051197969568
35.50605285430776 49.36946278165583
35.50607697306746 49.36915783664192
35.506219640413306 49.36833643816494
35.50636493801396 49.36749989615753
35.50642717113418 49.367237100486655
35.50667870125499 49.366174948587265
35.506824825111586 49.36555790228154
35.5069632787014 49.36510220104627
35.507276222657026 49.36407218840917
35.507389951662496 49.36369786479394
35.50760656105259 49.36307789904028
35.507934694980484 49.36213873477866
35.508244878310805 49.36125094758682
35.50860318071292 49.3602254370184
35.50893590360893 49.35927313850125
35.509253874963406 49.35836306091717
35.509371992410095 49.35802499260064
35.50933194553849 49.35790094043093
35.50923788195635 49.357783966312944
35.5088528731954 49.35772994960241
