136.68049133810467 35.06403173458856
136.68044496358436 35.06391983622133
136.6803009811111 35.0636208816682
136.68005977911 35.06313117322398
136.68001189857748 35.06303396216856
136.67990498274352 35.062717871279666
136.67979396909016 35.06225891550464
136.67978813027054 35.062218291174865
136.67977198987688 35.06210599233447
136.67976081400576 35.062030927733275
136.6797749701092 35.06178598989068
136.67980197846447 35.06144885111113
136.67980010255192 35.06127078751887
136.67979490041273 35.06077699499079
136.67871632527132 35.06100137195477
136.6782038288907 35.061107987041204
136.67807288493378 35.06081983583018
136.6779978203326 35.06068982319586
136.6778478392418 35.06036547304232
136.67771488452811 35.06007794425066
136.67756792182254 35.05977396055551
136.67747514901092 35.059514964079895
136.67744182074313 35.05942192061443
136.67664684377567 35.05927793814118
136.67628788267928 35.059208314357306
136.6760178284947 35.059155934881176
136.6756069289656 35.059062988886154
136.67516666132627 35.05897180076668
136.67497381586523 35.05893185866472
136.6739558589555 35.05871396265953
136.67383387700843 35.058687852144715
136.673658974625 35.05865190309253
136.67360886946938 35.0586409134859
136.6729338468522 35.05850698929668
136.6728569282681 35.05850185903233
136.6725289077877 35.058479980941414
136.67213588965242 35.05851686131619
136.67169211975974 35.05861477043291
136.67155083279798 35.05864594262792
136.6707908735601 35.0588048262627
136.67053141544565 35.05885622718466
136.67039692410225 35.058882871096195
136.66981186724777 35.058971905536325
136.6693916419192 35.05895800102177
136.66935589170507 35.058956818110275
136.66894797240826 35.0589229179678
136.66821059420764 35.05879253775413
136.66732989253097 35.05863681566648
136.66705194399754 35.058564238455354
136.66683983058124 35.05850885194187
136.66634790598633 35.058407896572525
136.665945645758 35.05834336284605
136.66592992840552 35.058340841345654
136.6654428466881 35.05830582361607
136.6649628430224 35.05833786111335
136.66483167221404 35.0583393997137
136.66377186768736 35.05835183095228
136.6637012114242 35.05835268739184
136.66318792842003 35.058358909004006
136.66299384079116 35.05836393814602
136.6627308352902 35.05836598705574
136.66252096201256 35.05836946325977
136.66132095894903 35.05838933932756
136.66080784039514 35.0583978382885
136.66015214331262 35.058414727984506
136.65905788523833 35.05844291430212
136.65892233661378 35.05844508490799
136.65861587953455 35.05844999235384
136.6577720690544 35.05846382295075
136.65752492824626 35.058467873747674
136.65658178884183 35.05847995091233
136.65611397451417 35.058485941406026
136.65601212576925 35.057687570051726
136.6559718546861 35.05737189331737
136.65587723085056 35.05672851348817
136.6558019814447 35.056216867034514
136.6557377611071 35.05581039007429
136.65572281902408 35.05571581547817
136.65566898857807 35.05494598422079
136.65566973490905 35.0548109916082
136.65567196881037 35.05440693470255
136.65567451067054 35.053880975744995
136.6556788605976 35.05298089354442
136.6556812841098 35.05293097670765
136.65570288872055 35.052485988717216
136.65497496697995 35.05241297302573
136.65475585068003 35.052389549004445
136.65373090625698 35.052279980159106
136.65365330623743 35.05226764138823
136.65294486998644 35.05215499666679
136.65255865499122 35.052060125772
136.6519189250153 35.051902980772475
136.65143470223734 35.05179622212535
136.65110196883458 35.051722862982515
136.65067598187943 35.05166698362679
136.6502842158237 35.05167608248785
136.65025092624688 35.0516768556463
136.6496939953348 35.05161184932914
136.6492488231342 35.051514991779214
136.64915830438213 35.05149494704554
136.64906293114416 35.0514738273205
136.6486399244213 35.0512728479044
136.6483579199394 35.051259995652586
136.64805485418265 35.05127541828301
136.64759293155953 35.05129892493707
136.64711683944873 35.05133282507955
136.64694491729762 35.05134381468618
136.6468936214062 35.0513472387603
136.64635892912057 35.051382930235185
136.64621494664732 35.051408821003335
136.645928844346 35.05146097506868
136.6456923236552 35.051508756317695
136.64530094665216 35.051587821206176
136.64489097844566 35.051670895181694
136.64468683253273 35.051711873375886
136.64456557543463 35.0517362839952
136.64400584945096 35.05184896406194
136.6434762827947 35.05194657846807
136.64342582173853 35.05195587989589
136.64286497927156 35.0519989069998
136.64233268250987 35.05201291480932
136.64222087656455 35.05201585707104
136.6413068765694 35.05203094449708
136.6411928023622 35.0520327833052
136.64099488349993 35.0520359736391
136.64030495972122 35.05205385503293
136.6400429788726 35.052001111741
136.63979887902286 35.051951968340994
136.63961894749744 35.05190093186276
136.6394408786172 35.05185082670713
136.63900069862504 35.05169863355525
136.63890592691837 35.05166586603968
136.63857791510026 35.05157198872205
136.63845796074995 35.05153790231506
136.63807798113103 35.05150195326288
136.63782317046565 35.05154791818402
136.63747392529564 35.051610918006546
136.6366863578812 35.051764786081336
136.63581598481125 35.05193483200524
136.63558296789788 35.05197990801886
136.63555854230214 35.05198546472689
136.63459390330152 35.05220491555791
136.6344743109525 35.05223609413237
136.6339458890396 35.052373857476724
136.63362383768612 35.052373857476724
136.6334079571085 35.052373857476724
136.63331892266837 35.052376837709026
136.6333116644692 35.052377096463175
136.63238890392458 35.05240999279343
136.63213231125798 35.05241909424044
136.63140691737996 35.052444824258494
136.63103127011988 35.05249810094995
136.6305808342378 35.052561984641
136.63006599910705 35.05271192757886
136.6299452521597 35.0527441449496
136.629323921263 35.05290992676265
136.62885984250548 35.05303152019913
136.62881988947436 35.05304198830669
136.62846095774609 35.05303099870006
136.62816088560584 35.05298182486702
136.6277226514814 35.05289509194526
136.62723198444914 35.05279798178668
136.62714499891874 35.05278997241236
136.6269719591805 35.052772836076606
136.62685982794002 35.05276184646998
136.62654353048694 35.05277295184219
136.6262868782793 35.05278196303804
136.62557795551967 35.05289781956891
136.6253491281592 35.052935631346756
136.62477198894558 35.05303099870006
136.62457696999408 35.05305986970052
136.62436686361656 35.05309097587521
136.62419749863102 35.05311606391755
136.62360485546898 35.05320385217377
136.62304754297347 35.05328616583138
136.622609830408 35.05335081487933
136.62224884977002 35.053371862769986
136.62189830824076 35.05339202170777
136.62108283388054 35.05343891799686
136.62075519421325 35.05343790500465
136.62011891499426 35.053435937764554
136.61983188137037 35.053434820177436
136.61959066845523 35.0534020442209
136.6192369524964 35.053353981376155
136.61912482125592 35.05333889395011
136.61846905076422 35.053103741571796
136.61742528913106 35.05272945966445
136.61702785530002 35.052586944086556
136.61704690610378 35.052558755707615
136.61740299204146 35.05203187581968
136.61750000952057 35.05182797467714
136.61751288810774 35.051800907816016
136.61759484449613 35.05154088254737
136.61761086324478 35.0513918709321
136.6176158923868 35.0512288894779
136.61759093294123 35.05099885279683
136.61755179671977 35.05086783763248
136.6175389651404 35.050824881736
136.61748196819758 35.050634891926535
136.6173739347765 35.05045682304628
136.61720294394797 35.05027484261114
136.61699581780277 35.05006697140784
136.6169068432122 35.050010703987645
136.61669686324962 35.04987791292096
136.61640182025138 35.04975199810606
136.61593510036764 35.049605677863646
136.6155468661088 35.049483963463096
136.6149009662816 35.04926006615682
136.61466993275292 35.04917997976795
136.6141448530736 35.048916974266994
136.61391793353408 35.04874924680376
136.61371998370558 35.04860293228782
136.6133979323521 35.04833787787716
136.61309801753774 35.04801719887537
136.61289483188602 35.04779994594604
136.61244363282427 35.04721193168489
136.6124328958787 35.04719793902035
136.6123179706704 35.04699993983656
136.61221496639135 35.04669185832199
136.61217398819716 35.04657395288141
136.6121108445252 35.046395884001164
136.6120751426541 35.04634243050432
136.61184299614675 35.04599485649157
136.61151219331822 35.04550817838689
136.61104094112756 35.044814870763155
136.61097982696958 35.04471155306348
136.61080196374957 35.044410863021255
136.6106149541724 35.044174865875576
136.61044489466647 35.04395395615594
136.61037516761098 35.04389386916201
136.6101269411324 35.04367996104836
136.6098868461673 35.0434968630261
136.60957988223984 35.04331786282326
136.60953977618607 35.04330081379777
136.60901289304374 35.04307683653556
136.60864986349603 35.04287697470658
136.60858615873622 35.04282366388124
136.60847291220293 35.042728894413905
136.60823598373463 35.04247892742929
136.60808287429995 35.04226882105176
136.60798823144376 35.04199071908165
136.60797092932398 35.041939877911055
136.60796291994964 35.04168488178443
136.60800687837616 35.04141088667685
136.60804990548007 35.04122685733199
136.60812702407415 35.041023731055546
136.60814098882992 35.040986948631414
136.60819686818562 35.040533953320995
136.608214935844 35.0402109706449
136.60820887091114 35.04009092065021
136.60819593686304 35.039834902580864
136.60815998781084 35.03959499388028
136.60802431908917 35.039172577212106
136.60780086981805 35.038476847972206
136.60778783130172 35.03844183024262
136.6077298508284 35.0382813096835
136.6074208901991 35.03742594355552
136.60741755145983 35.03741690862648
136.60720985249898 35.036854856539996
136.60638511154195 35.03706880552405
136.60525826947855 35.03736112363022
136.60488489877176 35.0374579810528
136.60417373991143 35.03763061350897
136.60390887269173 35.03769490952108
136.60300770000418 35.03791393084677
136.60188510292647 35.03818676723381
136.60152692202166 35.0382738196464
136.60083014085842 35.03844306966328
136.60029999763444 35.03857184287694
136.5996962125338 35.03871845822477
136.59915093181618 35.03885086712653
136.5985210611312 35.03900442105694
136.5979368596808 35.039146841447355
136.59742951610752 35.03926992524572
136.5966838582609 35.03945082514251
136.59654993407167 35.039483980226905
136.59628888181692 35.03955130735045
136.59548394222895 35.03975890665708
136.59516853290648 35.039840641787734
136.5939668109906 35.040152055848175
136.59311484381067 35.040372834511984
136.59286855231383 35.040436499668324
136.5921939520283 35.04061088056738
136.59169947515292 35.04073893316938
136.590853965078 35.04095789136643
136.59060521700593 35.04101042917138
136.5904518199813 35.04104282798714
136.58978983588048 35.04120599570586
136.58950514179168 35.04127589416643
136.58837428118818 35.04155354452311
136.58746388459102 35.041777066272076
136.58745807016376 35.04177849383777
136.5872529131305 35.04182886425768
