37.38988982267431 55.81760587135567
37.38989339391837 55.81761684369516
37.38994383938485 55.81777183304217
37.3900468436639 55.8181449208739
37.39017089583362 55.81849584322786
37.39018827402936 55.81854831244013
37.390315995893985 55.81893393737675
37.39034393557185 55.81901887399746
37.39037392415942 55.81908686054692
37.39047271603573 55.81943859267523
37.3905298275619 55.8196419288138
37.39072093495848 55.82033799932162
37.39068934275205 55.82040718470507
37.39056894311091 55.82067085401723
37.3906888974612 55.82097092615748
37.39095991233647 55.821032952242334
37.39124396572807 55.82106890129452
37.39152597020997 55.82102289395831
37.391679824702734 55.8209789355318
37.39179791640784 55.82091486053723
37.391839825924635 55.8208228458648
37.391859942492694 55.82050284342102
37.39157706234872 55.81960772292643
37.391477913964046 55.819293986692145
37.39128470668555 55.81868639731719
37.39098762407743 55.81775214557686
37.39065089717291 55.81669322227417
37.39048195758049 55.8161619488037
37.390363418589246 55.81577933832528
37.39006397999966 55.81481283489197
37.39003900917012 55.81473444051869
37.38988497979682 55.81425087483788
37.38977694637575 55.81390982450343
37.38975198693019 55.81382991702475
37.38968933874411 55.81363289715928
37.38935699404937 55.81258771914
37.389220946786274 55.812159869346615
37.38906969057352 55.811685155953114
37.38894788300129 55.8113028662943
37.38872157356713 55.81058934921368
37.38869195555207 55.81049596839762
37.38841684595342 55.80963012579001
37.38837195310828 55.80948883614292
37.38819891337005 55.808929856321136
37.38811840872838 55.808693973755304
37.38800985488317 55.80837590564138
37.38790889951383 55.80807993132055
37.38782694312543 55.80786889362042
37.38773448937915 55.8076345523143
37.387716860794654 55.80758986937083
37.387626895031936 55.8073719398835
37.38749799998472 55.807060878136625
37.387275972677976 55.80657696291604
37.38727487114951 55.806574761596536
37.38715788097287 55.80634096577035
37.387010918267315 55.80605486346904
37.38680697472692 55.80568608729512
37.38667582839748 55.80544894498845
37.38658195107986 55.80527888548252
37.38649198531714 55.80513285409956
37.38625223721089 55.804745891129656
37.38578883675759 55.80399794438477
37.385630615091934 55.80377740413523
37.3849214827132 55.80278896660926
37.38482882942622 55.80265982007965
37.384258859997814 55.80196896497836
37.384127205284955 55.80182966227388
37.38380996250682 55.80149399045469
37.383309479797994 55.800947498250615
37.38317982963875 55.800805929321186
37.382549240736566 55.80014066940994
37.3816194927034 55.79915980201459
37.380836605205424 55.7983338698334
37.379992907764986 55.79744378426037
37.37915202476837 55.7965566678748
37.37874189120699 55.79612398436943
37.378688992083575 55.79608691773013
37.3786219368567 55.79605990937486
37.3785448233458 55.796046870858525
37.37844386797645 55.79604389062622
37.378383888159426 55.7960515351127
37.37834887307172 55.79605599781996
37.37827492605764 55.79608281991071
37.37820787083077 55.79612286678231
37.37829485636119 55.79594088634717
37.378333971910195 55.79583695074552
37.37833993237481 55.79575685700231
37.37830882620012 55.79566484232988
37.378243620038106 55.79559637650652
37.3773698667594 55.794678944230355
37.37734426154975 55.79465390436112
37.37696492769491 55.794282945862776
37.3764798948872 55.79392587677969
37.37637076857552 55.793826661878704
37.37587490772921 55.79337583765483
37.37537443040194 55.7929250916619
37.37472584191097 55.79234095198678
37.37457385006339 55.792207959120155
37.37432376005783 55.79205865646018
37.37413985373392 55.791948865174106
37.373937942995234 55.79183990043044
37.373660967655354 55.79172292631245
37.373276890217 55.79157484601978
37.372889832546335 55.79145898948891
37.37288889067302 55.791458782991576
37.371917904285745 55.79124590287907
37.371301743051895 55.79112533813388
37.36974084458666 55.79081991592392
37.36969850570035 55.79081408471977
37.36926885029529 55.79075490960676
37.368840814430435 55.79073591062581
37.368321881480256 55.790761987658485
37.36808487812628 55.790776384054425
37.367910981951155 55.790786947104046
37.367191814642965 55.79087989309907
37.36653208733441 55.79101867911336
37.3658229566922 55.791167858045576
37.36470344726491 55.79139349761507
37.36421493509892 55.79149195830878
37.363147763839045 55.79171899181062
37.362118900465646 55.79193787556748
37.3616365814238 55.792062599956
37.36118683281214 55.79217890185517
37.36017269493918 55.79247643956528
37.3589438354733 55.792836974401105
37.35868194755946 55.79292097969922
37.35859423656496 55.79295010303526
37.35762787664595 55.79327097073058
37.35717897915495 55.793419982345846
37.35702988637836 55.79347602272383
37.356806822645815 55.79355986699968
37.35545882632119 55.7940938873759
37.355446229440865 55.7940992053201
37.35510585505752 55.79424289899117
37.35409986475736 55.794697105648495
37.35271654000184 55.79532167957639
37.351372121949595 55.79592868704899
37.35114996920116 55.796028989464695
37.35001488184574 55.79652152317205
37.34959689564102 55.79670289449475
37.34863029130455 55.79710969756849
37.34798589381544 55.79738089734422
37.34730193050135 55.79765694136151
37.347205939242734 55.79769181066938
37.3466358485811 55.7978988989718
37.346006833300144 55.79810099597501
37.34570387338811 55.79819339104146
37.34534782943162 55.798301975391105
37.3446508276012 55.798495876755474
37.34421072615824 55.79860720580608
37.34397487366143 55.798666867584
37.34344383351752 55.79879389998601
37.342820964965696 55.79893490222696
37.342615917522565 55.79897906722882
37.342193998594446 55.7990699440033
37.34156088549408 55.799190829676185
37.34101375708893 55.799280836968265
37.34092795865822 55.79929495154236
37.34077782945583 55.79931991098791
37.340106904658086 55.79942086635726
37.339452929931575 55.7995149299394
37.33941028986642 55.79952115091256
37.33876095724317 55.79961588530874
37.33778698007286 55.799743849033355
37.33749589376138 55.7997784616357
37.33673588939166 55.79986883252566
37.33580195909296 55.79998096376615
37.33577036200917 55.799984657973575
37.33440795543211 55.80014394522035
37.3341611724268 55.80017071483965
37.33233002898916 55.80036934688346
37.33191983398616 55.800413842508505
37.3318499847915 55.800420920560235
37.33142884071385 55.80051181764554
37.330917917137995 55.80059787185336
37.33070703088459 55.80062129245461
37.32935981443583 55.80077091159159
37.32909347160816 55.80080743141193
37.32896586497797 55.80082492830213
37.32778383033985 55.80103689732485
37.327546736829404 55.80107744478859
37.3265498279009 55.801247935024975
37.325969113982 55.80134621277172
37.324930816701 55.80152193013255
37.32442697117687 55.801618973946994
37.324366668959755 55.80163341883338
37.32410193959107 55.80169683251597
37.32377187886324 55.8017849356335
37.323432877438506 55.80188887123515
37.32322481997068 55.80195983801693
37.32302495814171 55.80203788285042
37.32293799135321 55.80208699516302
37.322909846668914 55.802102889167585
37.322824910048205 55.80216994439445
37.3227438849824 55.80225096946025
37.322674967110345 55.80234782701018
37.32258593267022 55.80248584901882
37.322543836888904 55.80262089079516
37.322531915959686 55.80272091484191
37.32249391799779 55.80290885574167
37.32249093776549 55.802992861039776
37.32249527471885 55.80301101743777
37.32251291697874 55.80308487571221
37.32256395345696 55.8031629205457
37.32265596812939 55.80324990607612
37.322763815285946 55.80332087285789
37.323055878051875 55.80346392400855
37.32373488449412 55.80375980861629
37.32410696873307 55.80392194846098
37.32507226286712 55.80435370128544
37.32516681384668 55.804395991662055
37.32627993061274 55.80487487774062
37.326426634566744 55.804935734891885
37.32646582260279 55.80495199125153
37.32776215879189 55.8054970787178
37.329133875574186 55.806073862449985
37.329149326731105 55.80608058505861
37.329186960962126 55.806096959250354
37.3292609079762 55.80612992807023
37.329463936302005 55.80621896251036
37.330356888406506 55.80661291196822
37.33052019222166 55.80668291121867
37.33197316514363 55.80730571978782
37.33327788859482 55.80786498206552
37.33334289491198 55.807891990420785
37.333436831918654 55.80793322817592
37.333490975204654 55.80795699673795
37.333912864340384 55.808138977173094
37.33404790611672 55.808196905438535
37.33484153808477 55.80853472912264
37.335999958276744 55.80902783145818
37.33618176698115 55.809106363591745
37.33664592362894 55.80930685570777
37.33749878705494 55.80966766609952
37.338503912206825 55.810092891978314
37.33864491444778 55.81015286915346
37.33879299474045 55.81021582656091
37.338893987833394 55.8102588379498
37.33920892341157 55.81039296411856
37.34035359375571 55.810889066984416
37.341995999410656 55.81160088952484
37.3420399887389 55.811619688517744
37.343341748491774 55.81217600009003
37.34459587956807 55.81271195738119
37.34472198064749 55.81276485650461
37.344775657974424 55.81278764234976
37.344832994300866 55.812811981427934
37.34486894335305 55.81282688258946
37.346120432352386 55.81336146287584
37.34739530794703 55.81390603287272
37.34766887160396 55.81402288706652
37.348851178322874 55.81454127323605
37.34990385956847 55.81500282470143
37.350025862828474 55.81505591008937
37.35015634917256 55.8151125015147
37.351240866286474 55.81558285241387
37.35141688625701 55.81564487849872
37.35146313784016 55.815658077653346
37.3515748385692 55.815689954512344
37.351689950041994 55.815715845280494
37.35180990439228 55.81573093270654
37.35197996389821 55.81574285363576
37.35220683408246 55.81574695145518
37.35277084304625 55.81573186402914
37.35322681858897 55.815727952474234
37.35328528185352 55.81572939570963
37.35367199078959 55.81573894208086
37.35397187666532 55.8157558921521
37.35411883937088 55.81576893066843
37.35429597692853 55.81579090988168
37.354466967757055 55.815823878701565
37.35467185872805 55.81587584650239
37.354867995266645 55.81594197040667
37.354954279955855 55.81598127130963
37.355139941464515 55.81606583631186
37.35536588032616 55.81616884059091
37.355544880529 55.81627482510227
37.35599489560712 55.81656483895849
37.35611352410956 55.81661912748929
37.35640598140074 55.81675296612277
37.35690591536997 55.817060861372816
37.35733017731299 55.81732441803439
37.357409947158615 55.8173739720294
37.357868902933646 55.817670877672825
37.357950859322045 55.81776196102266
37.35806783344003 55.81784093717875
37.35844267639993 55.81801176871909
37.358534984853904 55.81805383752407
37.35955059773367 55.818683496409534
37.359610848716144 55.818720850766915
37.3596698945687 55.81876499545794
37.35967464826461 55.81876357151761
37.36040489436101 55.81854483079638
37.360933885595216 55.81837588887757
37.36115738304827 55.81835293412323
37.36116783383119 55.8183518607546
37.3612182976111 55.81831265105609
37.36132485482078 55.81822985749461
37.36218110165473 55.817561843210434
37.36249496852968 55.81731697508656
37.36271289801701 55.81739893147496
37.36363190058894 55.817783639653506
37.36440194467608 55.81810599158941
37.36448390106448 55.81813989173189
37.364527859490984 55.81815497915793
37.3645708865949 55.818159822035426
37.364657872125306 55.81816596876456
37.365329307707185 55.81810711238386
37.3656629554703 55.81807786564703
37.36565900845625 55.81806188410972
37.36564395648935 55.81800093840064
