77.12209077187703 43.388780171878
77.12252498691957 43.38895999019503
77.12267586118003 43.38902294760248
77.12282096124041 43.38908292477763
77.1229818937849 43.389149980004504
77.12318287320099 43.3892328677155
77.1232297661943 43.3892522979876
77.12345798589568 43.389346861601176
77.1239988980591 43.389571869140234
77.12435651175885 43.38972016866027
77.12439191619438 43.38973485059444
77.12545765565588 43.390165595930995
77.1257749302486 43.39029383041621
77.1264698831693 43.39057490357551
77.12654685562757 43.39060596598432
77.12692082957001 43.39075688401066
77.12733489559594 43.39092489460688
77.127751174858 43.391093143420264
77.12820083934517 43.39127488563824
77.1288536032193 43.39153352522289
77.12904890170057 43.39161090683067
77.12994495606425 43.39196800828475
77.13038888865088 43.39214492720689
77.13114726976038 43.39244680596543
77.13163499828357 43.392640949621224
77.13171881731716 43.39266497774418
77.13243320084358 43.39287444350996
77.13284385501244 43.39299485220749
77.13377394800764 43.39322311186496
77.13490598950325 43.393500932905845
77.13499449097772 43.393519698786456
77.13630678818022 43.39379795869995
77.13764083205912 43.39408082978557
77.13832487475108 43.394225874414126
77.13900578417824 43.394367409830735
77.14041057066433 43.3946594120158
77.14053285436033 43.39468483018915
77.1416079731645 43.39490890640562
77.14183041272436 43.39495523458062
77.14319841716743 43.395240153096346
77.14392696642713 43.39539189030361
77.14461933709316 43.395536273895885
77.14604666134034 43.395833921113294
77.14740405600817 43.39611698555825
77.14859754680842 43.39636587029232
77.14982352180378 43.39662152912156
77.15116630486571 43.39690154653369
77.15131198207986 43.39693192534742
77.15247982648631 43.39717524579982
77.152703936831 43.39722193920363
77.15381427794746 43.397453362077016
77.15501156383812 43.397702906417
77.15507396657185 43.39771591270825
77.15623150283822 43.39792482830611
77.1563929056315 43.39795395876365
77.15762897567207 43.3980929420668
77.15809089298749 43.3981448798957
77.15899127994123 43.398220707384795
77.16036845453577 43.398336688287344
77.16069189073201 43.39836392697016
77.16175674278188 43.39845294012316
77.16321995157388 43.39857525272807
77.16467760890401 43.398697101274976
77.16477182875809 43.3987049773046
77.16602213637744 43.398876174735385
77.16736491364577 43.39906003350334
77.16866527222085 43.39923808412362
77.16966499767449 43.39937497077975
77.16993969519865 43.39940758658078
77.17001796893815 43.39941688029655
77.1703208350462 43.39945897607786
77.17136505368948 43.39960452181941
77.17258256528415 43.39977422155522
77.17385591000377 43.399951703448174
77.17463993671477 43.40006098300355
77.17527424336106 43.400174679863575
77.17657382922201 43.400407625289255
77.17752983072839 43.40057898463113
77.1778179326796 43.40063823943901
77.17913431776954 43.40090898437938
77.18033433905306 43.401155796420426
77.18127281623943 43.40134881588851
77.18155658259802 43.401397719897055
77.18292399971686 43.40163337918659
77.1837629865951 43.401777969340486
77.18413505618517 43.40183127130826
77.18539370041714 43.402011582239545
77.18661693155654 43.40218681995988
77.18662567912055 43.40218806213699
77.18795897584354 43.40237739378075
77.18817391667159 43.40240791594404
77.1893081286045 43.40252634987216
77.19013788976083 43.40261299317955
77.1906128297431 43.402646282221426
77.19216004435982 43.40275472811795
77.1934770117707 43.40284703574612
77.19447487282325 43.4029169768747
77.19481924635677 43.40294792319485
77.19589886507165 43.403044940599315
77.19612915948191 43.403074311745016
77.1974662400405 43.40324483949622
77.19777995044991 43.403284849299894
77.19884356136518 43.403464497028935
77.20020232178402 43.40369399657624
77.20147990944191 43.403909785750734
77.20222086911397 43.40403493651826
77.20295139166038 43.40416169163607
77.2043183188127 43.40439887119074
77.20558089477377 43.404617944463
77.20577397496537 43.40464332229492
77.20675287112786 43.404771985220286
77.20724600071874 43.40482166862582
77.20759590434125 43.40485692184099
77.20856799652097 43.404939788715325
77.2090729819776 43.40498283665589
77.20998479858166 43.40504144188975
77.21075383299784 43.40509087007696
77.21127298121412 43.405098660747406
77.21254709152417 43.40511778086229
77.21355897665528 43.40513296585827
77.21386968241319 43.405100585893464
77.21516984598388 43.40496509033348
77.21646952233985 43.4048296455482
77.21714792140904 43.40475894670395
77.21771689712513 43.40472355300287
77.2191135576324 43.40463667234504
77.21980088695439 43.40459391634003
77.22039008939203 43.40459279511751
77.22136699903086 43.40459093610773
77.22164744467759 43.40460426851548
77.22204090406092 43.404622973605015
77.22297381080057 43.40470511764473
77.2242545158175 43.40481788591974
77.2256777920822 43.40494320783783
77.22705507662945 43.405064480106255
77.22788998248927 43.40513799500029
77.22838062921579 43.40521065544445
77.22971314691823 43.4054079895402
77.22982694722326 43.40542484235968
77.2309170952506 43.4056143316913
77.2322477189426 43.40584562045916
77.23349787658258 43.406062922632515
77.23481445326411 43.40629176975158
77.23512598652674 43.406345920406565
77.23623347576819 43.406564427482344
77.23750769873386 43.40681583103888
77.23881508323245 43.40707377734934
77.2400511312126 43.40731764900024
77.24129323708797 43.407562715870846
77.24262427000427 43.407825328002346
77.24380293288387 43.408057877601486
77.24386921382327 43.40806225422681
77.2452094067383 43.408150749083816
77.24655083325312 43.40823932539718
77.24801276467406 43.408335858822035
77.24925836008417 43.40841810727035
77.25051102222729 43.40850082234516
77.25132895077755 43.40855483133841
77.25198403600636 43.40859972269955
77.2533641818836 43.408694300663285
77.25476600502977 43.40879036411633
77.25481898907168 43.40879399498092
77.25500991020374 43.40880684723273
77.25608463623652 43.408896323100706
77.25698096134471 43.408970946274046
77.25719497927714 43.40898882766788
77.25743491058365 43.4090097498021
77.25878251282589 43.40912726141571
77.26015474298818 43.40924692059671
77.26064683334485 43.40928983113072
77.26145186859634 43.409344965428375
77.2615459020876 43.40935289687388
77.26283510341885 43.40946163717437
77.26307497761566 43.409481869849905
77.26316280705989 43.41034868851748
77.26325663770719 43.41127473509987
77.26335962137014 43.41229111590801
77.26336294256217 43.412323893882125
77.2633778437237 43.412787878799165
77.26335698209756 43.41311384170757
77.26333301495372 43.413251639954325
77.26326999656715 43.41361396194131
77.26318221834515 43.41426027617656
77.26305398301574 43.41520447756241
77.26291868598297 43.4162006745265
77.26287492952217 43.41652285493589
77.2627845008291 43.41718837268736
77.26265263965301 43.418158816364496
77.26252178796808 43.41912183060441
77.26239308934649 43.4200689991894
77.26224663808448 43.42114681985981
77.26222691526026 43.42129197168258
77.26209690262594 43.421928996337854
77.26204237980345 43.422217975979
77.26186295438997 43.42316895924141
77.26184441617127 43.42329578679047
77.26168982078876 43.42435343713863
77.26156698006913 43.4251938408284
77.26155900007355 43.42529444788392
77.26154183435906 43.42551086303988
77.26172493238133 43.42583384571598
77.26183985758959 43.42606388239705
77.26198522143014 43.426212025857765
77.26210286309055 43.42633191704002
77.26277959390366 43.42695325456043
77.26299488387245 43.42715092213045
77.26366042783955 43.427793949928606
77.26441735207924 43.42852526649262
77.26518510075381 43.42926704128761
77.26594442774886 43.43000067931883
77.26684761222756 43.43087330795853
77.26737191380647 43.43137987177178
77.26762061417007 43.43164964607191
77.26770383717948 43.43173992108717
77.26784390809783 43.431981878697464
77.26788395496943 43.43214187991936
77.26789382698895 43.432320880122205
77.2678699851305 43.432530986499735
77.26786099960773 43.43266675571249
77.26779404989469 43.433678350703744
77.26772264471595 43.434757266772
77.26766286618793 43.43566050678281
77.26760178009663 43.43658350377855
77.26754143876704 43.4374952475936
77.26748081488456 43.43841126071869
77.26741845579288 43.43935349246156
77.26734901537976 43.44040272136661
77.26734397412861 43.44047889352915
77.26697889567119 43.441232892302416
77.26690360941056 43.4413335194744
77.26621216093274 43.44225770543244
77.26562698779166 43.44303984440207
77.26552781106456 43.443226456333726
77.26539099064598 43.443483899015575
77.26526284065685 43.44385195770529
77.26521844605634 43.44413127299087
77.26506352924491 43.44510595533816
77.26490028611487 43.44613302396754
77.26472946233018 43.44720778742211
77.26455127962024 43.44832885065843
77.2643735009509 43.44944737181265
77.26419610250315 43.45056350074579
77.26401799862937 43.45168406797253
77.26384722822203 43.45275849559553
77.26368934681332 43.45375183015115
77.26354492761574 43.45466046518688
77.26340690098867 43.45552888040682
77.26337369191877 43.45576151676003
77.26323967357324 43.45670034278729
77.26310176753239 43.4576664029185
77.26308484963518 43.45778491626199
77.26299263142512 43.45860345295522
77.26288980868404 43.45951611636969
77.26276679393102 43.46060800580329
77.26264388545854 43.46169895188186
77.26254161001113 43.462606757471114
77.26243972907913 43.46351106130802
77.26231954740499 43.464577804091995
77.26220792432882 43.46556858003097
77.26214086105244 43.46616383938858
77.26218686838865 43.4666159033764
77.26219139811076 43.466627474473434
77.262321910165 43.46696086526575
77.26263005745808 43.467478116442386
77.2631973558351 43.46843037453323
77.26336387388477 43.46870988909997
77.26357286267518 43.46890490805145
77.2639059036353 43.4691278666808
77.26398169285332 43.4691728341487
77.2651013335214 43.46983714243842
77.26618387380813 43.47047943822756
77.2663718596035 43.47059097447822
77.2666529327628 43.47082082489477
77.26693493724468 43.471127975086745
77.26699266563966 43.47123846781589
77.2673789918582 43.47197790008734
77.26747752815206 43.47218392709965
77.26786681863368 43.47299788459386
77.26796441588388 43.47315858766725
77.26843287650718 43.47392995224737
77.26850987140303 43.4740944818537
77.26880298410661 43.47472083139541
77.26892719992041 43.47498744163868
77.26932935602684 43.47585060820409
77.26961882270021 43.47647190413934
77.26987952378109 43.4767672048289
77.27000196881596 43.47690590046881
77.27069465832666 43.47754149154997
77.27074088016319 43.47758390331828
77.27095582941821 43.47783983076751
77.2710288451097 43.4781598332113
77.27101576274828 43.47854594224767
77.27098307677129 43.47951062673115
77.270949331404 43.480506577754
77.27092695841775 43.48116688760743
77.27082163694556 43.48149247097931
77.27076583960874 43.48166495893147
77.27059484878022 43.48206188862165
77.27048831455663 43.48249633587796
77.2704229266291 43.48276298827148
77.27031346034597 43.4835591591048
77.27016984810899 43.484603680496704
77.2701399908246 43.484820838678345
77.26971951099004 43.48560156247781
77.26967190808814 43.4856899489244
77.26917093259483 43.48642374143911
77.26858190998419 43.48728649897607
77.26796483423068 43.48819034671908
77.26735030254481 43.489090468096606
77.26677997072723 43.48992584871749
77.26676487773877 43.48994795583072
77.26628665293374 43.49090268094292
77.26581912096323 43.49183605894491
77.26538612998077 43.49270047952696
77.26511196639639 43.493247818050854
77.26491438374454 43.493637833223005
77.26448515230625 43.49448510787855
77.2644259541726 43.494601961104614
77.26413817844745 43.49541211704878
77.26385234687756 43.49621679974141
