2.41878513112071 47.0995815068838
2.418066987799115 47.099287929369986
2.417647892631171 47.099115820954346
2.417534796929511 47.09906648018254
2.4171919170884473 47.09891689044797
2.4168039280951903 47.09874794852915
2.4166988749064253 47.098701941192935
2.4170253572683547 47.098268968610945
2.417253943173303 47.09796582381351
2.4175249580485736 47.09761695036926
2.4177412604729684 47.09737472794194
2.417835833530929 47.097268821983086
2.417869919937922 47.0972298926986
2.418630152517091 47.0965722979932
2.4191819672103665 47.09609498298381
2.4195505606421808 47.095784563106065
2.4197508190516563 47.09561591064072
2.4198348243497647 47.095545875181536
2.4200048838556905 47.09540282403088
2.4202198331107163 47.09518098298864
2.420328991545276 47.095062637182274
2.420480975966475 47.09489786091964
2.420986870400314 47.09492691818461
2.421796934793821 47.09498987559206
2.4218059176083666 47.0949904654507
2.4226649274527636 47.09504687253491
2.4231579338088696 47.095063626439
2.423371987567216 47.095070900657866
2.423533851434302 47.095078910032186
2.423968965350888 47.09509884033573
2.4245035276170195 47.09510809207339
2.4246039410964535 47.09510982994236
2.42477996106699 47.09512696627811
2.4250319769613142 47.09514894549137
2.425449954542144 47.09522792164746
2.4258988520331424 47.095342846855736
2.425942462914328 47.095347360640666
2.426382953518248 47.095392952011366
2.426736856104512 47.09536985521101
2.4271209335428683 47.095329994603915
2.4272895483123227 47.09530868045445
2.4274848944131633 47.095283987267706
2.427884990600161 47.09522885297005
2.4282398245090207 47.09523499969918
2.428634038285979 47.0952601701563
2.4288349396475017 47.09527299766108
2.4290929160064367 47.095291996642025
2.429369891346318 47.09531397585528
2.429998906627273 47.09534992490746
2.4300191035313836 47.0953512617564
2.430572973875097 47.09538792286935
2.430685850173664 47.09539481465656
2.4311179838579444 47.09541698013433
2.431398942355292 47.095433809120465
2.4314849249605444 47.09543895934758
2.4324749208794887 47.09549595629042
2.4327186248529467 47.095506258175696
2.4327569253613857 47.095507877219646
2.432821931678547 47.09550992612935
2.4329048193895404 47.095515886593965
2.4331188373219708 47.09553190534261
2.434108474251655 47.095603851872966
2.435347864821878 47.09569395547421
2.4354426953422577 47.095701695783816
2.436853999723211 47.09581689005681
2.4369129879658824 47.095826498806346
2.43736399197647 47.09589996403232
2.4383893030055273 47.095970441641974
2.439836050286541 47.09606988784635
2.440127971175193 47.09608995384179
2.440355958946555 47.09610597259043
2.4406288364670163 47.09606294548652
2.440687882319567 47.09605288720249
2.4407629469207586 47.09604599541529
2.440769838707965 47.09603295689895
2.4407789656694003 47.096019918382616
2.4407899552760264 47.09600687986628
2.440801876205248 47.09599589025965
2.440814914721584 47.09598490065302
2.4408288845605153 47.09597484236899
2.4408449033091566 47.09596590167208
2.4408609220577984 47.095957892297754
2.4408789897161496 47.09595081424603
2.440896871109982 47.09594485378142
2.4409158700909286 47.09593889331681
2.44093598665899 47.0959359130845
2.4409559169625323 47.0959329328522
2.440976964853189 47.095930883942486
2.440996895156731 47.095930883942486
2.441017943047388 47.09593181526508
2.4410378733509304 47.0959338641748
2.4410579899189915 47.0959368444071
2.441076988899938 47.09594094222652
2.4410959878808853 47.09594690269113
2.4411138692747176 47.095952863155745
2.441131936933069 47.095960872530064
2.4411479556817106 47.09596888190438
2.4411628568432375 47.09597894018842
2.441176826682169 47.09598899847244
2.4411806622232364 47.09599223128563
2.441189865198505 47.09599998807907
2.4411990496713556 47.09600202761101
2.4413198778328273 47.09602885907953
2.4414668405383866 47.096057916344506
2.4425244152798595 47.096198040893995
2.442786897185152 47.09623281872793
2.442909831767749 47.096230956082735
2.4430569807378273 47.09620394772747
2.443124967287294 47.09612292266167
2.4432238737469287 47.096057916344506
2.443248833192486 47.095982851743315
2.4433188686516627 47.09588487660628
2.443371126570506 47.09545949477333
2.443492578648803 47.094470869339624
2.443564924081376 47.09388197423254
2.443564924081376 47.093555
2.443564924081376 47.09352881670435
2.443545925100429 47.09299889414755
2.443496238701778 47.0926228211729
2.4434499988730995 47.09227283505215
2.4433801883142894 47.0916632739956
2.4433028499030214 47.09098798239949
2.4432698810831432 47.09072385931143
2.443266167982247 47.09068770694922
2.443221824837219 47.090255962839485
2.443179915320424 47.08994695000232
2.443157310658016 47.089742801644945
2.4430522823854997 47.08879426505878
2.4430428246343765 47.08870884974395
2.443013953633918 47.08846391190135
2.4429668287105892 47.088082814695305
2.4429478924118673 47.087855799942105
2.442902939980543 47.08731689499282
2.44286885357355 47.08704383120784
2.4428298255365664 47.08684970354275
2.4427898774174572 47.08665099933708
2.442663962602555 47.086252952059795
2.442513922916151 47.08583502085612
2.4424998635612396 47.08579585892995
2.442437837476384 47.08555893046168
2.4423221623742175 47.084813606302326
2.442263866415557 47.08443799058582
2.4422189766664575 47.084248932098944
2.4421679401882277 47.084158966336226
2.4420898953547305 47.08406099119919
2.4420079389663325 47.084012934953265
2.4419429326491713 47.083955938010426
2.4419426712976335 47.08393115317294
2.441941815062057 47.08384995349906
2.4419848421659656 47.08377488889787
2.4420919442644404 47.083707833671
2.442226986040778 47.08368399181256
2.4423549497653907 47.083578938623795
2.442427965456873 47.083473885435026
2.4425477396409336 47.083111550810166
2.442553880271775 47.083092974493496
2.4426289448729666 47.08266586995123
2.442625964640661 47.08218996410496
2.442613971630377 47.08213080650374
2.4425319010585227 47.08172597918792
2.442357929997696 47.08126292559347
2.4422681736912617 47.08108891275428
2.4421299422263343 47.08082091988968
2.4418829554740253 47.080397913166834
2.441732343889295 47.080157259838465
2.4416069114567396 47.079956838785634
2.441131500534474 47.079208015020065
2.440919967910349 47.078874828194266
2.4406017146464225 47.07837678671666
2.440060770771585 47.07753025184251
2.4395499923724677 47.07673092357958
2.4395239877998067 47.0766899864429
2.4389965638003503 47.07585970060671
2.4384546878285303 47.07500666406527
2.4383429982887876 47.074830839220375
2.4379095941631657 47.07414538806884
2.437706904956108 47.073824824552794
2.4373619629699252 47.07328915364696
2.4368103048729677 47.07243246700298
2.4362664041516573 47.07158782702368
2.435715054759164 47.07073161977626
2.435151290914698 47.06985613374864
2.4348529599946653 47.06939284658565
2.4345920910978047 47.06898155929892
2.4340276663702367 47.068091684279096
2.433567921077488 47.06736684741155
2.433471877384846 47.06721601388138
2.4329219665890203 47.06635239666373
2.4323782067986475 47.0654984394023
2.432293871766937 47.06536599394752
2.432026954711086 47.06494894768929
2.4318587707297863 47.0646446224383
2.4316378481307144 47.06424486780714
2.431464994657002 47.06383098804573
2.431411646814527 47.063645444920645
2.4313169143643285 47.06331596665046
2.431242967350251 47.06281696400382
2.4312347669129326 47.06268238453251
2.4311999402463425 47.06211083521197
2.4311747932360577 47.06174952222033
2.431149835090708 47.061390922845696
2.431073839166921 47.060952828696806
2.431026842190037 47.06079338020758
2.430960962868354 47.06056986884556
2.430820891950001 47.06021484867219
2.4306418917471593 47.05986299499563
2.430620640941379 47.059828410737104
2.430440912331065 47.05953591450012
2.43022782572123 47.05925782157312
2.4299137026554236 47.058976779778945
2.429638857311879 47.05873087924862
2.4293048850291568 47.0584788633543
2.4290081935270993 47.05829196145079
2.428942973068572 47.058250875582935
2.428511956971406 47.05803592632791
2.4280649221255985 47.05783792714412
2.427879834197909 47.05778562294432
2.427834885444527 47.05777292082696
2.4275819382276076 47.05776398013005
2.427401820437651 47.05772896240046
2.427145892988426 47.05777198950437
2.4270108512120885 47.057849848073346
2.426627891360847 47.05812291185833
2.426612916222879 47.058133973700215
2.426195943941085 47.05844198297952
2.4258439040000117 47.058765896978215
2.425678950882572 47.05892962574728
2.4252918159654397 47.05931388719336
2.425154911543911 47.059450977879415
2.424860269620697 47.059758917800934
2.4243129959176404 47.06033089146758
2.423646050733875 47.05999342129514
2.4236448650876774 47.059992821365434
2.423208819848496 47.05977284296839
2.4230529164460206 47.059694984399414
2.422736825557131 47.05963891877917
2.4223274088961553 47.0596498142072
2.4216449429462465 47.059667976044146
2.421382868767892 47.05962196870793
2.4210649152338113 47.0594938187188
2.421020352161759 47.059466906676086
2.4205979500844617 47.0592118142369
2.4199561726552217 47.058822660946475
2.419936897306224 47.05881097299183
2.4192808736700013 47.05857683849134
2.418709987514765 47.058385408486984
2.4178438429052496 47.05809497218046
2.417488859697685 47.05798435714396
2.417400905878862 47.05795695017182
2.4170788545253616 47.05792584399713
2.4166198987503327 47.0579088939259
2.416696825996715 47.057745912471695
2.4167109821001658 47.05766898522531
2.416755871849266 47.05758293101749
2.417010867975895 47.0572228817021
2.4170924285132727 47.05711098551411
2.4173228610453648 47.05679484583724
2.417367937058984 47.056728908197485
2.417389916272236 47.0566968707002
2.417644810178441 47.05629010818767
2.417807893853066 47.056029857457354
2.418022843108092 47.05554184441735
2.4180699631488243 47.05540385877723
2.4181658942587503 47.05512293551392
2.418290877751057 47.05458388599568
2.418300585838777 47.054486722846555
2.4183568153908137 47.05392395080456
2.418337816409867 47.05392097057226
2.418268898537805 47.05390886337852
2.418208921362659 47.05387887479094
2.4181709234007656 47.05383286745473
2.4181619827038494 47.05378890902822
2.4173618034520197 47.05379327364232
2.4172399733343712 47.05379393817024
2.4160157859235096 47.05380478961283
2.4156639892383813 47.05380790800917
2.41475688103043 47.05380287886715
2.4147468227463995 47.05385093511307
2.414712922603926 47.05389284462987
2.4147046371945504 47.053897759169274
2.414663935035406 47.05392190189485
2.4145989287182448 47.05393885196609
2.414557950524046 47.05394183219839
2.414490895297175 47.053932891501475
2.4144579264772963 47.05392190189485
2.414396831715036 47.05387999237806
2.414370940946883 47.05383789659674
2.4143659118048677 47.05380585909946
2.413300693081746 47.05381053338932
2.413219826218929 47.05381088824147
2.4120249393289894 47.05381591738349
2.4119325315450824 47.05381633898682
2.411575855573472 47.0538179662932
2.4115598368248308 47.0538658362746
2.411542886753594 47.05388986439757
2.4114858898107534 47.05392786235946
2.4114108252095616 47.053944998695215
2.411329986408278 47.05393792064349
2.4112769010203383 47.05391687275283
2.411236854148735 47.05388297261036
2.411211894703177 47.05382299543522
2.4112199040774978 47.05379486949283
2.4112338739164296 47.05376991004728
2.4112709405557275 47.05373582364028
2.4113068896079115 47.05371794224645
2.411372827247668 47.05370397240752
2.4113949927254392 47.05370397240752
2.41139685537063 47.05348995447509
2.411396974370928 47.053472064763646
2.4113972936548356 47.05342406574952
2.411397686210667 47.053365051522874
2.4113979729577446 47.05332194387887
2.4113981181978597 47.05331694761892
2.4113993806474783 47.05327351935204
2.4113998356029356 47.05325786888431
2.411403905052243 47.05325480824806
2.411451038307933 47.05321935928685
2.411496169061934 47.05318541640885
2.41152984898709 47.053160085708825
2.411532828469563 47.05315784483756
2.4115366961657436 47.05315786881313
2.411601610667367 47.05315827121353
2.4116605390186443 47.05315863650622
2.411724533721086 47.05315903320486
2.4117895283407536 47.0531594361019
2.411848590222103 47.05315980222233
2.4119015858350625 47.053160130738384
2.4119605809513764 47.05316049644494
2.4120145764815617 47.05316083115941
2.412068572011747 47.05316116587389
2.412121420741626 47.05316149347942
2.412175282741738 47.053161827366154
2.4121938812478008 47.05316194265698
2.412265965616687 47.05311686664336
2.4123719501280476 47.05318392187023
2.412557842118096 47.05329996466562
2.4127109515527847 47.05329996466562
