11.043508970219843 47.65874496084626
11.04354994841404 47.65882393700236
11.043573976537004 47.658959910101295
11.043583848556516 47.65916498733681
11.0434968630261 47.65927991254508
11.043511080770507 47.65933490986647
11.043520891149065 47.65937285854011
11.043571927627294 47.65950790031644
11.043684990190378 47.65959488584686
11.043848902967175 47.65972284957147
11.04394799569133 47.6598139329213
11.044037961454048 47.659901849774315
11.044062920899606 47.65999796226616
11.044058823080183 47.66007284060284
11.044041873008949 47.66015386566863
11.04401696010514 47.66019365711222
11.043974817782075 47.66026096776711
11.04383195289594 47.66037086383337
11.043607876679475 47.66045095757658
11.043499843258408 47.66049193577078
11.043387898282436 47.660533845287574
11.04331786282326 47.660575941068885
11.043237955344573 47.660641878708645
11.043207966757 47.66073482470367
11.043209829402189 47.66082497673091
11.043233875751774 47.66096461844075
11.04326682634503 47.66115596878132
11.0432528565061 47.66129697102227
11.043253974093211 47.661474853638
11.043183938634035 47.661711968370795
11.043139980207531 47.661827824901664
11.043139532567492 47.66185306060897
11.043136999975228 47.66199583549788
11.043237955344573 47.662103868918955
11.043377839998406 47.66220184405599
11.043694862209891 47.66239984323978
11.043902919677713 47.66256897142311
11.043945444576106 47.66259122012507
11.044175983462692 47.66271183630925
11.04443097958932 47.66276492169719
11.044684858128836 47.662832908246656
11.044945814720077 47.66298098853933
11.045078993851222 47.66306499383744
11.045141951258673 47.66313689194181
11.045412966133943 47.66331682346724
11.045554899697487 47.66339896612016
11.045744889506956 47.663528978754485
11.045959838761982 47.663648933104774
11.046018761080015 47.66370820594225
11.046272949418563 47.66396390640655
11.046398864233469 47.66415389621602
11.046452880944004 47.66425988072738
11.046500937189927 47.66439194227141
11.046517887261164 47.66446086014347
11.0465260017203 47.66454966839068
11.046527945545195 47.66457094247425
11.046499819602811 47.66461788113306
11.046419912124126 47.66469294573425
11.0462498526182 47.66480191047792
11.046041981414898 47.66486486788537
11.045813993643536 47.66486691679508
11.04578288746885 47.66496992107413
11.045688881698752 47.66508898026881
11.045624935156663 47.66516996916763
11.04515890132991 47.66553393003793
11.04467591743192 47.66590087114053
11.044559874636528 47.66602790354255
11.04443489114422 47.66619684546136
11.044244901334752 47.6664978489242
11.04415791580434 47.66668597608848
11.044114888700433 47.66675098240564
11.044378825523976 47.66668392717877
11.04453081737155 47.66666399687523
11.044754893588012 47.666639968752264
11.044906885435584 47.66662283241651
11.045059994870275 47.66658986359663
11.045129844064933 47.66657496243511
11.045241975305425 47.66654795407984
11.045435876669792 47.66651293635024
11.04557091844613 47.66649598627901
11.045797974894896 47.66648592799498
11.046003983453003 47.666507907208235
11.046121355951842 47.66653612001227
11.046124869125892 47.66653696447321
11.046291948399514 47.66654795407984
11.046499819602811 47.66654385626042
11.046644919663182 47.666541993615226
11.046680868715365 47.66634399443144
11.046644919663182 47.666541993615226
11.046499819602811 47.66654385626042
11.046291948399514 47.66654795407984
11.046124869125892 47.66653696447321
11.046121355951842 47.66653612001227
11.046003983453003 47.666507907208235
11.045797974894896 47.66648592799498
11.04557091844613 47.66649598627901
11.045435876669792 47.66651293635024
11.045241975305425 47.66654795407984
11.045129844064933 47.66657496243511
11.045059994870275 47.66658986359663
11.044906885435584 47.66662283241651
11.044754893588012 47.666639968752264
11.04453081737155 47.66666399687523
11.044378825523976 47.66668392717877
11.044114888700433 47.66675098240564
11.044057891757593 47.66684299707807
11.043974817782075 47.66695885360894
11.043441914992972 47.667760908628125
11.043290854467992 47.667991876631795
11.043237955344573 47.66809488091085
11.043159910511074 47.668305918610976
11.042961911327286 47.66873097424353
11.042576902566331 47.669424995841645
11.04306882716124 47.669461876216424
11.043515862007048 47.66947193450046
11.043813885237586 47.66944790637749
11.044142828378291 47.66938997811206
11.044429862002206 47.66932199156259
11.044684858128836 47.669236868677366
11.044877828170607 47.669140942450035
11.045022928230978 47.669041849725886
11.045231917021392 47.66891183709157
11.045395829798188 47.668788902508965
11.045655855066832 47.66856985543452
11.045861863624944 47.66841898117406
11.045923889709798 47.66837595407015
11.046041981414898 47.66833199564365
11.046122820216182 47.66816286746032
11.046199933727085 47.66809786114315
11.046483987118693 47.667894832817346
11.046495334188853 47.667887268103904
11.046597981004371 47.66781883689356
11.046851859543889 47.66764784606504
11.047041849353354 47.66751485319841
11.046851859543889 47.66764784606504
11.046597981004371 47.66781883689356
11.046495334188853 47.667887268103904
11.046483987118693 47.667894832817346
11.046199933727085 47.66809786114315
11.046122820216182 47.66816286746032
11.046041981414898 47.66833199564365
11.046277978560582 47.66830498728838
11.046505966331942 47.66828487072031
11.046602018653632 47.66827250346859
11.04672296449668 47.66825693104246
11.046961941874669 47.66821595284826
11.047200919252656 47.66815187785369
11.04740990804307 47.668066941232986
11.04772599893196 47.66791699829512
11.047867165357795 47.66784941795064
11.04814192760308 47.66771788152422
11.04867389906959 47.66751988234043
11.04856586564852 47.66816081855061
11.0485129665251 47.66829492900435
11.04845596958226 47.66841283444493
11.048386865445678 47.6684808209944
11.048273989147113 47.66853595529204
11.048162975493735 47.66860096160921
11.048071178586955 47.66869006791699
11.048054942072666 47.668705828533454
11.048013963878466 47.66880697016732
11.048052893162955 47.66886694734246
11.048130937996453 47.66894685482115
11.048287958986045 47.66904091840329
11.048544817757865 47.66913889354033
11.048755855457989 47.66921582078671
11.048863888879058 47.66926592594235
11.048962981603212 47.66931193327856
11.049027130404053 47.66934531683818
11.049035997294697 47.669349931240454
11.049084984863214 47.66937489068601
11.049218909052437 47.66947286582305
11.049445965501205 47.66962094611572
11.049794838945452 47.66986383504861
11.049985605857255 47.66999175672047
11.049985946342035 47.66999198503775
11.04999827088696 47.6700038771425
11.05015581958344 47.67015589781454
11.05030296855352 47.670276969751946
11.05040485524546 47.670365817927554
11.050464832420609 47.67041890331549
11.05056988560937 47.6705438868078
11.05066786074641 47.670672968119526
11.050695986688792 47.670784913095495
11.050701273747851 47.67080290487856
11.05072094613435 47.6708698497162
11.050683879495052 47.67101196954426
11.050630980371633 47.67109895507467
11.050513819989126 47.6712358594962
11.050383993619322 47.67140498767953
11.050229952862038 47.67158696811468
11.050147551783198 47.67167960036825
11.04992392025718 47.67193099868143
11.04988499097269 47.67197886866284
11.049718843021664 47.67222883564745
11.049661846078823 47.67241286499231
11.049640713884768 47.67250127928465
11.049504825089237 47.67306981995113
11.04946291557244 47.67333096280689
11.049467179346312 47.67339086464962
11.049481914553388 47.67359787986274
11.049512834463556 47.67382698522121
11.0495689000838 47.67403895424393
11.049678446715848 47.674286700391974
11.049709902324748 47.67435783910061
11.049765967944994 47.67459998297542
11.049762987712688 47.67484398949543
11.04970371905914 47.67518990049362
11.049679913737176 47.67532883603861
11.049597957348778 47.67556185295199
11.04950594267635 47.675749980116265
11.049266085839095 47.67603901262308
11.04923883935598 47.67607184520524
11.049377978951735 47.6762588547824
11.049384870738942 47.676325910009275
11.049432926984869 47.67676493548076
11.049479926616629 47.676942872503055
11.049559959386883 47.67724587046904
11.0496059667231 47.67747888738242
11.049539842818822 47.67767986679852
11.049456584925586 47.677870195753606
11.049451925965814 47.67788084621461
11.049337932080132 47.678377986216056
11.0493663373973 47.67876338499169
11.049374998719433 47.67888090041759
11.049117953683092 47.679151915292856
11.048999861977991 47.6793709623673
11.04900315185708 47.67964170723137
11.049004891120006 47.67978484212871
11.04913881530923 47.67995899945406
11.049329922705812 47.68004989653937
11.049435907217172 47.68023597479394
11.049436700424096 47.68049297383767
11.049437956126882 47.68089982153997
11.049548969780258 47.68120697173194
11.049549787681622 47.68139492546544
11.049549901102854 47.68142098966437
11.04945099464322 47.68159589204779
11.049480983230792 47.68199598823479
11.0494468968238 47.68217796866993
11.049360486226783 47.68228812876333
11.049206988123215 47.68248381501027
11.049006940029717 47.68282989448674
11.048808731749547 47.68311534198014
11.048631989552796 47.68336987532757
11.048340858109464 47.68365690895149
11.04811854261953 47.68388572489434
11.047894940850773 47.68411586472651
11.047563948800354 47.684538871449355
11.047504876395408 47.68468976843792
11.047433936166032 47.68487098108689
11.047249906821174 47.68513082009101
11.046916742618404 47.68550349056266
11.046861917827917 47.68556481642048
11.04668589785738 47.68579597068867
11.046402962052888 47.686318815193744
11.046391878044354 47.68634174387806
11.04621297224342 47.68671183332902
11.04596329477836 47.68719602066178
11.045521028115704 47.688053686834046
11.04542190683086 47.68824590790821
11.045250916002338 47.68856088120999
11.045083804384506 47.688903943407254
11.044912845900196 47.6892549028081
11.04480388115653 47.68943092277864
11.044690818593446 47.68961290321379
11.04466149240124 47.689765309867624
11.044568815333443 47.69024694763676
11.04447996715784 47.690437868768825
11.044348836936404 47.69060792827475
11.044337394246934 47.69064953805464
11.044307858742204 47.690756939890015
11.0443859035757 47.69096686000303
11.044443831841138 47.69126991237558
11.044342876471791 47.69145282413333
11.04430924475527 47.6915541499568
11.044022874028002 47.692416929284114
11.042920627411622 47.692860483354146
11.042352826349871 47.69308897166898
11.041671816382374 47.693196472995375
11.04159882757661 47.69320799469668
11.0413479292694 47.69326685428471
11.040818938035196 47.69337190747347
11.040381958452672 47.69342418544345
11.03924798308122 47.69355984837323
11.039052744392007 47.69359949100701
11.03853887405706 47.69370383084649
11.0377541571049 47.693814894619585
11.037372858167576 47.6938688612104
11.036787987577648 47.693908908082
11.036426921198066 47.693974201160266
11.035858900156445 47.69407691867821
11.035124827281326 47.694176174446866
11.034490973528271 47.69426187934567
11.034231879582224 47.69429894598497
11.033860840660203 47.694311984501304
11.033846302858668 47.69430211144642
11.033586845552628 47.69412590624673
11.033054874086115 47.693672910936314
11.032982451844571 47.693611789642155
11.032147260527823 47.69290692366368
11.03193281662314 47.69272594212128
11.031171226460598 47.69230475078375
11.03084596315427 47.69212486651819
11.03069285371958 47.69213697371193
11.030568987814387 47.69219099042247
11.029956055875678 47.69240661711789
11.029650889999813 47.69251397309856
11.02914387797886 47.6926968848563
11.028766054659393 47.69283413496011
11.028504990678393 47.692928970447085
11.028411858418847 47.69295989035725
11.028080866368432 47.69309288322388
11.027821958686902 47.69325493335548
11.027727309504709 47.693395791734375
11.027655997000396 47.69350192010779
11.027578883489497 47.693967953934546
11.02748933470655 47.694278182350786
11.027476996797557 47.69432092519822
11.027399883286652 47.69446788790378
11.02723895074216 47.694569960860235
11.026760995986184 47.694783978792664
11.026462325814054 47.69486178636891
11.02641994565174 47.69487282696827
11.026183948506056 47.6948379955032
11.025973842128527 47.69474281433395
11.02574883458947 47.694549844292176
11.02540978131016 47.69435676509648
11.025260821549464 47.6942719376297
11.024925917944149 47.69424288036472
11.024526939344264 47.69421587200945
11.02412591183467 47.69418793233159
11.024085889324938 47.694181727006686
11.023719855183062 47.69412497492414
11.023263879640336 47.69402588219999
11.022891909395724 47.693967953934546
11.022771992589115 47.69396420107961
11.0226359819465 47.69395994456023
11.02202782829168 47.69407896758793
11.021743961164592 47.694142856317974
11.021462212123158 47.69422048265733
11.02140998888187 47.6942348709904
11.021087937528373 47.69429186793324
11.020667911037831 47.694352962695504
11.020142706711896 47.69432035618351
11.020136870893914 47.694319993875624
11.019278936519004 47.69414192499538
11.018845697842966 47.69408441964237
11.017534021183934 47.69391031600509
11.016731955485016 47.69380385489323
11.016203639481969 47.69373861176021
11.015897862968544 47.69370085061418
11.014893897210673 47.693645902581046
11.0148410694162 47.69364751099158
11.013490279526598 47.693688637537015
11.012923963656812 47.693705879756195
11.0123109671245 47.69372692764685
11.01213137673393 47.69374250220845
11.011756830180216 47.69377498389277
11.011293962850289 47.693862900745785
11.010817170708728 47.693973510821074
11.010047853217598 47.69415198327941
11.009545874331174 47.69425999716445
11.009016879104456 47.69437382432164
11.008364953287652 47.69452395352402
11.008276689434584 47.69455358083978
11.00796597468777 47.69465787771325
11.007650815121476 47.69482197675456
11.007577985694512 47.69485997471645
11.007234886450355 47.6950419551516
11.007156794680814 47.69506342113565
11.006841868315083 47.69514998857267
11.006162934143012 47.6952829814393
11.00587068704425 47.69530959720286
11.005438923957325 47.69534891907906
11.005311891555309 47.69529993151053
11.005061924570692 47.695189849179755
11.00492390256205 47.69513396982403
11.004773959624185 47.69507697288119
11.004683993861466 47.6950428864742
11.00462987956702 47.69502508835075
11.004431977967142 47.6949599987632
11.004259869551507 47.694894992446045
11.004052929670802 47.69480297777361
11.00387392946796 47.69473294231444
11.00379197307956 47.69467799428131
11.003668852232446 47.69459585162839
11.003540968799072 47.694511298326816
11.0034088269638 47.694423929477274
11.003291852845814 47.6943568742504
11.003134831856224 47.69426597716509
11.003006868131612 47.6941948241188
11.002856925193749 47.69413298429846
11.002693943739548 47.69408492805253
11.002516992446417 47.69405493946496
11.002318253498146 47.694018605712905
11.00212881718864 47.69398397268319
11.001863949042498 47.6939098394046
11.001639872826036 47.69383198083562
11.00158995393492 47.69381484449986
11.001435913177636 47.6937498381827
11.001213631698 47.69365517720121
11.001170858766978 47.69363696188413
11.000909902175737 47.693518870179034
11.000653974726513 47.693395935596435
11.000577978802726 47.69335588872483
11.000518932950175 47.693324968814665
11.000400841245074 47.693263874052406
11.00038013754258 47.69325578395017
11.00022303029824 47.693194393304275
11.00013485551182 47.693159938450755
11.000113227361789 47.69315310850864
11.000010989606626 47.69312082290175
10.999782815570745 47.693048924797374
10.999451823520328 47.69298093824791
10.99916199592863 47.692927852859974
10.998962879157729 47.692837887097255
10.998712912173112 47.692721844301865
10.99847486611772 47.69259686080955
10.998108856337716 47.69239886162576
10.997886829030964 47.69226791766885
10.997566826587176 47.69207289871736
10.997449852469188 47.69194586631534
10.997339956402929 47.69182889219736
10.997215904233215 47.69167392011748
10.997131898935107 47.691578925212745
10.997037835352968 47.69140998329394
10.996977858177823 47.69130399878257
10.996930919519013 47.69120285714871
10.996882863273088 47.6910709818692
10.99686386429214 47.69097598696447
10.99685399227263 47.69092699939594
10.99685399227263 47.69079493785191
10.996830895472264 47.69063791686232
10.996825866330248 47.69045593642718
10.99680481843959 47.690313816599115
10.996701814160536 47.69010799430552
10.997115880186463 47.68999195151013
10.997285939692391 47.68994296394161
10.99744296068198 47.68989099614078
10.997617863065404 47.68977197311309
10.997760914216062 47.689678840853546
10.997885897708368 47.68960582516206
10.998057819859486 47.689529829238275
10.998135864692983 47.68951194784445
10.998450837994758 47.68947693011486
10.998604878752042 47.68948587081177
10.998811818632747 47.689507850025024
10.99894183126707 47.68952088854136
10.999138899128264 47.689529829238275
10.999389983699992 47.6895329957351
10.999560974528514 47.689492948863496
10.999613873651931 47.68946482292112
10.999682977788517 47.68956298432268
10.999859929081646 47.68958682618112
10.999952875076673 47.68962296149782
11.00009797513704 47.68963991156906
11.000168941918812 47.68966691992433
11.00009797513704 47.68963991156906
10.999952875076673 47.68962296149782
10.999859929081646 47.68958682618112
10.999682977788517 47.68956298432268
10.999613873651931 47.68946482292112
10.999665841452758 47.68943781456585
10.99978393315786 47.689376906068105
10.99990593641786 47.689313948660654
11.000006891787208 47.68926198085983
11.000076927246385 47.68921392461391
11.00015683472507 47.68917685797461
11.000274926430173 47.68910495987024
11.000402890154785 47.68903790464337
11.000552833092648 47.68888181497638
11.00058691949964 47.68883487631757
11.000669993475151 47.68885089506621
11.000762939470178 47.688856855530815
11.000995956383557 47.68888386388608
11.001009926222489 47.68891683270597
11.001018866919402 47.68897885879082
11.001009926222489 47.68891683270597
11.000995956383557 47.68888386388608
11.000762939470178 47.688856855530815
11.000669993475151 47.68885089506621
11.00058691949964 47.68883487631757
11.000601820661169 47.68878197719415
11.000604987157994 47.68870095212834
11.000604987157994 47.6886048396365
11.000601820661169 47.68854486246135
11.000569969428405 47.68850798208657
11.0007299706503 47.68838895905887
11.000895932336803 47.688443907092
11.00109896066261 47.68850388426715
11.001299940078704 47.68855287183567
11.00147391113953 47.68857783128123
11.001666881181304 47.6885629301197
11.001926906449947 47.68851599146089
11.002081878529829 47.688479856144184
11.002217851628762 47.68845694560834
11.00234549705114 47.68842086401878
11.0023489818502 47.68841987896904
11.002612918673744 47.68833494234834
