-1.2685379552769438 50.73681011735821
-1.268534344013874 50.736908167349696
-1.2685338773039048 50.73692083906805
-1.268530512971883 50.737012184594455
-1.2685284639390766 50.737067818217746
-1.2685278714119168 50.73708390601912
-1.2685298371312317 50.737117724414674
-1.2685352422129823 50.73721071388235
-1.268536171031942 50.73722669335955
-1.268536998373352 50.737240927008706
-1.2685708985158255 50.73749387422563
-1.2686544070399204 50.73775116710132
-1.268685823724102 50.73784796307641
-1.2687060197608775 50.73791303650103
-1.268840982068501 50.73834789704564
-1.269120937640688 50.738334858529306
-1.2692319512940635 50.73834882836824
-1.269616088019448 50.73849240656547
-1.2698369384520565 50.73857495349441
-1.2701908410383205 50.73871781838054
-1.270717969627335 50.73902291966281
-1.270898713786624 50.73912734598992
-1.270923978185445 50.73914194269051
-1.2711048410334775 50.739251838756765
-1.271523936201422 50.7395049722382
-1.2719128565172744 50.73973985179677
-1.2719728524152012 50.739774545705096
-1.273106998090682 50.740430389645354
-1.2733049975329265 50.740544887048266
-1.2734979675747 50.74053892658365
-1.274609575550227 50.740237325605186
-1.275933282757906 50.73987817795796
-1.2760119797888096 50.73985682591476
-1.2762228312244157 50.73981398507537
-1.2763178261291497 50.739832984056314
-1.2763969885497612 50.73984881654044
-1.2764688866541285 50.73998888745879
-1.276741950439109 50.74052588806732
-1.2767728703492776 50.74060393290082
-1.2768078500129252 50.74068483122145
-1.2771832823250595 50.74155310267967
-1.2772398354986274 50.74168389458248
-1.277523926188647 50.742534468639214
-1.2776449608276403 50.742896849130766
-1.2777248683063285 50.74300693146155
-1.2777598860359167 50.743042880513734
-1.2778148340690472 50.74309987745657
-1.2779448467033694 50.74319990150333
-1.2780059414656295 50.743254849536456
-1.2780659186407757 50.74333587460225
-1.278090738501271 50.74335969804499
-1.2781169551190052 50.74338486217078
-1.2781221458109966 50.74338338708458
-1.2789942342659404 50.743135557768426
-1.2790529343274146 50.74311887643752
-1.279439487937847 50.74302614524795
-1.279505905839091 50.743010212112615
-1.280365912922455 50.742803903135744
-1.279505905839091 50.743010212112615
-1.279439487937847 50.74302614524795
-1.2790529343274146 50.74311887643752
-1.2790542842736206 50.74312109236828
-1.2790899276557173 50.7431796008232
-1.2793069991314483 50.74353592269576
-1.2794638338565194 50.74379296773209
-1.2794802907897258 50.74395698388993
-1.2794859993342906 50.74401387745173
-1.2796918216278812 50.744063982607365
-1.280040881336649 50.74398984932877
-1.2803739222967756 50.74401685768404
-1.280040881336649 50.74398984932877
-1.2796918216278812 50.744063982607365
-1.2794859993342906 50.74401387745173
-1.2794406839051635 50.744036535166295
-1.2793609772735992 50.74407638848208
-1.279303832634624 50.744104960801565
-1.2793148222412505 50.744208896403215
-1.2793438795062275 50.74447693104618
-1.279111980179965 50.7445668968089
-1.2793438795062275 50.74447693104618
-1.2793148222412505 50.744208896403215
-1.279303832634624 50.744104960801565
-1.2793609772735992 50.74407638848208
-1.2794406839051635 50.744036535166295
-1.2794859993342906 50.74401387745173
-1.2794802907897258 50.74395698388993
-1.2794638338565194 50.74379296773209
-1.2793069991314483 50.74353592269576
-1.2790899276557173 50.7431796008232
-1.2790542842736206 50.74312109236828
-1.2790529343274146 50.74311887643752
-1.2789942342659404 50.743135557768426
-1.2781221458109966 50.74338338708458
-1.2781169551190052 50.74338486217078
-1.2779278966321326 50.74343794755872
-1.277807942281841 50.74347184770119
-1.277855998527765 50.74359888010321
-1.277936156248174 50.74381287648564
-1.278163893777815 50.74442086542594
-1.2782664295185429 50.7447528126466
-1.278436957562796 50.745304876833515
-1.2785827288775764 50.74574362765627
-1.2789024885891276 50.74670605868557
-1.2791928189812485 50.74757991166964
-1.279200037863352 50.74759471037795
-1.2792039948523937 50.74760282220549
-1.2792289542979514 50.74766484829034
-1.279432913946351 50.747984850734134
-1.2795498880643372 50.7481679487564
-1.2796109828265976 50.748257914519115
-1.2797503920200572 50.7484617382283
-1.279777875835699 50.748501921039114
-1.2799678656451672 50.74866788272563
-1.280686523285833 50.74929019015128
-1.28094594063489 50.74951482749391
-1.2811769086385572 50.74975995160103
-1.2815636780876911 50.75006505890404
-1.281768857280214 50.75022691675038
-1.2819189864825975 50.750477815057586
-1.282260563276351 50.750919563645546
-1.282341993205443 50.75102487395014
-1.283687070632804 50.75110370816614
-1.284337817527454 50.75114184806813
-1.285171910043923 50.75120089392068
-1.2851923964406629 50.751201965166786
-1.2859769452954146 50.75124298970199
-1.286201952834471 50.75125491063122
-1.2863649342886716 50.75131488780636
-1.286427891696123 50.75141789208541
-1.2864689800721456 50.7516123696819
-1.286496995832704 50.75174497258093
-1.2865017816875552 50.75174490467863
-1.28791484135199 50.75172485601287
-1.2879380347434346 50.75172466192591
-1.2882709791124831 50.75172187578057
-1.2884548221928214 50.75177682381369
-1.2885149856324862 50.75187181871843
-1.288522538259114 50.75207455953947
-1.2885227738993494 50.75208088500704
-1.2885269065617078 50.75219182116222
-1.288632891073068 50.75235498888094
-1.2887687365743334 50.75249152959971
-1.2888148715082155 50.752537900638686
-1.289149961378052 50.752867961366505
-1.2891768946660416 50.752855266198125
-1.289406820149872 50.7527468894291
-1.2894545013389371 50.75257439571571
-1.289482816073659 50.752471962998925
-1.289567938958882 50.75236895871987
-1.289899862331894 50.75231997115135
-1.290152041832583 50.75233460793011
-1.2902079438464629 50.75233785254518
-1.2903258492870446 50.75230786395761
-1.290341127280769 50.75227768676339
-1.2903709253006634 50.75221882951749
-1.290442823405031 50.751839967485665
-1.290442823405031 50.75146985988624
-1.290442823405031 50.751839967485665
-1.2903709253006634 50.75221882951749
-1.290341127280769 50.75227768676339
-1.2903258492870446 50.75230786395761
-1.2902079438464629 50.75233785254518
-1.290152041832583 50.75233460793011
-1.289899862331894 50.75231997115135
-1.289567938958882 50.75236895871987
-1.289482816073659 50.752471962998925
-1.2894545013389371 50.75257439571571
-1.289406820149872 50.7527468894291
-1.2891768946660416 50.752855266198125
-1.289149961378052 50.752867961366505
-1.2888148715082155 50.752537900638686
-1.2887687365743334 50.75249152959971
-1.288632891073068 50.75235498888094
-1.2885269065617078 50.75219182116222
-1.2885227738993494 50.75208088500704
-1.288522538259114 50.75207455953947
-1.2885149856324862 50.75187181871843
-1.2884548221928214 50.75177682381369
-1.2882709791124831 50.75172187578057
-1.2879380347434346 50.75172466192591
-1.28791484135199 50.75172485601287
-1.2877884705161202 50.751272053710544
-1.287769098927888 50.751202642918955
-1.2877669473238351 50.75119493345607
-1.2875849668886878 50.75044987537972
-1.2877669473238351 50.75119493345607
-1.287769098927888 50.751202642918955
-1.2877884705161202 50.751272053710544
-1.28791484135199 50.75172485601287
-1.2879380347434346 50.75172466192591
-1.2882709791124831 50.75172187578057
-1.2884548221928214 50.75177682381369
-1.2885149856324862 50.75187181871843
-1.288522538259114 50.75207455953947
-1.2885227738993494 50.75208088500704
-1.2885269065617078 50.75219182116222
-1.288632891073068 50.75235498888094
-1.2887687365743334 50.75249152959971
-1.2888148715082155 50.752537900638686
-1.289149961378052 50.752867961366505
-1.2891513801668029 50.75286979466413
-1.2891886418467475 50.75291794259958
-1.2895299409969885 50.75335895463881
-1.2895761400831554 50.7537885736056
-1.2895828401204088 50.75385087923373
-1.2895429795133244 50.75447784560497
-1.2894400646245192 50.7547391137754
-1.289412966879002 50.754807906332786
-1.2891238843453798 50.755540857215394
-1.2890538071628572 50.75570656791016
-1.2886529503605937 50.75665446930708
-1.2886248816987471 50.75672084294381
-1.2883888845530649 50.75722394340986
-1.288229631380206 50.75754647193516
-1.2881528874073822 50.757701898165834
-1.288298918790346 50.7577249949662
-1.2883348678425297 50.75773095543081
-1.2884319116569738 50.7577298378437
-1.2885518660072657 50.75771493668217
-1.2887539630104743 50.75767693872028
-1.2890478884215926 50.75759386474476
-1.2890648671247311 50.7575897894454
-1.2891888169376755 50.75756003849272
-1.2893043750539563 50.75753230175018
-1.2893559699361616 50.75751991773069
-1.2894129886517258 50.75750882092062
-1.2895228074498182 50.75748744831809
-1.289535901461599 50.757484900001096
-1.2896272867610423 50.75747442604128
-1.2896659140959217 50.757469998839575
-1.2897285527235345 50.75746723619983
-1.2898313835203752 50.75746270090816
-1.2898728539766264 50.75746087187814
-1.289925 50.75746087187814
-1.289952 50.75746087187814
-1.290015 50.75746087187814
-1.290033 50.75746087187814
-1.290097 50.75746087187814
-1.290115 50.75746087187814
-1.2901159291740345 50.75746087187814
-1.2901268459101511 50.75746106218574
-1.2901642718927913 50.757461714619666
-1.290200958158943 50.757462354158385
-1.2902174493161374 50.757462641642896
-1.290264296394858 50.75746345831146
-1.2902671521112572 50.75746350809416
-1.2903037398982795 50.75746414591612
-1.2903065597019936 50.75746419507277
-1.2903509949971212 50.75746496969756
-1.2903573171653946 50.75749569148401
-1.2903629159263428 50.75752289796299
-1.2903551630546315 50.75754129203117
-1.2903480749184244 50.75755810898178
-1.290343916945396 50.75756797397661
-1.2903402251373972 50.75757243751849
-1.2903213252179226 50.75759528826858
-1.2903109481255175 50.757607834583695
-1.2903087884189284 50.75760973291385
-1.2902927568670308 50.75762382426241
-1.2902779379236584 50.75763684975725
-1.2902405431985846 50.757669718821255
-1.2902252672123695 50.75768314604576
-1.290198785653643 50.757706422699
-1.2901500085994642 50.757749296556554
-1.290096734672097 50.757796123057496
-1.2900708531604153 50.75781887228382
-1.290067802307231 50.757821454541904
-1.289984193785395 50.757892221231955
-1.289902459725296 50.757961401367794
-1.2898428653890537 50.758011842325594
-1.2897339006453878 50.758101994352835
-1.2895759483332023 50.75824187900667
-1.2894518684649872 50.75835379418192
-1.289423956485628 50.758378969692714
-1.289298972993321 50.75848495420407
-1.2891838615205258 50.75857491996679
-1.2891948511271518 50.75860583987696
-1.289188890662541 50.75863489714194
-1.2891659801266937 50.7586628368198
-1.2891428833263268 50.75867885556844
-1.2890998562224176 50.75869394299449
-1.289050868653898 50.7586999034591
-1.288996851943363 50.75869282540737
-1.2889549424265685 50.75867587533614
-1.2889249538389955 50.75865091589058
-1.2889089350903542 50.75860788878667
-1.2887999703466886 50.758568959502185
-1.2886639972477554 50.75852481481116
-1.2879814380361818 50.758248756754966
-1.2879349579200512 50.75822995807744
-1.2878129546600496 50.75817799027662
-1.2877419878782776 50.75814781542453
-1.2876438264767192 50.75810292567543
-1.28681383177967 50.75773691589542
-1.2868069454530056 50.757732768190415
-1.2867009554811035 50.757668929345954
-1.2866078232215603 50.75758585537044
-1.286561815885346 50.75749384069802
-1.2865349937945976 50.75739884579328
-1.2865349937945976 50.75733588838583
-1.28655082627872 50.75727684253328
-1.286617881505591 50.75708499007862
-1.2865409542592083 50.75696093790891
-1.286378904127603 50.7568398659715
-1.286333542703001 50.75681593421407
-1.2858048368797788 50.75653699986347
-1.2854699332744612 50.756374949731864
-1.2851636015687569 50.75622639596394
-1.2847028959848634 50.75600297948725
-1.2842389110678192 50.75583198865873
-1.2838566566232144 50.7557121225451
-1.2825198758211704 50.75529293914049
-1.2824571391665915 50.75527412568458
-1.2822099316614106 50.75519999314547
-1.2817569363509924 50.75506793160143
-1.281126989747442 50.75488688248888
-1.281106100914042 50.75488031713062
-1.280751853006002 50.7547689770483
-1.2805668923385491 50.75470490205373
-1.2804059597940585 50.754639895736574
-1.2803508254964089 50.75461791652332
-1.279904908237716 50.75443481850106
-1.2797927148125092 50.75438698313554
-1.2788918155184048 50.7540028710813
-1.278607532602545 50.75387393745795
-1.2784708577052697 50.75381194994923
-1.2784138607624291 50.75378084377455
-1.2783218460900003 50.753719935276806
-1.2782268511852664 50.753638910211
-1.2781039166026693 50.7535159756284
-1.277934974683858 50.75330288901857
-1.277831176422987 50.75313855602237
-1.2778219121207723 50.75312388881573
-1.2777269172160384 50.75292384072223
-1.2776259618466934 50.75262581749169
-1.2775589066198223 50.75237883073938
-1.2775422845760198 50.75224821599082
-1.2775248202128295 50.75211098236094
-1.2775289180322495 50.75185188841489
-1.2775598379424178 50.75132885764529
-1.2775604597615215 50.75127515508633
-1.2775639357618378 50.75097495505903
-1.2775529461552115 50.75061397442104
-1.2775369274065702 50.75046086498635
-1.2775179284256233 50.75037592836565
-1.277482910696035 50.75030086376445
-1.277458865064201 50.7502736337111
-1.2774139928239732 50.75022281893096
-1.277331850171056 50.750153901058894
-1.2772308948017113 50.75008982606433
-1.2771129893611295 50.750040838495806
-1.276973849765372 50.75000582076622
-1.2768248381501028 50.74998682178528
-1.2765458139005113 50.74996093101712
-1.2764098408015785 50.74994696117819
-1.2763368251100964 50.74992982484243
-1.276251888489393 50.74990095384197
-1.2761749612430102 50.749857926738066
-1.2761651749787868 50.74984814047384
-1.2761328654616966 50.74981583095675
-1.2761039944612382 50.74977299011736
-1.2759898143110382 50.74933787620078
-1.2759669037751906 50.74920693224386
-1.2759419443296331 50.74904599969937
-1.2759256310483331 50.748928353553936
-1.2758909078514034 50.74867794100965
-1.2758059712307 50.74811281445874
-1.275783992017448 50.74800589862479
-1.2757798916527363 50.74799022075972
-1.2757238285777828 50.747775861943715
-1.2756269710278578 50.74748081894548
-1.275497889716131 50.74717087478572
-1.2754119638233954 50.74701014814215
-1.2753209384229989 50.74683988273531
-1.2751108320454694 50.74650982200749
-1.2749249400554212 50.74624383627423
-1.274873340549957 50.746172809687415
-1.274271896651504 50.74534492370512
-1.2742661133668882 50.7452882815352
-1.2742528976705574 50.745158845450554
-1.2741569714432277 50.744972953460504
-1.274120836126525 50.74494594510523
-1.2740988569132727 50.74491297628536
-1.274094945358372 50.74487795855577
-1.274107983874708 50.74484294082618
-1.273926934762156 50.74473192717281
-1.2735508666981206 50.744546966505354
-1.2734686779543016 50.74449294278174
-1.273331819623675 50.7444029840321
-1.2729179398622648 50.744183936957654
-1.272562919688886 50.7439959960579
-1.272387944846442 50.74389651730782
-1.272066897274559 50.743713991576
-1.2715969518929038 50.743416899668055
-1.2714129225480464 50.74328390680143
-1.2713529545711333 50.743240866803504
-1.271001836754423 50.7429888638032
-1.2705309600501722 50.74263589253953
-1.2703572627962323 50.74249539456368
-1.2703419015632995 50.742482969369355
-1.2701718420573735 50.74231998791516
-1.2700338200487304 50.74216296692557
-1.2698918864851867 50.74197986890331
-1.2697369144053068 50.74171183426034
-1.2697023480661884 50.741629540340014
-1.2696478799651834 50.74149986523762
-1.2695828736480224 50.74127187746626
-1.2695428267764186 50.74105487930152
-1.2695288569374872 50.740844959188514
-1.269515244101915 50.74071035750594
-1.269508926633945 50.74064789132732
-1.2694778204592576 50.7404729889439
-1.2694498807813943 50.74034893677418
-1.2693468765023397 50.7399879561362
-1.269281668883878 50.7397814653444
-1.2690998897500312 50.73920583142055
-1.269002893994636 50.73888617943581
-1.268920889547189 50.73861593168861
-1.268840982068501 50.73834789704564
-1.2687060197608775 50.73791303650103
-1.268685823724102 50.73784796307641
-1.2686544070399204 50.73775116710132
-1.2685708985158255 50.73749387422563
-1.268536998373352 50.737240927008706
-1.2685278714119168 50.73708390601912
-1.2685338773039048 50.73692083906805
-1.2685379552769438 50.73681011735821
-1.2685392901256902 50.73677387466259
