-0.5934298171124567 45.57294481783237
-0.5934579430548387 45.57298095314907
-0.5935259296043053 45.57304093032422
-0.5936339630253754 45.57308786898303
-0.5937168507363688 45.57310295640907
-0.5938168747831183 45.57310183882196
-0.593908889455547 45.57308190851842
-0.5940459801415946 45.57315082639048
-0.5941728262790924 45.57323892950801
-0.5943744886874957 45.57342596823237
-0.5947969986825511 45.57381783963333
-0.5952046499434982 45.574174273453565
-0.5954878537838426 45.57442189546872
-0.5955848975982867 45.574507949676544
-0.595962828307513 45.57477188650009
-0.596091484162541 45.57484626729401
-0.5966529383507283 45.57517086509997
-0.5971476449935714 45.575439069415175
-0.5972009285658806 45.57546795700792
-0.5981879442525195 45.57583396678792
-0.5984863127493829 45.575925631768904
-0.5987348168805573 45.57600197738414
-0.5994208291043527 45.57615992969632
-0.5997453310953171 45.57623656793344
-0.5999170673163495 45.57627712719532
-0.6001448392900416 45.57633092052484
-0.6009569525932584 45.57651588119229
-0.601075459763578 45.57655234493701
-0.601203939345567 45.57659187711608
-0.6014399364912496 45.576706988588874
-0.601593977248534 45.57683383472637
-0.6017148629214212 45.576986944161064
-0.6017768890062769 45.57720096209349
-0.6017368421346734 45.5774069706516
-0.6017297739152204 45.57741955581462
-0.601623965836107 45.5776079500677
-0.6014449656332649 45.57775193254095
-0.6011249631894744 45.57789088587219
-0.6007928535519433 45.5779309327438
-0.6005949336825039 45.57790346418144
-0.6004398822882745 45.57788194517527
-0.6001658871806984 45.577763853470174
-0.5999259784801151 45.57756883451869
-0.5998049065427089 45.577329857140704
-0.5997930099734926 45.57717127979499
-0.599787956471472 45.57710391827905
-0.5999377457124079 45.57627597096035
-0.5999437354969975 45.57624286293431
-0.6000019744039023 45.575920952318334
-0.6001236841386779 45.57526813459326
-0.6001899153036605 45.57491288874104
-0.6003044501626706 45.57416085463502
-0.6004471024684809 45.57322420180985
-0.600453852127206 45.573179883655456
-0.6005824935006082 45.57225018549428
-0.6007163817827887 45.57128256763967
-0.6008465571862994 45.57034178295997
-0.6009805987935916 45.56937305701648
-0.6011150981262763 45.56840102306683
-0.6012479431703175 45.567440944750665
-0.6013818453463484 45.56647322648444
-0.6014218688328982 45.56618397458309
-0.6014859438274639 45.56571887207893
-0.6015108008184986 45.56553932579528
-0.6016717148214901 45.56437701652042
-0.6018110142155284 45.5633708332507
-0.6019365050551958 45.56246439152317
-0.6020882948416794 45.56136798801956
-0.6022428860297696 45.560251349514594
-0.6023589656284221 45.55941288678526
-0.6023807143139946 45.55927757791912
-0.6025505407839387 45.55822100707434
-0.6027383464871526 45.55705257891019
-0.6027458370345645 45.55700597666962
-0.6029114105683134 45.55612766823734
-0.6030864896767228 45.5551989361281
-0.6031029061176533 45.555111852775035
-0.6032684543082526 45.55428157792116
-0.6034479919567485 45.553381141653446
-0.6034679845750627 45.55328087255241
-0.6036540756006601 45.55248958698709
-0.6038630127741468 45.551601156344574
-0.6038809330138772 45.55152495693098
-0.6040735446917465 45.550709642387865
-0.6042861994648915 45.54980948653477
-0.6045103544807716 45.5488606507924
-0.6047349792140291 45.547909826762435
-0.6049348176628683 45.547063921698864
-0.6049560888243473 45.54697379961296
-0.6051708516958947 45.54606388794793
-0.6053937452038122 45.54511952823877
-0.6056153037551915 45.544180824500394
-0.6058394524105378 45.54323114695729
-0.6060631778550706 45.5422832624823
-0.6062867606041573 45.541335982582254
-0.6065110325944166 45.540385782491306
-0.6067345887404674 45.53943861530354
-0.6069559707508637 45.53850065953756
-0.6071767940975048 45.537565070729435
-0.6073983332883527 45.53662644901815
-0.6076161530004844 45.53570358606929
-0.607844589478567 45.53473574179235
-0.6080708784240276 45.53377699622494
-0.6082978372501293 45.53281541249371
-0.6085201648517872 45.5318734504276
-0.6087329374715598 45.53097197110143
-0.6087460644582999 45.53091632342731
-0.6089697991285435 45.52996787164127
-0.6091948680243655 45.52901376383137
-0.6094217473152103 45.52805198142911
-0.6096471521833091 45.52709644937188
-0.6098714524486263 45.5261455999259
-0.6101006642183562 45.525173929723216
-0.6103252037699958 45.524222065899174
-0.6105494508605747 45.523271441870534
-0.6107718077940218 45.52232883056029
-0.6109966035558291 45.52137588061494
-0.6112229462421696 45.52041637297635
-0.6114499222189689 45.51945418070481
-0.6116764292866472 45.51849397622396
-0.6116898867120568 45.51843692776048
-0.6118828428842822 45.51753870216907
-0.612021996349588 45.51689093225205
-0.6120883210428999 45.516568744480814
-0.6121568518614066 45.51623583993843
-0.612287128885567 45.51560533179822
-0.612364909329226 45.51522889394825
-0.612454517771959 45.51465056155256
-0.6126042645386867 45.51368409674515
-0.612702979431368 45.51304699137167
-0.6127428023093 45.5127160294703
-0.61285871767607 45.51175267442978
-0.6129708278098143 45.51082094410407
-0.6129736359888188 45.51078575207009
-0.61303490280438 45.51001795776229
-0.6130507648716196 45.50982042731969
-0.6131282124754086 45.50885597172739
-0.613133995528534 45.50878395532334
-0.6131983767577593 45.507888330133014
-0.6132578614337264 45.507060822257266
-0.6132615696560697 45.50692501509685
-0.6132880011600702 45.50595700747175
-0.6133145112543369 45.50498612161555
-0.6133409834365859 45.50401662422072
-0.613367405055834 45.5030489786074
-0.6133938631226918 45.5020799981641
-0.6134202935283866 45.501112030762535
-0.6134466759337939 45.500145821287575
-0.6134709480435613 45.4992568977011
-0.6134767000949598 45.4991793848851
-0.6135488659064751 45.49820690135152
-0.6136214395305829 45.49722892226508
-0.6136279690331512 45.49714093276428
-0.6137329482736306 45.49626094190097
-0.6138483673434981 45.495293438931135
-0.613853907894803 45.49524699513421
-0.6140145537576412 45.49432698829766
-0.6141834716025644 45.493359608438645
-0.6141949582292503 45.49329382538707
-0.6144198602649312 45.49240225556805
-0.6146504964184859 45.4914879542232
-0.6146848339144476 45.491351831511075
-0.6149049968798411 45.490605463954104
-0.6152549896073711 45.48941896459652
-0.6156044023296698 45.48849054828731
-0.6158959258175476 45.48771594809851
-0.6159582102811657 45.48756243519298
-0.616335135259045 45.4866334258516
-0.6167124377018156 45.48570348617016
-0.617092895869917 45.48476576855283
-0.6174719232581309 45.48383157738761
-0.6178459961704562 45.48290959754998
-0.6182252481387585 45.48197485286081
-0.6186049461025035 45.4810390089239
-0.6189809717051027 45.48011221627838
-0.6190439824546273 45.479956913291446
-0.6192929866550448 45.47917399068504
-0.6195909752236956 45.478237050719954
-0.6195929039923751 45.47823098625759
-0.6198497252635126 45.47730109927492
-0.6201167020942474 45.47633444149584
-0.6201798234920164 45.476105894359335
-0.6203088107688749 45.475365301294794
-0.6204770681509479 45.474399235080696
-0.6205178935941583 45.474164831805936
-0.6205838312339149 45.47352296427316
-0.620593596059906 45.47342867387831
-0.6206309561572437 45.47306792005303
-0.6206888844226797 45.47250391108924
-0.62069035341433 45.47245435501421
-0.6207190536034304 45.471486161134955
-0.6207478018225909 45.470516346973334
-0.62074997918494 45.470442894185545
-0.6207139919994548 45.46953672671779
-0.6206838552806643 45.46877787564944
-0.6206574474116686 45.46856424322429
-0.6205380289557219 45.46759818063307
-0.6204188476469287 45.46663403649735
-0.6204119090827981 45.4665779054145
-0.6202310165446293 45.465679493547455
-0.620038821251068 45.46472494597863
-0.6200346726877006 45.464710148955646
-0.6197686554507702 45.463761323345175
-0.6195013073937448 45.46280775098895
-0.6194489215191212 45.46262090197104
-0.6191717727714767 45.4618727703823
-0.6188246009498273 45.46093561945269
-0.6186898936038441 45.46057199226108
-0.6184325970503372 45.460016191305655
-0.6180023508154341 45.45908679188243
-0.6177408758790986 45.458521964964014
-0.6175423297226845 45.45816595200698
-0.6170405458974297 45.45726620382424
-0.6165364675231877 45.45636234128752
-0.6162239376356587 45.4558019441918
-0.6160061218449553 45.455449745448334
-0.6154546850170745 45.45455809587026
-0.614906936740696 45.45367241052095
-0.614361768334461 45.45279089671044
-0.6138141105169769 45.451905357629265
-0.6132592112848333 45.45100810949276
-0.6127062807654154 45.450114044679864
-0.6121570162947472 45.44922590770975
-0.611610580568164 45.44834234469688
-0.6110642580271735 45.447458964700225
-0.6105130927999288 45.44656775428867
-0.6099621312171786 45.44567687316148
-0.6094143604380474 45.444791151426195
-0.6089609252429216 45.4440579662634
-0.6088717338757837 45.4439009463273
-0.6084678830608997 45.443189973604454
-0.608367935656585 45.44299901657855
-0.6079659001819618 45.44223089759568
-0.607895027569944 45.442083598091706
-0.6074486999481276 45.44115596419432
-0.607252879602899 45.440748977081824
-0.6072189794604252 45.44067782403554
-0.6070547083687996 45.44021940846575
-0.6067155152365326 45.43927285474497
-0.6066639111935477 45.439128848294814
-0.6065398590238361 45.4388749697553
-0.6064035208906938 45.43834778442616
-0.6061619785335597 45.43741380077748
-0.6059359894529579 45.43653995774403
-0.6059273476250346 45.43647965698919
-0.6057837065471277 45.43547736146779
-0.60569291425555 45.43484383303323
-0.6056655340082977 45.43448528074829
-0.6055923783829164 45.43352728660036
-0.6055228547496242 45.43261685444303
-0.605519486807912 45.43257114343789
-0.605447665334005 45.431596354666695
-0.6053839014183857 45.43073092618728
-0.6053781034975303 45.43062215235267
-0.6053267358926538 45.42965845321015
-0.6052759803454384 45.42870623678021
-0.6052678586229948 45.4285538664882
-0.6051906753277457 45.42772402271198
-0.6051009618877469 45.426759459854345
-0.6050638989745952 45.426360974305
-0.6049893043408457 45.425790109140486
-0.6048627203050104 45.4248213743561
-0.604806853938256 45.42439383471893
-0.6047025464387845 45.423866751759576
-0.6045151040974789 45.42291957476401
-0.6044389815130602 45.42253491481844
-0.6042932729332924 45.42199723338439
-0.6040528627300968 45.42111009205736
-0.6037377549627567 45.41994730811908
-0.6034488359725823 45.41888116378352
-0.6031675712285978 45.417843264497606
-0.6028711540360773 45.41674945093216
-0.60255077999446 45.41556723383551
-0.6022954083060177 45.41462488290548
-0.6020929798951666 45.41387789876486
-0.6020402913498183 45.41364498395371
-0.601816510675698 45.41265573983799
-0.601705922224505 45.412166872892534
-0.6016329094898971 45.41164355023358
-0.6014958158469755 45.41066092425572
-0.6014955384934204 45.41065587959413
-0.6014412531812668 45.409668507973706
-0.6014078989939667 45.40906184335936
-0.6014226461704152 45.40868995399491
-0.6014614466153618 45.40771149734853
-0.6014669448465171 45.40757284479378
-0.6015532520409115 45.40674514814433
-0.6016178191069771 45.40612594200952
-0.6016608599183993 45.40578630191022
-0.6017478317412994 45.40509999703839
-0.6018141447984015 45.404824526425585
-0.6020446840206596 45.403866845033605
-0.602095960127472 45.403653839312206
-0.6023032966439369 45.40289624659868
-0.6025646295946411 45.40194135479942
-0.602822759749224 45.40099816578675
-0.6030860218442801 45.400036225032835
-0.6033498976797086 45.399072041715755
-0.6036155351634763 45.39810142146239
-0.6037579984312802 45.39758087093191
-0.6038611587865813 45.397151083944
-0.6040258468097265 45.39646496019807
-0.6040765095629473 45.396192965252204
-0.6042520985591813 45.39525027429112
-0.6042748824717451 45.39512795348006
-0.6043954555126854 45.39428031252527
-0.6044728816555339 45.39373599872893
-0.6045011379400999 45.39331256397181
-0.6045628474182527 45.39238781613978
-0.6045624588806084 45.39234803150391
-0.6045530557251698 45.39138518756681
-0.6045449660244204 45.39055683591717
-0.6045301846998604 45.39043480973933
-0.604414190469741 45.38947722758934
-0.6043648482344638 45.3890698862613
-0.6042605524932747 45.38851975354496
-0.60407509681383 45.38754152341276
-0.6040448457906733 45.38738195718933
-0.6038328885855305 45.38659821542937
-0.6036499650102101 45.385921829624216
-0.6035575098830065 45.38566396436531
-0.6032189766140074 45.384719766118
-0.6031448156344477 45.38451292480185
-0.6028052434559213 45.38375328476889
-0.602414844984148 45.382879943763015
-0.6023828524193741 45.382820466627074
-0.6018997868047421 45.38192240298527
-0.6018689036787056 45.38186498839851
-0.6013596027845657 45.38102922386894
-0.6012229383265139 45.380804957020395
-0.6008548796367991 45.380231821095165
-0.6007977870373986 45.38014269942312
-0.6006838888082777 45.37996490403931
-0.6006319210074527 45.37988387897351
-0.6001790469214896 45.379280538578854
-0.5997169896897001 45.37866496396061
-0.5995174151171216 45.378423789034294
-0.5988172726561993 45.377577705265985
-0.598675957292526 45.3774069333987
-0.5980839749193911 45.376754488206416
-0.5975598602941601 45.37617684251465
-0.5973399295582412 45.37593700943635
-0.5965854935412724 45.375114301725354
-0.5958287584340874 45.37428908687099
-0.5954809619966365 45.373909817052855
-0.5950852319679444 45.3734673389719
-0.5943474804872431 45.372642436043805
-0.5940098448248918 45.3722649150848
-0.59362893388336 45.37183985945224
-0.5936144189649406 45.371819994904705
-0.5929867122029263 45.370960940072
-0.592357260265498 45.37009949686073
-0.5920849872846526 45.36972687474773
-0.5917869461283227 45.36922333016617
-0.5912630943751466 45.368338275514326
-0.590734287112454 45.36744484846185
-0.5903158468823697 45.36673788800995
-0.5902151578595063 45.366547520453146
-0.5898218733777525 45.36580395771125
-0.5897482929875446 45.36564384091528
-0.5893275184032267 45.364728201869674
-0.5889808890740772 45.363973908811225
-0.5889048261089832 45.36381223360497
-0.5884697817684006 45.36288752756165
-0.5880374957430644 45.36196868443973
-0.5876049826188972 45.36104935860918
-0.5871743547203264 45.360134039909255
-0.5867449691094934 45.359221361747025
-0.5863150307897366 45.35830750877746
-0.5859868731942819 45.35760999525212
-0.5858955590764616 45.35744194718926
-0.5853148308033572 45.35637321582906
-0.5848109852852893 45.35544597406937
-0.5847476302719675 45.35534741961554
-0.5841614461354327 45.35443555716948
-0.5836248528277469 45.3536008377433
-0.5835929565423793 45.35355790783336
-0.5830379333281055 45.352810889917855
-0.5829621764660045 45.35271162644102
-0.5823319908007679 45.35188590031607
-0.582270779089425 45.3518118439332
-0.5815748255306816 45.35096985141121
-0.5814600733914762 45.3508396507282
-0.5808539818418171 45.3501519639079
-0.5807790613361847 45.35006874575487
-0.5800511779923672 45.34926024737404
-0.5799878518280652 45.34918990766681
-0.5792576027775276 45.348468699259904
-0.578455651190112 45.34767667600927
-0.5776570584662605 45.346887970038736
-0.5773248279986865 45.346559852657315
-0.576849467183983 45.34610855397609
-0.5764968822113473 45.34577381638677
-0.576103864076075 45.34540184614215
-0.5760398732512214 45.34533856749878
-0.5756519863527713 45.34495499756087
-0.5752311441545666 45.34454880816794
-0.574961876309556 45.34428891564061
-0.5744611373681036 45.343751936720096
-0.5741588899677744 45.34342781476887
-0.5737569797514209 45.342923675755664
-0.573474926653689 45.34256988039397
-0.5731132072175986 45.34206462149911
-0.5727239081127325 45.34152083862247
-0.5725284860960299 45.341189858204544
-0.572155987594038 45.34055896864591
-0.5720157710364183 45.34029057532696
-0.5716288590050234 45.33954997374602
-0.5715610789491614 45.339371233541094
-0.5712408700117664 45.33852682274267
-0.5712102800585576 45.33843690152962
-0.5708937079847934 45.33750631674913
-0.5705739263259291 45.336566297178614
-0.570255810440687 45.335631174261046
-0.5699679382883297 45.334784954818744
-0.56993647171173 45.3347012840243
-0.5695816748140586 45.33375786591202
-0.5694959439969647 45.33352990448914
-0.5691869096896546 45.33282166376035
-0.5689788736919807 45.33234488961872
-0.568747611773646 45.33189638885829
-0.5682792704119388 45.330988105045805
-0.5682539321836964 45.33093896502865
-0.5677203646609441 45.33006788960308
-0.5674459166998994 45.32961983970448
-0.5671474085919537 45.32918015177465
-0.5666298918417817 45.32841787476281
-0.5665490042266774 45.328314200001465
-0.5658901785752609 45.327469774163326
-0.5652217326309449 45.32661301786435
-0.564559198129242 45.32576383834213
-0.5638972633745641 45.324915427523855
-0.5637299395441251 45.324700966284446
-0.5632466388197976 45.32406674567614
-0.5627719811224635 45.32344386704513
-0.5626234212462241 45.32321766828077
-0.5620438624898926 45.322335226279115
-0.5618328354172297 45.3220139143321
-0.5615097205479597 45.32144177310992
-0.5610749250890671 45.32067187847209
-0.5610073252143238 45.320531024550995
-0.5605655385265162 45.31961049936507
-0.5603199949932097 45.3190988746084
-0.5601709096363451 45.3186920233667
-0.5598275848379762 45.31775509620322
-0.5597949153139051 45.31766594166307
-0.5595441450989227 45.31679515066752
-0.5592713356245512 45.31584782909744
-0.5592638751699897 45.315821922924115
-0.5590699617223759 45.31486639466868
-0.559016888417681 45.3146048705564
-0.5589264895562618 45.31389390018401
-0.5588051922043613 45.31293991888273
-0.5586820431888971 45.31197137458904
-0.5585585078212421 45.31099979170662
-0.5584365646802742 45.310040731393435
-0.5583137226949303 45.309074601835015
-0.5581891226818685 45.30809464571283
-0.5580978592805086 45.307376875893254
-0.5580538957062805 45.30712461235441
-0.5578865534703799 45.30616440051158
-0.5578298246375433 45.30583888975916
-0.5576880808170898 45.30520955627764
-0.5574809511932943 45.30428991401843
-0.5574730024361594 45.304259736042205
-0.5572229057015831 45.30331022743564
-0.5570579444704491 45.30268394133487
-0.5569552464518777 45.30236908982589
-0.5566457894310198 45.30142035672142
-0.5565568929141066 45.301147817845965
-0.5563678344272338 45.30065291301875
-0.5563019077104226 45.30048086122836
-0.5560198923055804 45.29974487348821
-0.5559433986902115 45.29954311556402
-0.5557829638373024 45.29911995602667
-0.555595340615982 45.29862227858693
-0.555514929194337 45.29840898435731
-0.5552170299193229 45.297688151371034
-0.5548319961578787 45.29675647728063
-0.5544481578007551 45.29582769573458
-0.5540629681837136 45.29489564451719
-0.5536779687158904 45.29396405340776
-0.5536088843705256 45.29379688860022
-0.5533959840252097 45.29328093588235
-0.5533008563589428 45.29302770578518
-0.5529699970700591 45.292146957490154
-0.5529501533884261 45.29209296913671
-0.5525987959314879 45.29113703712167
-0.5524458487133499 45.29072091633203
-0.5522947241184962 45.290182872455254
-0.5520548794877874 45.28932896158089
-0.552031046835588 45.28922864173362
-0.5518057716054839 45.28828038064671
-0.551747915560333 45.288036844611995
-0.5515989395866989 45.28733417287034
-0.5514809985044822 45.286777882727485
-0.5514227129255793 45.28640470280772
-0.5513098214114417 45.285681902297185
-0.5512742763487727 45.2854503197004
-0.5511319387957142 45.28452296445943
-0.5511290948304727 45.28449239687557
-0.5510402539047056 45.28353751444295
-0.5510268856069495 45.283393828944725
-0.5509499412052267 45.28256408452757
-0.5509218324181847 45.28226096813964
-0.5508666684751553 45.28158672988606
-0.5508288864231605 45.281124940837735
-0.5507996377160395 45.28062301045218
-0.5507709581577247 45.280130847099365
-0.5507376839593179 45.279654080031015
-0.5506949622339374 45.27904194472079
-0.5506696611054007 45.278682395107715
-0.5506011695425693 45.277709074297974
-0.5505336101067207 45.27674899977073
-0.5504680063978319 45.27581671771411
-0.5504031667777931 45.27489529398145
-0.5503195576992077 45.273707140978274
-0.5502849940274281 45.2732159630928
-0.5502033895666972 45.27252832712411
-0.5501469720187852 45.27205292743563
-0.5500852812733464 45.271625049737075
-0.5499988917261114 45.27102586487739
-0.5499364274199753 45.27069507514769
-0.5497928831680018 45.2699349135891
-0.5497483610242829 45.269742779029414
-0.5495293999880358 45.268797856373574
-0.5494728807242113 45.26855394844459
-0.5492786964692338 45.26788853672377
-0.5490599322853967 45.26713889689309
-0.5490077064839892 45.266983369665155
-0.5486981840306555 45.2660616189624
-0.5485609296387641 45.26565287855982
-0.5483612173378811 45.265137124781866
-0.5481589708065756 45.26461482639495
-0.5479933534139175 45.26420432234552
-0.5477188277479744 45.26352387510666
-0.5476049794059968 45.263266552792835
-0.5472449708114185 45.26245285412191
-0.5471872903138757 45.262334304757616
-0.5467371773884432 45.26140919829278
-0.5466519045826473 45.26123393910901
-0.5462574170841178 45.26051688460684
-0.5460368591406239 45.26011597946545
-0.5457735993090984 45.2596346695489
-0.5454728501768302 45.25908481908779
-0.5452796175969488 45.258788946058274
-0.5440628277673459 45.25692582704706
-0.5437798919628536 45.25650095767902
-0.5416169883672219 45.253378978074615
-0.5410568909583291 45.25261995015934
-0.539857202371103 45.25089165050732
-0.5394319192938191 45.250278977683465
-0.539275639308214 45.250058557215546
-0.5386799687239662 45.249218411317145
-0.5380602610841365 45.248344363067034
-0.5374438521321525 45.2474749673533
-0.536831171810519 45.24661083057559
-0.5362132906178777 45.24573935838371
-0.5355973702568226 45.24487065178855
-0.5349816493964362 45.24400222657319
-0.5343697499899233 45.243139191214034
-0.5337549508969056 45.24227206607811
-0.5331414106902506 45.24140671650109
-0.5325274405410827 45.24054076052441
-0.5319136698925835 45.23967508592753
-0.531305237733405 45.23881694084449
-0.5306889973409138 45.237947782870485
-0.5300723270059099 45.237078018496824
-0.52945318692691 45.23620477074604
-0.5288401523987375 45.23534013438823
-0.5282262270443676 45.234474241591045
-0.5281848951023421 45.234415946179986
-0.5281228690174863 45.23433883266908
-0.5279548584212703 45.23413096146578
-0.527550079922331 45.23362857066548
-0.5271708710604356 45.23315791561807
-0.5268427675751932 45.23279530929494
-0.5261020224783145 45.23197666862808
-0.5260478822748634 45.2319168351274
-0.5252864497234915 45.23120093752037
-0.5248269183522519 45.23076888689627
-0.5244028113683032 45.230449150824995
-0.5234685982349346 45.229744843543344
-0.5233479780707057 45.22965390748502
-0.5224630874124316 45.22908308401724
-0.5214519429644785 45.22843081701135
-0.5214009550526951 45.22839792583282
-0.5203710523316436 45.227842274264944
-0.5192716182204243 45.22724910922596
-0.5181744388642492 45.22665716066903
-0.5170858387305908 45.226069840761326
-0.5166428279126323 45.22583082823077
-0.516003616852438 45.22548012576188
-0.5149078365888989 45.22487892708477
-0.514898833220426 45.22487398739622
-0.5138632722614358 45.22422812574443
-0.5134139324742689 45.22394788020733
-0.5128823578796788 45.223543301002785
-0.5119504103736124 45.22283399964692
-0.5118569473592255 45.2227628653369
-0.5110944587141335 45.222074951192525
-0.5106609428821715 45.22168383497783
-0.5102978525770965 45.22129308798176
-0.5095453755448266 45.22048329456162
-0.5095189551156526 45.2204548616809
-0.5089401965452401 45.21963229842593
-0.508547958177655 45.21907482785899
-0.5083652886509393 45.21875720543801
-0.5078518608179279 45.2178644665436
-0.5078049490110192 45.217782897154606
-0.5073966946486226 45.21694804471238
-0.5070919284319564 45.2163248184992
-0.5069642851905627 45.21603744770521
-0.5065489054161898 45.21510227860214
-0.5061394570986708 45.2141804633394
-0.5057558530365494 45.21331683278047
-0.5057255949864446 45.21325304282855
-0.5052891919844944 45.21233301901943
-0.5051378273622206 45.21201391246946
-0.5048073915115231 45.21142886852418
-0.5042959490483234 45.21052334838821
-0.5042279251864834 45.21040291064388
-0.5037381882543029 45.2096513448257
-0.503165897421974 45.208773089175835
-0.50304197899346 45.20858292002789
-0.5025180880487641 45.20791514354204
-0.5018523984349779 45.207066623682216
-0.5017459504696566 45.20693094000811
-0.501153150579364 45.20621914964852
-0.5004537456558984 45.20537935583255
-0.499751821048415 45.20453653656597
-0.49905534081294495 45.20370025449951
-0.4984628520562392 45.20298883772617
-0.4983599430742537 45.202857721936866
-0.4977000254930207 45.202016924439214
-0.4974598176209587 45.20171087686072
-0.4971035233458061 45.201147751829446
-0.4965545902675064 45.20028016012663
-0.4964279121852199 45.20007994473159
-0.4960637328224647 45.19941040072038
-0.4956228769337283 45.19859988686293
-0.495592085148644 45.198531955182446
-0.4951927697412875 45.197651000519045
-0.4949579126005898 45.19713286751061
-0.4948143959279975 45.19674074832375
-0.4944723221273869 45.195806127292485
-0.49412868780940605 45.19486724258377
-0.49378524061332746 45.19392886913334
-0.4934457554491843 45.193001320827555
-0.49332884311665987 45.19268189056252
-0.4931045489127317 45.19207168475772
-0.4927586653618814 45.191130687858035
-0.4925569629495657 45.19058194437434
-0.49241065482856394 45.19018727306624
-0.49206357009853346 45.18925099978569
-0.4920279717153602 45.189154971893615
-0.4916797206451228 45.18832242126065
-0.4913218429235035 45.18746685655714
-0.4912879666362962 45.187391471970344
-0.4908703138772196 45.18646207317071
-0.4905529429887148 45.185755830684805
-0.4904534402550426 45.18554231581136
-0.49002256708067504 45.18461773989369
-0.4900049527735625 45.18457994277581
-0.4895620625418756 45.18370023535226
-0.4892578457875068 45.18309597335225
-0.4890950307125881 45.182784537528455
-0.48861424645984947 45.18186488411249
-0.4881356141784925 45.180949347029
-0.4876616744118701 45.180042785878435
-0.48763194280040134 45.17998591467707
-0.4871836943934302 45.1791234363295
-0.48671010730254755 45.178212203617406
-0.486239136033797 45.17730600402962
-0.48577017374412496 45.17640366993455
-0.4852975731980934 45.17549433544131
-0.4848226389383022 45.17458051063073
-0.484352317138911 45.17367556069214
-0.4838763783895806 45.1727598031352
-0.48376881667454874 45.1725528427784
-0.4834192472182476 45.17183977236913
-0.4830069947914852 45.17099883789567
-0.4829715278963672 45.17092102895451
-0.4825522612746857 45.17000122213787
-0.4823228452128808 45.169497918400864
-0.48215754081900813 45.16908247526088
-0.4817849849060813 45.16814616743106
-0.4816949475190404 45.167919885395165
-0.4814233447304249 45.167185488135296
-0.48113689901985746 45.16641095652605
-0.48108286092415714 45.16624257473704
-0.48078216159045783 45.16530560071704
-0.48074183197487513 45.16517993431941
-0.48050078474551405 45.16436443991665
-0.48040394813725235 45.16403682896577
-0.48024210245739374 45.163411360621744
-0.4801219436553555 45.1629469952646
-0.4800143572568036 45.16245522414816
-0.4798488798703748 45.1616988367222
-0.4798073767266433 45.16149398395956
-0.47961175802778616 45.16052844189978
-0.4796108338149823 45.1605238801358
-0.47945246806716063 45.1595606784706
-0.4793908554179413 45.159185942095206
-0.4793245774604795 45.158594248878885
-0.4792163362394418 45.15762793068401
-0.4792008656084731 45.1574898173844
-0.47914554924570296 45.15665660912079
-0.47908482281308223 45.1557419111373
-0.4790828587606077 45.155683285580544
-0.4790507402396853 45.15472457078258
-0.4790182232703536 45.15375396258556
-0.4790069642441041 45.153417888732655
-0.479021849795854 45.15279104160896
-0.4790438446188832 45.15186481517251
-0.4790474678627929 45.15181918743158
-0.4791240244714684 45.150855105190765
-0.47920095612644087 45.14988629996809
-0.479204963427893 45.149835835766105
-0.4793244573313825 45.14892340129782
-0.4793619844174829 45.14863685105674
-0.4794615749172311 45.14795330233975
-0.4795599836012717 45.14727786512549
-0.47961823242307267 45.1469895112252
-0.47980399012127495 45.14606993971921
-0.47981416732640014 45.14602446394201
-0.4800289643365781 45.145064665956504
-0.4800338405378276 45.14504287716097
-0.4802711353225969 45.14411410136971
-0.4805169296082422 45.14315205838861
-0.480607907785652 45.14279596826723
-0.480782421261629 45.14220570966519
-0.4809869560819929 45.14151390958236
-0.4810731237060485 45.14126085154169
-0.4813936256842468 45.140319597752665
-0.48149396810294615 45.14002491101678
-0.48173654850388553 45.139380230377675
-0.48208820548025 45.138445668296846
-0.48244125059863663 45.137507417095705
-0.4827936315386215 45.13657093101225
-0.4828218478595133 45.13649594343817
-0.4831507758888088 45.1356330090673
-0.4834629703342088 45.13481397483082
-0.48350894707145137 45.13468943909304
-0.48385512499395994 45.13375175787487
-0.48387983032792425 45.13368483931612
-0.4841780132655432 45.13280735518945
-0.4842508692499444 45.13259295670523
-0.4844780036959413 45.13185992585403
-0.48456882278402497 45.131566825469584
-0.48474847021428735 45.1309133801756
-0.48486982624686864 45.130471962626395
-0.4849939845952719 45.12994816665694
-0.4851158816765818 45.12943391046153
-0.48521181268939095 45.12897830349878
-0.485320958912096 45.128459933291225
-0.4853974806242971 45.12803086511923
-0.4855139289538695 45.12737792269985
-0.48556181368863494 45.12706968688865
-0.4856899489244062 45.12624487563025
-0.48570448356208235 45.12610389730804
-0.4857959334357664 45.12521688174941
-0.48580225461871024 45.12513082647264
-0.4858735132486924 45.12416072622723
-0.485876958501569 45.12411382326738
-0.48591290755375266 45.12353994228408
-0.48593414861777623 45.12319937722423
-0.4859408472316156 45.123091976115674
-0.4859583334705861 45.12225426327198
-0.4859648753545778 45.12194086138772
-0.4859538228062998 45.12129566888199
-0.48595295442535624 45.121244977144414
-0.4859358180896003 45.12078397245968
-0.4859189235142066 45.12031878439175
-0.48590098662453113 45.1198248964509
-0.485864345163952 45.119353528514914
-0.48581586373930863 45.11872984734319
-0.4857760841943638 45.11839169377699
-0.48568082196297097 45.11758189911206
-0.4856557529522447 45.11742423652232
-0.48551784050877034 45.11655688546352
-0.4854997785977912 45.1164584939688
-0.4853529964093789 45.11565890421701
-0.4853217107489308 45.11549707126817
-0.4851438213544448 45.11457689362564
-0.4851353366625422 45.114543328184475
-0.48491099070558674 45.11365581557875
-0.48489328443000634 45.11358875153359
-0.4846409071529114 45.11263285083993
-0.484638161933522 45.11262351222527
-0.4843678433679307 45.111703949683246
-0.48435726962712455 45.11167510776426
-0.4840127033585009 45.11073523675877
-0.4839649532131467 45.11060498902064
-0.4836698126899282 45.10979776575331
-0.483609933039768 45.10963399208264
-0.4833029691123136 45.10885689650901
-0.48330172646151986 45.10885392050926
-0.4829609874552709 45.10803789141859
-0.4829076232791451 45.10792021726858
-0.4825968403204569 45.10723490507681
-0.4824816735757116 45.10699492303651
-0.48217886273962696 45.10636393218556
-0.48203269488245065 45.10607514531144
-0.4816878694673151 45.105393866570154
-0.4815664582701912 45.10516811087444
-0.4813738274881354 45.104809927302824
-0.481148819949079 45.10441988939986
-0.48106718005864135 45.10427999555775
-0.4805477124940131 45.10338986313501
-0.48049987436458186 45.10330789022091
-0.4799869926370998 45.102504546936615
-0.4795339065685996 45.10179486353237
-0.47941390624421687 45.10161637622007
-0.4788231026968203 45.10073762078492
-0.4785368325979299 45.100311825431405
-0.4782105658704424 45.09985864461978
-0.47759179106214605 45.09899917337673
-0.47696899831422634 45.098134121260784
-0.4765678303666673 45.097576903497654
-0.4765208917078575 45.097511897180496
-0.47634902579436994 45.097271686728
-0.4757257952943086 45.096400621154906
-0.4755808146800283 45.09619798726286
-0.47512028770605086 45.09552835175123
-0.47484283465540783 45.0951249173684
-0.4745275048374709 45.09465177069973
-0.47426299320749177 45.09425487579975
-0.4739553315443767 45.09376047307472
-0.4737658532060501 45.09345598727739
-0.4734120403246532 45.09287864790504
-0.4732908786823797 45.09268094061347
-0.472898921323052 45.091989607434435
-0.4728689895466489 45.09193681385972
-0.4725338996768124 45.09133294428885
-0.4724035589366962 45.09108343487205
-0.4721948982520751 45.09068399870434
-0.4719585104510401 45.090160922182754
-0.471696826928038 45.08958187154491
-0.4715409170622157 45.08923258304499
-0.4712589190436658 45.08860081632288
-0.4711432295768156 45.088302793009504
-0.4709258780835393 45.08774288194797
-0.47079019114918064 45.087371241120394
-0.4705969349428326 45.08684192046915
-0.4704651558967645 45.08643185858426
-0.47026687421501145 45.085814857910904
-0.4701725858454767 45.08549112560531
-0.469896129918025 45.084541934149016
-0.46974086321311137 45.08400883713384
-0.4696322596165142 45.08359195355287
-0.46938324676511206 45.082636097831205
-0.4691335729311815 45.081677704875304
-0.4689538956199712 45.0809879991633
-0.4688812960680447 45.08071635801944
-0.468622024960016 45.079746259740816
-0.46859198365938626 45.07963385610954
-0.4683458374823073 45.078798603736715
-0.4681738198140372 45.07821489300314
-0.46804993506954023 45.07785052231602
-0.4678158194083531 45.07716193967674
-0.467722728528155 45.076905550435605
-0.4674149781632791 45.07605794987212
-0.467381244683973 45.0759764435464
-0.4669937845519335 45.075040268198464
-0.46696384549805176 45.07496792990643
-0.4665745286042653 45.07411314832285
-0.4664819791871752 45.07390994743802
-0.466124213058423 45.07319999397663
-0.4658369451575789 45.07262993766285
-0.4656564887382471 45.07230005137936
-0.4653418540658471 45.07172487836461
-0.4651522308526554 45.0714070734987
-0.4646819188747239 45.07061883965028
-0.4646247458994165 45.0705285558891
-0.46406521768999787 45.069644986143715
-0.4640499233614636 45.06962083435701
-0.4634740561819018 45.068779317296325
-0.4628691455346696 45.06789535889775
-0.4622647096316174 45.06701209424478
-0.4622159629065386 45.0669408604564
-0.46166415616426926 45.06614753865475
-0.4610604599301546 45.06527961634172
-0.4604570040437906 45.06441203957196
-0.4598535711168956 45.06354449581059
-0.4597008331053145 45.06332490734737
-0.45924388445104025 45.06267117886121
-0.45879987162649344 45.06203595687529
-0.4586474188417865 45.061802189099225
-0.4580683637111608 45.060914278587354
-0.4574913963957817 45.06002956948586
-0.4574159262496813 45.059913845209344
-0.4569528889405481 45.05914283802424
-0.4564598304732106 45.05832184236471
-0.45642050826628067 45.05825370182804
-0.4560519111764113 45.05761496851478
-0.45590978521823017 45.057361339683226
-0.455656844131429 45.05690995731003
-0.45541996569331816 45.05646368470282
-0.4549387678928437 45.0555571209872
-0.45479797843392145 45.05529187743273
-0.4544667097652056 45.05465493041821
-0.4539895415507868 45.053737454972136
-0.4535248604459657 45.0528439891229
-0.4535150772791904 45.05282516905664
-0.45304190410422457 45.05191491671103
-0.45256443767685095 45.05099640535311
-0.4520905860910628 45.05008484793554
-0.4516155980458806 45.04917110428915
-0.4511435117833538 45.04826294285792
-0.45104884619374974 45.04808083284082
-0.4506675115250019 45.04735103994222
-0.4501905544525284 45.04643824623908
-0.4497179862048772 45.04553385180683
-0.4497165852918587 45.04553142568817
-0.449201562979524 45.04463950361436
-0.4486823934874259 45.04374039940284
-0.4483789305771648 45.04321485854421
-0.4481561089243708 45.04284772418534
-0.4476254654694837 45.04197340410849
-0.4475589941641463 45.04186388198727
-0.4470811383283229 45.04113482701116
-0.4466958443826998 45.04054699183733
-0.4465426853033925 45.04031950127666
-0.4458502252816737 45.039290975124025
-0.4458138818848256 45.03923699347459
-0.4451666826177446 45.03830671124376
-0.44451351717000304 45.03736785324324
-0.4438758686307848 45.036451299199186
-0.44324256027979375 45.0355409837283
-0.442593782375071 45.034608432368586
-0.4419370132300892 45.03366439442477
-0.44128506305508375 45.03272728325353
-0.4406493794893508 45.0318135536563
-0.440618964447505 45.03176983516894
-0.4404058778376701 45.031437911795926
-0.4400826234647679 45.03093360264299
-0.43952971606551494 45.03007101179954
-0.4393629827953052 45.02981089122171
-0.4390498721387209 45.029295869826434
-0.43900248100022016 45.02921785405257
-0.4384874410996377 45.02836999013354
-0.4381848597120835 45.027871877578015
-0.4379841986168208 45.027524717181336
-0.4377149143304284 45.02705883295221
-0.4374606100744683 45.026586525638315
-0.4369360718661728 45.02561232553592
-0.4364224874213071 45.0246584693423
-0.4362639137267451 45.02436395789006
-0.43595703444347134 45.0237941337444
-0.4358319663069837 45.023561902870874
-0.4357969485773954 45.02349689655371
-0.43574982365406656 45.023421831952525
-0.4354132018992406 45.02287667097747
-0.43481031722396146 45.02190029558665
-0.4344148658457741 45.02125985967949
-0.4342528441156377 45.02096728136285
-0.4337860218479701 45.02012429522063
-0.4332802384806553 45.01921095325059
-0.4327234220180036 45.018205455881926
-0.4321232226890489 45.0171216178735
-0.43165171290863263 45.01627016703591
-0.43117591212338013 45.015410967515656
-0.43116266364329053 45.01538554796234
-0.4306869163526243 45.014472742603594
-0.4304269424921336 45.0139739367509
-0.43023986577316053 45.013562716410064
-0.4298469147796984 45.01269895611775
-0.4295421241901291 45.01204160588613
-0.42946898407047207 45.01188386258223
-0.4291649240940664 45.01111658988447
-0.428983951262771 45.010659918427315
-0.4288208712086154 45.01018358894155
-0.4285138834216939 45.00928692910515
-0.4282498827930514 45.00851582754811
-0.4282241511391456 45.00840317988636
-0.4280197095751904 45.00750817856894
-0.4277537618743525 45.006343916576384
-0.42771493109423514 45.006173923749635
-0.4275264180682833 45.00516482461072
-0.427524941284767 45.005156919475425
-0.4273262015445995 45.00397445406854
-0.427216859770198 45.0033238903431
-0.4271980711658901 45.003080303118
-0.4271085034342565 45.001919090989105
-0.4270799553486695 45.001548975740725
-0.4270318991027452 45.000954978189355
-0.4270193543619204 45.00076850805879
-0.4269659614629886 44.99997485428992
-0.4269654678711845 44.999593980905054
-0.42696391401665734 44.998394970248086
-0.42696391255327865 44.998393841051914
-0.4269684522966393 44.99747111182001
-0.42697192192759936 44.9967658891551
-0.42697911482151246 44.996524478516015
-0.4270079247071888 44.99555755018408
-0.4270364718795656 44.994599439135754
-0.42706501905194255 44.99364132808742
-0.4270689657420434 44.99350886777436
-0.42709538799301394 44.99266722591026
-0.4271259965491317 44.991692235465386
-0.4271574234026651 44.99069117936232
-0.4271719700210982 44.99022781827065
-0.4272201432965076 44.98970274079789
-0.4272518774997862 44.989356845379405
-0.42726584733871775 44.989068880432896
-0.4272950239835554 44.98874494718664
-0.4273258245138636 44.98840298477716
-0.4274041177037808 44.98779681378287
-0.42743497552204823 44.98755790265407
-0.4275722254175991 44.98684310067487
-0.4276158383700811 44.98661596298104
-0.4277842777135212 44.98589459380312
-0.42783395412193137 44.985681846417826
-0.4279518595625131 44.98523183133971
-0.4280390367519306 44.98494703346582
-0.4282359129541199 44.98430386150562
-0.42834123669841534 44.98400979990276
-0.428509908061696 44.98353887312574
-0.42869734438337914 44.983086332258054
-0.4288209698085704 44.98278785458478
-0.42909291664288135 44.98217477302898
-0.4291899598208806 44.98195599724254
-0.42952675023537296 44.98127265008343
-0.4296138978663213 44.9810958276934
-0.4299659378073946 44.9804848800708
-0.4300159715432157 44.980397400316214
-0.43034796633604094 44.979816935505355
-0.43052823594143064 44.979529220439794
-0.43057297387509735 44.979457817512554
-0.4311022669943503 44.97867294258634
-0.43124184976313673 44.97846595894842
-0.4317110173290727 44.97781938146079
-0.431931959806352 44.97751489231396
-0.4323380691729968 44.97697044106015
-0.4324749208794889 44.97678697057337
-0.43294320706046147 44.97610694277825
-0.4332069404394986 44.975723958962945
-0.4334923144087863 44.975238786368934
-0.4337839879196283 44.97474290374092
-0.4339906790132059 44.97434592340248
-0.4343379385993914 44.973678960807895
-0.4344420577116791 44.97343487743714
-0.4348340449394262 44.97251595331515
-0.43507591862401185 44.97194893595462
-0.4352406074936283 44.971590909635616
-0.43545496692035274 44.971124901722185
-0.4356856309615041 44.97067755009431
-0.43586381753974746 44.97033197366443
-0.4361748792866218 44.96979888461081
-0.43619084884393033 44.96977452981
-0.4365388401569167 44.969243816343926
-0.4367879436339259 44.968904865073675
-0.4372788690912471 44.96823687035375
-0.43742925963401413 44.96805264411339
-0.437922971798248 44.9674478538509
-0.4381355080866928 44.967203913196016
-0.4386339434676009 44.96663182899278
-0.4388809467398164 44.96638105666248
-0.4396303985374651 44.96562016887318
-0.44052735214616207 44.9647095285217
-0.4413708245549206 44.963853185447405
-0.4421739006528385 44.96303785509701
-0.44219211796963137 44.96301944140402
-0.44297579971171647 44.962227311851734
-0.44365991898611007 44.96153581801509
-0.4437703187129496 44.96143498205231
-0.4443759197974783 44.96088184328858
-0.4446824633007896 44.96062750377887
-0.445204983171932 44.960193968419595
-0.445679117041297 44.959821524976306
-0.4456939275345339 44.95980989098124
-0.44624396665939614 44.959415941523375
-0.4467979810219369 44.95905122496713
-0.447232844991226 44.95876494702917
-0.4480329512491335 44.95828245051891
-0.44811499375361935 44.95823297556265
-0.4492866000582435 44.95758573108692
-0.4495108600596531 44.95746184045364
-0.4505084165074746 44.95695747952264
-0.4516613905895594 44.956374539998045
-0.4527764684348801 44.95581076067365
-0.45280587940229206 44.95579589059493
-0.4540552953675613 44.95518538193846
-0.4551918146533536 44.954630038576845
-0.45639539157831543 44.95404192849035
-0.4576641262216608 44.9534219800472
-0.45840294193632025 44.953060968661184
-0.4589678724421348 44.95277006771569
-0.4596129162523057 44.95243791384484
-0.4600249333685249 44.95221681786068
-0.4602464887844606 44.9520884224225
-0.4607288269861526 44.95180889856388
-0.46147042611018374 44.95132060612239
-0.4615958883224998 44.95123799781288
-0.462399992251396 44.950674920171686
-0.4626186599183022 44.95048722450792
-0.46285894802642497 44.95028097071381
-0.4632029785931776 44.94996599741204
-0.4636054666070595 44.949543725807224
-0.46365392499388586 44.94949288553356
-0.46376493864726137 44.94935896134434
-0.4640719025747158 44.948948993137826
-0.4644065070511207 44.94849517032576
-0.4645748167762492 44.948266892468936
-0.4648959368071542 44.94774795951876
-0.4650848192294547 44.94739933722459
-0.4651868819859672 44.94721095891023
-0.4654688864678641 44.94661398112656
-0.4654954121028336 44.946539500764274
-0.46571997103959256 44.94590896992182
-0.46585995239222183 44.94536756908616
-0.4658818349066786 44.94528293487317
-0.46606916934259984 44.9442006733707
-0.46615098713675857 44.94372799866784
-0.4662595122504362 44.9430742129674
-0.46644448618584944 44.94195987813901
-0.46662479385099415 44.9408736542305
-0.4666879877452847 44.94049295650034
-0.46681244718187154 44.93980658575561
-0.4668388620057448 44.939660912893586
-0.46693087667817346 44.93908386541345
-0.46698284447899857 44.93875697118246
-0.4669861901385775 44.93873605731044
-0.46715711939133336 44.93766757068443
-0.4671609133592452 44.9376438544164
-0.4672978177807737 44.93680398769984
-0.46732655159260217 44.93663196692743
-0.46749572949338264 44.93561914922888
-0.4675779596174797 44.935126861969984
-0.4676776216495181 44.934595124792835
-0.4677578911429172 44.93416685463861
-0.4678785400877564 44.93355423767826
-0.4679089516678963 44.93339981734901
-0.4680879518707384 44.93289895205719
-0.4682008281693047 44.9325789496134
-0.4682197314327923 44.93252780394143
-0.46839193556588743 44.932061879308414
-0.46867435704015525 44.9314925304902
-0.4687188297968841 44.931402875439886
-0.46920684283689057 44.93063192659539
-0.4692945488991549 44.930501038649
-0.46994724875321225 44.92952698347767
-0.4705979860020773 44.92855585719583
-0.4709228978512338 44.92807097572247
-0.4712434698435019 44.92757369315401
-0.4717899591875812 44.92672595963015
-0.4718884689642285 44.926577108460286
-0.4725569844744737 44.92556696186208
-0.47320829971828854 44.924582805372346
-0.4736138613584755 44.92396998980574
-0.473848728108296 44.92359020416339
-0.4744518654298454 44.92261491542939
-0.4744676246058264 44.9225867836168
-0.47503932990549447 44.92156622858487
-0.4753498466763611 44.92101192297813
-0.4755815531297652 44.92056983827987
-0.47611601394182945 44.919550112918905
-0.4766428949678591 44.91854484942283
-0.476656204114964 44.91851952670931
-0.4770849006716512 44.91770386511916
-0.47720540659287225 44.917495036794136
-0.4775159167688172 44.91695694439762
-0.4778609392281525 44.91649560168803
-0.47797282363413623 44.916345996775014
-0.47843084808656977 44.915842896308966
-0.4786961065087093 44.91560284251851
-0.47891699848138536 44.91540293951488
-0.47949795751641594 44.91487785983558
-0.479668252965784 44.91475053558498
-0.480036820770133 44.9144749696808
-0.4806058588759421 44.91407990263581
-0.4807736453991836 44.91398667992679
-0.4814768317671902 44.91359598741522
-0.4819492535374853 44.91335606303017
-0.4831098097821877 44.91276666228526
-0.4836568716985778 44.91248883111378
-0.4842336204130852 44.912199621856814
-0.4846219081719646 44.912004915893185
-0.48499592732629015 44.91181697499343
-0.4853136914674692 44.91165870325478
-0.48637773434898446 44.91112872552906
-0.4875511559449025 44.91054426853064
-0.48756581889612566 44.91053696521827
-0.4882779081525931 44.91013482012156
-0.4886893075687946 44.90986165673245
-0.48943591466775344 44.90936592018677
-0.48971195868503953 44.909154882486646
-0.48976347327782666 44.90910997095791
-0.4900708904133191 44.908841958094584
-0.49044490956764464 44.90848190877919
-0.49063224933266614 44.90828184435878
-0.4908699652001999 44.90802798214617
-0.4913188626911982 44.907439945059416
-0.49132364257504113 44.90743287369568
-0.4916669910773707 44.90692492366414
-0.4918872408771096 44.906539579473154
-0.4919979831277873 44.9063458272743
-0.4923007149890933 44.90566347926946
-0.49249083904529 44.90523494568247
-0.4926749262923989 44.904778807258744
-0.4930305211988898 44.90389770059504
-0.49338824233855777 44.903011325469414
-0.4934489837314706 44.9028608181222
-0.4937564649644903 44.90210482887041
-0.4941693674365982 44.901089645511455
-0.4942778608414053 44.90082289801887
-0.4945346223828995 44.90016984358263
-0.4946788883509983 44.89980291351235
-0.4946928310458787 44.899767286877534
