43.678781993957955 49.772685947403744
43.67885798988174 49.7727099755267
43.67996659611216 49.773053753157235
43.6801379996569 49.77310690521688
43.68027490407843 49.77314881473367
43.68033786148588 49.77316799997914
43.68050084294008 49.773219967779966
43.68075397642152 49.77317787199865
43.68138864026227 49.77302427369651
43.68285737551555 49.77266881742703
43.68423933373693 49.77233436251908
43.685580880536605 49.77200968778981
43.68705668480114 49.7716525207121
43.688360840411846 49.77133689521924
43.68859198738467 49.77128095413627
43.68970108252488 49.77101225518149
43.69108690896912 49.77067651291414
43.69247219972878 49.770340900426355
43.69352483064364 49.77008588098182
43.69384289522786 49.77000155525952
43.694882885252305 49.76972583166642
43.695200816057614 49.76964248094043
43.69662304588973 49.76926962028319
43.69813578954115 49.768873029957646
43.69974068939114 49.76845227938741
43.70104746012522 49.768109688208554
43.70235347073888 49.76776729630762
43.70364775697753 49.76742797814208
43.70494474099472 49.76708795271007
43.7059749373639 49.76681786999444
43.70623694775782 49.76674332228583
43.70751801797265 49.76637882968824
43.708719917581675 49.76603686286592
43.70879496940243 49.766011493731945
43.70991182423931 49.76563397271113
43.710024579499695 49.76558916035803
43.71121213077844 49.76511719153771
43.71160794895011 49.76495988141656
43.71238884451929 49.76461312272361
43.71276986702017 49.76444392869869
43.71348533222968 49.76404486848391
43.714561401853906 49.76344467637161
43.71564017843806 49.7628429744165
43.71605091652387 49.762613879798664
43.71671204509203 49.762231867750174
43.71779055874587 49.761608683047434
43.71888347349446 49.76097717713158
43.71997425177141 49.76034690570769
43.721037637574966 49.759732462150545
43.72138981643445 49.75952896683356
43.72207886405845 49.75912783003553
43.72313118412769 49.758515210111504
43.72419419337172 49.75789636736454
43.72527824706347 49.75726527335645
43.72635581477782 49.75663795523281
43.72635923183669 49.756635944357946
43.727438898962994 49.756000580563686
43.72836095232578 49.7554579695044
43.728515276070254 49.7553687587146
43.72955807222046 49.75476594371376
43.72959793499704 49.75474290001563
43.7302338420652 49.75438285070023
43.73060692989693 49.75419695871018
43.73071331263843 49.75415835966238
43.73106998349137 49.75402894811397
43.73154998715706 49.75390787617656
43.73225043833239 49.75382089204368
43.732290947413986 49.75381586150414
43.733116844291615 49.753768922845325
43.733634846534514 49.75376935741097
43.73422698082537 49.75376985416792
43.73474982533045 49.75382685111076
43.735045145201894 49.753879673206825
43.73543192599934 49.75394885437076
43.73633515054459 49.75423199934926
43.73733983346835 49.754546949741545
43.73762345592908 49.7546342838056
43.7389965341469 49.75505708706567
43.74040635096889 49.755491203010926
43.74183225159211 49.75593027153901
43.74328917194224 49.7563788917747
43.744813781314335 49.75684835506127
43.7463401943164 49.757318373728175
43.74784751746728 49.757782514178366
43.74935427918786 49.7582464817509
43.75084963268332 49.758706936461074
43.75233425872305 49.759164087933904
43.753070989692304 49.75939094482491
43.753128917957746 49.75940789489615
43.75313785865466 49.75941087512845
43.75381577197937 49.759617877097334
43.75530355469785 49.76007217404175
43.756793789532 49.7605272197438
43.75696987860582 49.760580988837354
43.758308863895614 49.76098919915603
43.75948891996195 49.76134895744955
43.75982795100858 49.76145258071647
43.7602378895932 49.761577876543505
43.76137138458784 49.761929553149194
43.7629370494158 49.762415314175875
43.76450740206811 49.762902529640535
43.76576642594269 49.76329315266471
43.76702684564101 49.76368420875525
43.76776390748688 49.76391288855477
43.76828899141962 49.76407885054366
43.7695579610723 49.764479930664905
43.77083524338303 49.76488363814756
43.77211572844645 49.76528835791638
43.77339618902192 49.76569306994536
43.774675622718725 49.76609745741133
43.77596742761232 49.766505755011075
43.7772753687091 49.76691915274093
43.778580058077296 49.767331522704914
43.77987509021153 49.76774084033069
43.780349987306074 49.7678909398889
43.78117376157333 49.76814716667364
43.78245955659517 49.768547100414445
43.78372204602065 49.76893978518152
43.78436883056988 49.76914096107649
43.78525044590122 49.76932986595398
43.78529288884907 49.76933896026028
43.78670682281346 49.769555958425016
43.786722449040575 49.7695579386996
43.78758282484672 49.76966697207839
43.788333995299176 49.76973849718307
43.78847484562862 49.76975190869909
43.7890708920897 49.769791955570696
43.7895598364523 49.76980387649992
43.78979441272466 49.76979876272257
43.79015793182309 49.769790837983585
43.79070387312853 49.769750977376496
43.7908158181045 49.769739987769874
43.79129954567368 49.76969380184645
43.79133083949978 49.76969081393683
43.792001950562046 49.76961388669045
43.79275349665601 49.769527116461504
43.79371688798927 49.76941588750666
43.793864968281945 49.76929798206608
43.79389290795981 49.769238936213526
43.793897937101825 49.76919497778702
43.79387986944347 49.769147852863696
43.79383199946207 49.76907893499163
43.79377215113728 49.769024893732016
43.79373793587993 49.76899399837093
