-1.8594771249052024 52.96484256045956
-1.859538169235498 52.964301597555576
-1.8595699636542045 52.96401984164163
-1.859682144396168 52.963883003823334
-1.859919954685568 52.96359292336388
-1.859904565477403 52.963590816763165
-1.8594518719491036 52.96352884836932
-1.859006886013006 52.96352195658211
-1.8589280631362104 52.96352065818196
-1.8583704757410544 52.96351147339213
-1.858271886220691 52.96350984938837
-1.8580638287528717 52.9635569743117
-1.8575309259637651 52.963677859984585
-1.857481334028461 52.963685505158686
-1.856847048493871 52.96378328765727
-1.856758859532152 52.963796883012286
-1.8564839331019805 52.96379483410257
-1.8559284023370457 52.96378803834211
-1.8553572574400996 52.96378105157531
-1.8553419453354616 52.96378086426364
-1.8547628489456216 52.96377397247644
-1.8544838246960305 52.96377397247644
-1.8544279453403043 52.96374882676636
-1.854392667637036 52.96373267831811
-1.854200888891538 52.96364489116471
-1.8539539021392293 52.96357783593784
-1.8538567101512136 52.963555468985945
-1.853571873610583 52.96348991908483
-1.8533679139621837 52.963457881587544
-1.8529474580327976 52.96340537161461
-1.8523590081844667 52.96333188118804
-1.8523268815650096 52.96332786895322
-1.8521668803431144 52.96317997492507
-1.8519739103013408 52.962694942117366
-1.8519739103013408 52.96244981801025
-1.852014855438906 52.96240399199536
-1.852198917840397 52.962197988380446
-1.8525109109098667 52.9619819215383
-1.8526498642411051 52.96188897554328
-1.8529021783254875 52.96164205855161
-1.8530678418219353 52.961479938659366
-1.8537827305564132 52.96087489091036
-1.8538618874668007 52.9608078962745
-1.8538618874668007 52.960503912579355
-1.8535508257199265 52.96021389872314
-1.85328297734148 52.95996784329343
-1.8531538960297531 52.95973594396716
-1.85293038854251 52.95974841648319
-1.8524028774887968 52.95977785348395
-1.8519098353067749 52.95957091360325
-1.851723572902916 52.95945374529845
-1.8515648734174268 52.95935391543851
-1.8513538357173016 52.95927289037272
-1.8511118781070088 52.95921291319757
-1.8508609797997992 52.959192982894024
-1.850431826347824 52.95919186530691
-1.8502847888216896 52.95919530160826
-1.8501289602397897 52.95919894335864
-1.849166903998708 52.95898492542621
-1.8489759828666448 52.95892997739307
-1.8488502280652357 52.958875275540926
-1.8486608233003503 52.95879288670703
-1.8485738377699368 52.958820826384894
-1.848504919897875 52.95882399288171
-1.8482409830743296 52.95893090871567
-1.848052855910052 52.959068930724314
-1.848052855910052 52.95910897759592
-1.8480308766968 52.95914697555781
-1.8480098108549552 52.95916370727908
-1.8479919474123108 52.95917789546798
-1.8479438911663864 52.95919782577152
-1.8479008640624777 52.95920788405555
-1.8478619347779883 52.95921198187497
-1.8478298972807057 52.959210864287854
-1.8477838899444912 52.95920490382325
-1.8477449606600025 52.95919391421662
-1.8477019335560936 52.95917286632597
-1.8476779054331312 52.959153867345016
-1.8476609553618943 52.95913393704147
-1.8476469855229627 52.959093890169875
-1.847649965755268 52.95906483290489
-1.847662818007085 52.95903987345934
-1.8476849834848563 52.95901696292349
-1.8474098707901656 52.95883386490123
-1.847331203981167 52.95879077027976
-1.8472949455818897 52.95877090749377
-1.8466998304434084 52.95850883331542
-1.8460618744655373 52.95829798187982
-1.8460374732402336 52.95829183618137
-1.844526874482583 52.95791137641662
-1.8437588999515528 52.95771795416738
-1.843104830561211 52.95754605281811
-1.8427199164640884 52.9574448903824
-1.8417498508486865 52.957202932772105
-1.8417117607207627 52.95719269020891
-1.8413778806040708 52.95710290872535
-1.8413318732678563 52.95709285044133
-1.841181930329992 52.9570809295121
-1.840903837402996 52.95704498045992
-1.840830821711514 52.95706882231836
-1.840097839179062 52.95748164323285
-1.839134883265232 52.95802398677224
-1.8389907228549096 52.95809394071766
-1.838250871857648 52.95845295395969
-1.837770207244457 52.95863844765618
-1.837343949914216 52.95880294499106
-1.837046858006273 52.958900920128094
-1.836852956641904 52.95896592644526
-1.8364582673302516 52.959096896717135
-1.835240837229211 52.95950087814408
-1.8351245430028968 52.95954686887392
-1.833884143826631 52.96003740795937
-1.8338678814590248 52.960043839217214
-1.8337853227162264 52.960209505979954
-1.833352081925396 52.96107886998515
-1.8332239650165432 52.96133595618611
-1.8332239650165432 52.961998
-1.8332239650165432 52.962196870793335
-1.8332239650165432 52.962898
-1.8332239650165432 52.963806
-1.8332239650165432 52.96417295107632
-1.8332239650165432 52.96441192845431
-1.8336373578487255 52.96472191815469
-1.83457898247876 52.96542801152208
-1.8353268914370289 52.96598884387289
-1.835551029289348 52.96613077872519
-1.8366416916665171 52.966821438521386
-1.8370008506700584 52.96704887525102
-1.837346155865465 52.9676211649368
-1.837686862893854 52.96818583387552
-1.8376486295718673 52.96848636944355
-1.8375305761810827 52.96941433596632
-1.8375158720653328 52.96952991864524
-1.837242150337636 52.970405903713086
-1.836944416759429 52.971358733329126
-1.836666228618394 52.972249012152254
-1.836570952160007 52.97255392311261
-1.8365869709086489 52.972724913941136
-1.8366350149754311 52.97323459882352
-1.8367242475028072 52.97418123954873
-1.836796891021659 52.97495189253133
-1.8374268376252096 52.97474588397322
-1.8380568468810377 52.97441853185306
-1.838652830689836 52.97410885931795
-1.839106416351412 52.973783558761426
-1.8391408437298429 52.97375886828659
-1.8394058981405024 52.97342191577156
-1.839686971299804 52.97318889885818
-1.8399309778198072 52.97302982895888
-1.8399854524071624 52.973006347675565
-1.8403388971166064 52.97285399525286
-1.840940904042294 52.97266083894657
-1.8412589873486087 52.97252983242514
-1.8413899877978113 52.97247587827912
-1.841923821909513 52.97216090497734
-1.8424056998422629 52.971908237017296
-1.8425589839195975 52.971827864017214
-1.843668934188834 52.97137691761651
-1.84371980166538 52.971366148473194
-1.8441079596603205 52.97128397162148
-1.8450258712103784 52.97123498405296
-1.8452522254691912 52.97122919997417
-1.8464399914392824 52.97119884873626
-1.8468581573952163 52.97114459970455
-1.8473258654920577 52.971083923527985
-1.8481718789377484 52.97090399200255
-1.8483049213231877 52.970856010776345
-1.8491289060368143 52.97055884384868
-1.8498157719364816 52.97042067832164
-1.849903952700733 52.970402940446206
-1.8504999991618096 52.97022990070797
-1.850939955955892 52.96998384527826
-1.851047830137366 52.96981821169253
-1.8511528563012076 52.96965695104726
-1.8510129716473736 52.96905699303129
-1.8510140253319536 52.96890304971419
-1.8510148342925643 52.9687848605689
-1.8510768603774204 52.96837489236239
-1.851311926200507 52.968178942088315
-1.8514844725841884 52.968034986562536
-1.8516008224696103 52.96793791580061
-1.8519008946098587 52.96768683122889
-1.8522415694371743 52.96722939075465
-1.8526329141698683 52.96670391336167
-1.8525898870659592 52.96657799854676
-1.8524779420899884 52.96645487769965
-1.8523479294556664 52.96628891601314
-1.85231880824548 52.96625167226933
-1.85196794983673 52.96580295188284
-1.851637668370795 52.96540088393925
-1.851194952082521 52.96486194353242
-1.8509681581836224 52.964550093969336
-1.850530919071978 52.96394887485986
-1.8510079425053585 52.96377285488932
-1.851307459663085 52.9636782638946
-1.851450879531746 52.96363297023549
-1.8517209630844211 52.963546916027674
-1.85223095533768 52.96338598348318
-1.8523268815650096 52.96332786895322
-1.8523590081844667 52.96333188118804
-1.8529474580327976 52.96340537161461
-1.8533679139621837 52.963457881587544
-1.853571873610583 52.96348991908483
-1.8538567101512136 52.963555468985945
-1.8539539021392293 52.96357783593784
-1.854200888891538 52.96364489116471
-1.854392667637036 52.96373267831811
-1.8544279453403043 52.96374882676636
-1.8544838246960305 52.96377397247644
-1.8547628489456216 52.96377397247644
-1.8553419453354616 52.96378086426364
-1.855339339004153 52.96377163831211
-1.855299849554148 52.963631852648376
-1.855116937796405 52.96362589218376
-1.855299849554148 52.963631852648376
-1.855339339004153 52.96377163831211
-1.8553419453354616 52.96378086426364
-1.8553572574400996 52.96378105157531
-1.8559284023370457 52.96378803834211
-1.8564839331019805 52.96379483410257
-1.856758859532152 52.963796883012286
-1.856847048493871 52.96378328765727
-1.857481334028461 52.963685505158686
-1.8575309259637651 52.963677859984585
-1.8580638287528717 52.9635569743117
-1.858271886220691 52.96350984938837
-1.8583704757410544 52.96351147339213
-1.8589280631362104 52.96352065818196
-1.859006886013006 52.96352195658211
-1.8594518719491036 52.96352884836932
-1.859904565477403 52.963590816763165
-1.859919954685568 52.96359292336388
-1.859682144396168 52.963883003823334
-1.8595699636542045 52.96401984164163
-1.859538169235498 52.964301597555576
-1.8594771249052024 52.96484256045956
-1.8594729198397604 52.96487982492625
-1.8594729815377529 52.96488203062949
-1.8594737348656245 52.96490896210089
