-1.53178799595955 48.73455499264348
-1.5316898345579917 48.7345268667011
-1.5307769521499488 48.73407983185529
-1.5307218178522992 48.734024883822165
-1.5307168443504504 48.73400101101329
-1.530705985368177 48.73394888789838
-1.5308099209698272 48.73380583674772
-1.5312679454222606 48.73339493721861
-1.5313965443081818 48.73320959959426
-1.5314469456251028 48.733136960859675
-1.5314679935157596 48.733004899315645
-1.5314089476632091 48.73279795943494
-1.5311456362074614 48.73232959981622
-1.5309518545333711 48.731984914809125
-1.530772854330529 48.731807963516
-1.5306268229475652 48.73173699673423
-1.530490849848632 48.73170086141752
-1.530244476068143 48.731666911803906
-1.530106958674795 48.7316479622941
-1.529395987005442 48.7316118269774
-1.5288420719349605 48.73161575545308
-1.52868687798128 48.731616856119416
-1.5280409126290884 48.731655971668424
-1.5274372295237666 48.731733526577166
-1.5265779910961834 48.73184391256818
-1.5260871370152946 48.731851597017155
-1.525423896135924 48.73186198022653
-1.5248949049017184 48.731987895041435
-1.5247194473918508 48.732000856146286
-1.5244208617006434 48.73202291277102
-1.523401469227689 48.73178601699469
-1.5226519075628795 48.7316118269774
-1.5219724031012567 48.73160425736811
-1.521932926519206 48.73160381760308
-1.5217269179610964 48.73160288628048
-1.521460932227841 48.731546820660235
-1.5209429306002615 48.731206887912904
-1.5207976055878905 48.73115037263032
-1.5205338937163475 48.73104781801361
-1.5195515120068506 48.7307372743563
-1.5188068490953783 48.73050187670816
-1.51866789576414 48.73034895353799
-1.5188308772183403 48.730335915021655
-1.5196458631651433 48.73047277713122
-1.5198368918859264 48.73050485694047
-1.5199508857716073 48.73050988608248
-1.5203528446037955 48.73052385592141
-1.5205718916782414 48.730533914205445
-1.5209146743358857 48.73053131490568
-1.5209649098135138 48.73053093397314
-1.5213959259106795 48.73051286631479
-1.5221739528069038 48.73047896617231
-1.5222259206077289 48.73046499633338
-1.522250788939693 48.73045821014403
-1.5228709546373254 48.73028897636284
-1.5231039715507024 48.73020795129705
-1.5231838790293906 48.730201990832434
-1.5233818782131794 48.73018597208379
-1.523649809697315 48.73020573971073
-1.5243159947763978 48.73025488995585
-1.5245948327614702 48.73030983798898
-1.524854858030115 48.73049386733384
-1.5249690180672473 48.7305291451956
-1.525145989473447 48.73058383309656
-1.5263203503952305 48.73051821946208
-1.527632993332289 48.73044487976532
-1.5276690584738246 48.730438771735194
-1.5278749509425822 48.73040390157112
-1.5285779132376145 48.730227881600584
-1.528636959090165 48.73017386489005
-1.5286229892512333 48.730070860610994
-1.5280120635640533 48.72957915554142
-1.5275558798213873 48.72921199491349
-1.5270693325161806 48.72888146076776
-1.5261109785756188 48.72823040649686
-1.5254699034721382 48.72779489445228
-1.525227945861845 48.72759298371359
-1.525179190000012 48.727552114743304
-1.5243093134165444 48.72682295195327
-1.5236769212114123 48.72629285737037
-1.5234752023378286 48.72608609327261
-1.5228428286949431 48.72543790322776
-1.5227222182401832 48.72531387209833
-1.5223108572284323 48.7248908443352
-1.5219606154273002 48.72454060253407
-1.5216758814828668 48.72425586858964
-1.5214989301897346 48.724047997386336
-1.5212594444097658 48.723756621819554
-1.5208799731928104 48.72329492993567
-1.5206739646347007 48.72305595255768
-1.5206028674396923 48.722945352756696
-1.5200535863035054 48.72209088326124
-1.51961393325658 48.72140695277021
-1.5195252885535884 48.72122097741928
-1.5191329982682988 48.72039795787032
-1.519103242511431 48.72035940111494
-1.5184685278343482 48.71953695392774
-1.5182469379510046 48.71924982337467
-1.5176665841529888 48.71879754702121
-1.517072912687203 48.71833489205691
-1.5168509102254342 48.718054854705024
-1.5162057963623043 48.71724109806261
-1.5160939063748846 48.71709995829537
-1.5153963455464037 48.716481658970686
-1.5152218158965218 48.71632696054117
-1.51474332825269 48.71569217249103
-1.5141332875684286 48.71488285893516
-1.5139388258890545 48.71462487536575
-1.5137359838277693 48.714126990306234
-1.5136811001106307 48.71399163317917
-1.513495888862667 48.71353485540006
-1.5132234386394243 48.71312952926623
-1.5126506954923642 48.71227745521501
-1.5121018852018242 48.71146098624455
-1.5120814503207551 48.71144325176713
-1.510573957351758 48.71013496913317
-1.509618979162402 48.71026591309009
-1.5086049551204954 48.7077979082122
-1.5084438363114856 48.7069869124961
-1.5084342463062606 48.70657984357866
-1.5084138477239128 48.70571398077266
-1.508403590878412 48.70564014575269
-1.5082791503333646 48.704744346929566
-1.508172821436215 48.70397892677737
-1.508148505240556 48.70380322455777
-1.5080224831389335 48.702892623109875
-1.507897941081923 48.701992716062016
-1.5078658575087605 48.70176088888409
-1.507482659006218 48.70111452002588
-1.5069821799653031 48.70027032553115
-1.5064603603986024 48.69939013441537
-1.5059386736124971 48.6985101672703
-1.5054163387431925 48.69762910695603
-1.5049110211204284 48.69677675087246
-1.5044142599361876 48.6959388275577
-1.5039006514360882 48.69507248664673
-1.5037989579990274 48.69490095291065
-1.5035719015502609 48.694251821061634
-1.503531895421215 48.69419062950069
-1.5033418648691892 48.693899967385086
-1.5027104205659272 48.693447313107725
-1.5019439496534457 48.6928978642724
-1.501827906858055 48.692800820457954
-1.5018024287330725 48.692778702922645
-1.50093738547976 48.692027759722926
-1.5000942961776262 48.69129587472669
-1.4998339451812344 48.691069864282085
-1.499276552706189 48.69055445213791
-1.4985058791601482 48.68984182230775
-1.498470165593516 48.68980359690029
-1.49800799410063 48.68930891951864
-1.497819866936353 48.68912190994148
-1.4977355338404972 48.68903858600621
-1.4972439370433377 48.68855287183567
-1.497004838319534 48.68825928547346
-1.4963526121801134 48.68745842507333
-1.496348936029127 48.68745391117306
-1.4963403147392198 48.687450079488656
-1.4962969682283025 48.68743081437269
-1.495464924621543 48.68749097781236
-1.4948690410648604 48.68756586873984
-1.494677957028403 48.68758988427199
-1.4935346504491238 48.68788774244188
-1.4922668091371702 48.68821804482947
-1.4912618657483578 48.688479856144184
-1.4909725404512923 48.688534304303786
-1.4908738767551006 48.68855287183567
-1.4905438160272797 48.6885698219069
-1.490227911402909 48.68851394255118
-1.4900429507354562 48.68845992584065
-1.489947955830722 48.6884848852862
-1.4897609462535593 48.688535921764434
-1.489714938917345 48.68855287183567
-1.489569954216038 48.688637732257845
-1.4885230730700696 48.68925047812145
-1.4877399762214716 48.68970882944112
-1.4876079146774392 48.68975986591935
-1.4874879603271476 48.68973397515119
-1.487416758612492 48.68968711774443
-1.4873648394800314 48.68965295008539
-1.4867829491224054 48.68917499532942
-1.4865533556146813 48.6889953463242
-1.4858778898241645 48.68846681762785
-1.4856300836656593 48.688328374581786
-1.4845658965408806 48.68773384009554
-1.484404910007229 48.68764390098253
-1.483376916126391 48.68725982354417
-1.4833498980862911 48.687250123719174
-1.4821243985016486 48.68681015355638
-1.4818899664705238 48.68672598943247
-1.4812309626019962 48.686438955808555
-1.4809588301396108 48.68632291301317
-1.4809338706940534 48.68631695254855
-1.4809246327650123 48.68631481345176
-1.480678874567424 48.68625790669601
-1.480523902487544 48.6862549264637
-1.4803618523559388 48.68626684739292
-1.480262945896304 48.68627094521234
-1.4798598694770009 48.6862998162128
-1.479818891282802 48.685955971910566
-1.479752919797605 48.685850671270735
-1.4796929764678994 48.68575499249447
-1.4793049874746425 48.68546199840595
-1.4788834524424477 48.685147163897824
-1.478842865202789 48.68511685025208
-1.478566821185503 48.68493785004924
-1.4783168542008889 48.68468099127742
-1.478161882121009 48.68453682253965
-1.478133942443146 48.68451093177149
-1.4780568289322442 48.6844388474026
-1.4780474424699417 48.68443020330126
-1.4779178756010058 48.684310883677995
-1.4774609687356868 48.68425686696746
-1.4770679506004143 48.68428387532273
-1.476900871326794 48.684127971920255
-1.4768251919516044 48.68406153392091
-1.4767879950282274 48.6840288791961
-1.4762988644011066 48.68366082050638
-1.4762059184060825 48.68358799107942
-1.4759669410280944 48.6833838451665
-1.4759113718713277 48.68335120835378
-1.475452850955416 48.68308191038106
-1.4754129903483315 48.68305583334839
-1.4753999518319951 48.68304186350946
-1.4754018144771863 48.68297890610201
-1.475952971189163 48.68249592220402
-1.4754018144771863 48.68297890610201
-1.4753809528510486 48.68293699658521
-1.4752388330229855 48.68284982479028
-1.4747497448101006 48.68232538854624
-1.4746718438268864 48.68224185739998
-1.474502663196649 48.681985494170775
