46.353156266811666 53.85664736993071
46.353113942290406 53.85708295979536
46.35255794270093 53.8570589316724
46.35182487730103 53.85699949393727
46.35179295432105 53.85699690558754
46.35028186406462 53.856847846636704
46.34866163372863 53.85668802174672
46.3476878705849 53.85659196652305
46.34736021432848 53.8573284856184
46.347191848170574 53.857706945934304
46.34697315509985 53.858215023221554
46.346577760076315 53.85913362219813
46.34619839720108 53.860014974588026
46.34619496046442 53.86002295896462
46.34467931160188 53.85990076933572
46.34306858261326 53.85977091447141
46.341654949076215 53.85965694918462
46.341366793242045 53.85962823150239
46.33977651725563 53.85946974420137
46.33951681866162 53.859443862574786
46.338181860853325 53.85932390822449
46.338089256512944 53.85930642239222
46.33774190405924 53.85924083424898
46.33750590691356 53.85915887786058
46.337119966830016 53.858918969159994
46.33689434890974 53.858744670898005
46.33680797376054 53.8586779428723
46.33656191833083 53.858468954081886
46.33643395460622 53.858443994636325
46.336185850266794 53.85843095611999
46.33596084272774 53.85853898954106
46.33530000183857 53.858814981884024
46.33449084314311 53.85915291739597
46.3341579884475 53.85927287174626
46.33393298090844 53.859291870727205
46.333927743998125 53.8592894388746
46.33368990571104 53.85917899442864
46.333426900210085 53.85895789844449
46.333202823993624 53.8585959864839
46.33314139066444 53.85850620618914
46.3329468965444 53.85822196732958
46.33264664157 53.85763459022622
46.33241883663279 53.85718894430672
46.332289941585586 53.856969897232275
46.332166820738465 53.85687993146956
46.332051148799096 53.856761098078465
46.3320509642076 53.85676090844186
46.33202283826522 53.85673185117688
46.33187792446937 53.85658283956162
46.33182390775883 53.85645692474672
46.331834897365454 53.856240857904574
46.33189897236002 53.8560508680951
46.33193817076171 53.855876773124855
46.33195298907056 53.85581095939452
46.33188798275339 53.8550768909248
46.33188087782431 53.854944600917754
46.33186693486274 53.85468499037665
46.33188798275339 53.854405966127054
46.33194199946393 53.854019839778985
46.331943492799034 53.85400176789315
46.33196397867718 53.85375385404573
46.33196299426829 53.85306494680499
46.33196192976747 53.85231998977781
46.331169281848624 53.852264058824815
46.32961215143702 53.85215418433228
46.32806252207378 53.85204483912995
46.32717083380753 53.85198191967566
46.326489888174486 53.85197034586694
46.32610782219711 53.85196385201731
46.326084911661255 53.851485897261334
46.326154511740086 53.851114858513554
46.326191827495215 53.85091592783293
46.32603294386043 53.85039084815362
46.32578688843072 53.85033590012049
46.325545083681085 53.85035125548143
46.32551997137487 53.85035285019173
46.32547883092263 53.85032639175215
46.325171842988695 53.850128960239786
46.32479987274408 53.84946399590665
46.32449682037153 53.84894189645965
46.32340312081821 53.8490013268898
46.32313597179508 53.84901584347373
46.32324083871933 53.84859898348002
46.323417370041064 53.848118123565456
46.32377049709612 53.8471562282833
46.324001915544315 53.84652585938258
46.32302576616779 53.84628374767455
46.322139033863344 53.84606381384274
46.32161440425427 53.8459336913699
46.32154694918275 53.84591696066969
46.32070844106155 53.846034028443334
46.32003218368177 53.84612844368376
46.31904645050088 53.846266066189706
46.318476274827674 53.846345670900696
46.317521219000774 53.846479010407535
46.31681768146222 53.84657723434983
46.315947868706694 53.84669867269992
46.315304006177975 53.84678856515399
46.314842916611795 53.8468529398781
46.314319583109885 53.84690737356341
46.314285985699726 53.84691086814353
46.314298283822374 53.8474762332555
46.31431960042816 53.84845619300744
46.31433199303594 53.84902590175776
46.313691685824764 53.84928883548817
46.313515968177825 53.8493609916276
46.31312499895226 53.84963796696748
46.31277869121838 53.85009511923537
46.31243190867674 53.85055289828523
46.31240274196706 53.8505437690537
46.311245726887 53.850181621294645
46.30988784078569 53.84975660055195
46.30862689708084 53.849361922950195
46.30873697941163 53.84927381983266
46.30876397176606 53.8491783252598
46.30880589728368 53.849029999577176
46.308569164129814 53.84825471088834
46.30853898022784 53.84815586018911
46.30825399551363 53.847717952304734
46.30809210242607 53.84737441384981
46.30793492439244 53.847040880777854
46.307802862848405 53.84677284613489
46.309147017485394 53.84680171666881
46.310855357598825 53.84683840938988
46.31251181615543 53.84687398776875
46.312586927435056 53.84687566975682
46.3127779881532 53.846879948233365
46.313661999560786 53.846898947214314
46.314285985699726 53.84691086814353
46.314319583109885 53.84690737356341
46.314842916611795 53.8468529398781
46.315304006177975 53.84678856515399
46.315947868706694 53.84669867269992
46.31681768146222 53.84657723434983
46.317521219000774 53.846479010407535
46.318476274827674 53.846345670900696
46.31904645050088 53.846266066189706
46.32003218368177 53.84612844368376
46.32070844106155 53.846034028443334
46.32154694918275 53.84591696066969
46.32163029359114 53.8459048968098
46.32235097468906 53.84580058032403
46.32396056563873 53.845567596731314
46.32489784788112 53.84543192786199
46.32547087520256 53.84531955336204
46.326447941208954 53.84512794416684
46.32701925296497 53.84498323786344
46.32792092102589 53.84475485633511
46.32843427035862 53.84460703060778
46.329257927743896 53.84436984757416
46.329925170365605 53.8441554325658
46.330847881678814 53.843858923998305
46.33129699775262 53.84375387898267
46.33153594281232 53.84369799145381
46.33204183724616 53.843686815582664
46.33281092344547 53.84373990097061
46.33283896931463 53.843748399718834
46.333351835608894 53.8439038137474
46.333983831122154 53.84416681924835
46.334184186501 53.84435608720644
46.33450891080146 53.84466284166268
46.33490192893673 53.84506293784968
46.33498652501972 53.845163149506746
46.33523795012916 53.84546098512696
46.33542086188691 53.84563681883298
46.335867896732715 53.84589591277903
46.33598707758253 53.845939044896106
46.33635684109531 53.84607286407216
46.33688396968433 53.846214983900225
46.33722390243167 53.84630588098554
46.33735168110348 53.846369418120034
46.337392844350475 53.846389886283646
46.337498943761005 53.84633888746905
46.337681926884095 53.84625093295241
46.33804085861238 53.846247952720105
46.338212967028014 53.84623193397146
46.33856686961427 53.84622895373916
46.33898460368657 53.84621045227351
46.338995836801736 53.84620995475821
46.33932291729725 53.84617493702862
46.33971984698742 53.84612483187299
46.33989698454507 53.84607696189158
46.34009088590944 53.84599183900636
46.340192958865906 53.845937822295824
46.340350465048054 53.84584447948867
46.34037996844307 53.84582699490697
46.34053084270352 53.84569195313063
46.34071785228069 53.845529902999026
46.34097582863962 53.84534587365417
46.34128186124448 53.84520692032293
46.34138670672292 53.84515809522267
46.341661840863416 53.845029969029795
46.34214482476141 53.84488095741453
46.34249388447018 53.844763983296545
46.34280015519817 53.84463982948197
46.34311097882191 53.84451383004741
46.343550935615994 53.84431787977333
46.3441462399231 53.84412691988671
46.34418386245185 53.84411485144753
46.3445649596579 53.843962859599955
46.34481082882309 53.84387084492752
46.34516491767388 53.84377994784221
46.345583826577304 53.84373896964801
46.345657 53.84373896964801
46.34585186122027 53.84373896964801
46.3461089062566 53.84377286979048
46.34637787222217 53.84374194988032
46.346720971466326 53.84374791034492
46.34699999571592 53.84372593113167
46.34728386284301 53.84372891136398
46.3472935647358 53.84372915036365
46.3475258204533 53.84373487182859
46.34786389055544 53.8436968738667
46.34814794394705 53.84363093622694
46.34834482554372 53.843567978819486
46.34851786528195 53.84341188915249
46.348608948631785 53.84329882658941
46.348626708276825 53.84328072745295
46.34876485203426 53.84313994295463
46.348898962488 53.84294082618373
46.34904890542587 53.84277896231664
46.34921486711237 53.84261188304302
46.349311910926815 53.842434931749885
46.34933662330352 53.842373581837954
46.349375985921384 53.84227586185059
46.349493891361966 53.84208996986054
46.34957491642777 53.84197187815544
46.34979489482481 53.84178598616539
46.3499558273693 53.84163082782099
46.35009552461917 53.84148334513027
46.35013296492695 53.841443818243825
46.35032593496872 53.84127599391213
46.35050288626186 53.841095876122175
46.35056696125642 53.84103496762443
46.35064798632222 53.840990822933406
46.350743912549554 53.84101298841118
46.350887425337795 53.84110814531953
46.35091583470067 53.84112698229686
46.351199888092275 53.84141494724337
46.35157595615631 53.84184596334053
46.35160614407078 53.841893067579775
46.3518598232834 53.84228890036693
46.35196785670447 53.8424438724468
46.352036960841055 53.842471998389186
46.35214983713962 53.84246287142775
46.352256939238096 53.84242487346586
46.35228394759336 53.842348877542065
46.352256939238096 53.84226394092136
46.3522628997027 53.84221588467544
46.35232194555525 53.842145849216266
46.35242886138921 53.84209593032515
46.35260599894686 53.842057932363254
46.35278797938201 53.842038933382305
46.3530738954188 53.8421149293061
46.35313392521416 53.84215169674803
46.35324693515704 53.84222091381746
46.35455492524172 53.841827853667695
46.355921524100026 53.8414171811724
46.355928957967365 53.84141494724337
46.3559374948655 53.841424721224946
46.35663859178317 53.842227414222904
46.35738511748835 53.84308211910213
46.358130692182485 53.84393573515913
46.35826192106892 53.84408598044707
46.35828977242568 53.84411896107571
