-80.4162864190618 37.15240059936326
-80.4167279321714 37.15241597188449
-80.4176777196085 37.15244284044525
-80.41782093236941 37.15244689179465
-80.41902792645308 37.152497928272886
-80.41918382985556 37.152513947021525
-80.41938182903935 37.15254095537679
-80.41971989914148 37.15261583371347
-80.41997860096191 37.15268713877103
-80.42004697963701 37.1527059857407
-80.42050593541204 37.15284996821396
-80.42076987223558 37.15292298390544
-80.42099283086492 37.15297383411915
-80.42127781557913 37.153029899739394
-80.42149406415008 37.15306016890786
-80.42156391788045 37.153069946611
-80.4217069690311 37.15308186754022
-80.42266287854305 37.15314296230248
-80.42331501050212 37.15318078855203
-80.42331797085669 37.15318096026438
-80.42360891603549 37.15318487181928
-80.42383597248426 37.15316587283833
-80.42402596229373 37.15312899246355
-80.42427294904604 37.15304889872034
-80.42447376563989 37.15295842091433
-80.42464585061325 37.15288088812413
-80.4251498824019 37.15276987447075
-80.42534695026309 37.15273783697347
-80.42627994923919 37.1525849138033
-80.42639990358948 37.15256796373206
-80.42673592478192 37.152520838808734
-80.42761299554621 37.15241890791567
-80.4284219912087 37.15232488853466
-80.42877331004762 37.152363611427766
-80.4291199243617 37.15240181578104
-80.4293989486113 37.1524189521168
-80.42974186159094 37.15241094274247
-80.43068883040597 37.152236971681646
-80.43088086912515 37.15226398003691
-80.43095445562022 37.15228759901792
-80.43112692455486 37.15234295619301
-80.43128282795733 37.15253983778968
-80.4313409424873 37.15264191074614
-80.43152292292244 37.15277788384507
-80.43170583468019 37.152846987981654
-80.43189003170191 37.15287167784281
-80.43189899098647 37.15287287874981
-80.431906 37.15287287874981
-80.43212399852553 37.15287287874981
-80.43212399852553 37.152954
-80.43212399852553 37.15312098308923
-80.4319949172138 37.15333388343455
-80.4316596817312 37.15369013976632
-80.43162920290489 37.15372252975909
-80.43159686993651 37.15375689015739
-80.43165723773213 37.15379178140888
-80.43169146249522 37.15381156256545
-80.43250695837678 37.15428290115929
-80.43281597121394 37.154468979413856
-80.43291744635633 37.15452974297217
-80.43306482061143 37.15461799102913
-80.43320097997488 37.15471987772107
-80.43330081775711 37.1548148726258
-80.43338687196494 37.15491582799515
-80.43346286788872 37.154987912364035
-80.43355097100626 37.155050869771486
-80.4336489461433 37.15510693539173
-80.43377597854531 37.15514996249564
-80.43378361646553 37.155151749258465
-80.43392089234116 37.15518386263811
-80.43407586442103 37.15518498022523
-80.43421686666198 37.15516784388947
-80.43437686788388 37.15513189483729
-80.43449495958897 37.155103955159426
-80.43448583262754 37.15501696962901
-80.4344638534143 37.15492290604687
-80.43444988357537 37.15482083309041
-80.43445193248508 37.15472397554049
-80.43446795123371 37.15463084328095
-80.434465902324 37.154524858769584
-80.43445644599173 37.1544610960719
-80.43445286380766 37.15443694191658
-80.43442790436211 37.15435386794106
-80.43438897507762 37.15426185326864
-80.43432285117335 37.154181945789944
-80.43424089478495 37.15410092072415
-80.43413193004127 37.15401896433575
-80.43399595694235 37.15395097778628
-80.43385793493371 37.15390385286295
-80.43368694410519 37.15386790381077
-80.43351595327667 37.153835866313486
-80.43335781469996 37.15380997554533
-80.43331525735638 37.15381274914002
-80.43317490294221 37.153821896474554
-80.43305383100481 37.15385188506213
-80.43290593697665 37.15391987161159
-80.43276698364542 37.15401486651633
-80.43265596999204 37.154127929079415
-80.43252911104604 37.15425986238328
-80.43250695837678 37.15428290115929
-80.43169146249522 37.15381156256545
-80.43165723773213 37.15379178140888
-80.43159686993651 37.15375689015739
-80.43162920290489 37.15372252975909
-80.4316596817312 37.15369013976632
-80.4319949172138 37.15333388343455
-80.43212399852553 37.15312098308923
-80.43212399852553 37.152954
-80.43212399852553 37.15287287874981
-80.43212917067656 37.15287063885661
-80.43263883365628 37.15264992012046
-80.4332499675434 37.15231687916033
-80.43343287930115 37.15211087060222
-80.43354542269164 37.15213797017471
-80.43396894858708 37.15223995191395
-80.43434483038659 37.15223995191395
-80.43476299423195 37.15221387488128
-80.43484626590848 37.152183765596135
-80.43511689681822 37.15208591115667
-80.43512410718512 37.15210600331672
-80.43516008398619 37.15220625503103
-80.43528881896933 37.15256498349976
-80.43523248068176 37.153117995645715
-80.4352184896563 37.15325533043817
-80.43521394063265 37.15329998329207
-80.43531991998721 37.15332011563777
-80.43627192310106 37.153500962708165
-80.43648327000489 37.153475040132165
-80.43654982976355 37.153466876301174
-80.43676496528309 37.15336387202212
-80.43688884497763 37.15325076447492
-80.43691490822096 37.15322696760059
-80.4377395262745 37.15193829546217
-80.43775198096972 37.15191883188304
-80.43780515957386 37.15188449336944
-80.43792390312085 37.15180781822967
-80.43821391697706 37.15173089098329
-80.43848195162002 37.15175585042885
-80.43892626254582 37.15191595974748
-80.43902882424807 37.15195291829004
-80.43912083892049 37.15199184757453
-80.44004577657263 37.15239774254421
-80.44027195364845 37.15249699695029
-80.44084192307685 37.152722935811944
-80.44097081812406 37.15285890891088
-80.44098283329467 37.15290553620457
-80.4410035498642 37.15298593103227
-80.441023903512 37.15306491746899
-80.44109989943578 37.1532359082975
-80.44121799114089 37.153346921950885
-80.44180486329095 37.15368869392271
-80.4419529909332 37.15377495781574
-80.44180486329095 37.15368869392271
-80.44121799114089 37.153346921950885
-80.44109989943578 37.1532359082975
-80.441023903512 37.15306491746899
-80.4410035498642 37.15298593103227
-80.44098283329467 37.15290553620457
-80.44097081812406 37.15285890891088
-80.44084192307685 37.152722935811944
-80.44027195364845 37.15249699695029
-80.44004577657263 37.15239774254421
-80.43912083892049 37.15199184757453
-80.43902882424807 37.15195291829004
-80.43892626254582 37.15191595974748
-80.43848195162002 37.15175585042885
-80.43821391697706 37.15173089098329
-80.43792390312085 37.15180781822967
-80.43780515957386 37.15188449336944
-80.43775198096972 37.15191883188304
-80.4377395262745 37.15193829546217
-80.43691490822096 37.15322696760059
-80.43688884497763 37.15325076447492
-80.43676496528309 37.15336387202212
-80.43654982976355 37.153466876301174
-80.43648327000489 37.153475040132165
-80.43627192310106 37.153500962708165
-80.43531991998721 37.15332011563777
-80.43521394063265 37.15329998329207
-80.4352184896563 37.15325533043817
-80.43523248068176 37.153117995645715
-80.43528881896933 37.15256498349976
-80.43516008398619 37.15220625503103
-80.43512410718512 37.15210600331672
-80.43511689681822 37.15208591115667
-80.43444082255914 37.15036626313631
-80.43443088459442 37.15034098514187
-80.43437686788388 37.14997385777475
-80.43448396998235 37.14969986266717
-80.43344386890777 37.14943499452103
-80.43326496848367 37.14942489530354
-80.43298193290045 37.14940891748836
-80.43223091435948 37.1492209765886
-80.43292052574785 37.14796860273686
-80.43303594961098 37.14775898637829
-80.43317490294221 37.147390927688576
-80.43340084180387 37.14719385982738
-80.4334846957543 37.14712976021274
-80.43366887644683 37.146988968856384
-80.43409784363429 37.14656186431412
-80.43451693880223 37.14595389692382
-80.43452152014078 37.14579813141299
-80.43452699708627 37.14561191526678
-80.43432285117335 37.145372937888794
-80.43294212475281 37.144602333342206
-80.43271389825748 37.14447495664228
-80.43188650311973 37.145758039488875
-80.43153391252906 37.14630481927778
-80.43108849295196 37.14692513732568
-80.43085888991189 37.14724489630561
-80.4306549302635 37.147155861865485
-80.43051597693226 37.1470729741545
-80.43042396225982 37.14699697823071
-80.43033995696172 37.14691483557779
-80.43022596307604 37.14683399677651
-80.43004081614407 37.14672484576832
-80.42981897510184 37.14662687063128
-80.42976028263877 37.14661228031599
-80.42919182246607 37.14647096722881
-80.4286758697482 37.14629792749057
-80.42842403087758 37.14618280578892
-80.42838697347909 37.14616586594654
-80.42815991703033 37.14603883354452
-80.42792894902666 37.14589596865839
-80.42770897062962 37.145806934218264
-80.42746198387732 37.145735967436494
-80.42727981717765 37.14567897049365
-80.42724254036743 37.14565826115464
-80.42710882634913 37.14558397558892
-80.42692293435908 37.145418945225
-80.42680298000879 37.1452939617327
-80.42667687892937 37.1452168482218
-80.42638726467793 37.14636484387621
-80.42638295351824 37.146381932788685
-80.42625294088393 37.14664884984453
-80.42600297389932 37.146785940530584
-80.42578299550227 37.14686081886725
-80.42549186405894 37.14686696559639
-80.42533821815196 37.146838415593926
-80.42507686671041 37.14678985208548
-80.4248669465974 37.147155861865485
-80.4247488548923 37.14729183496442
-80.4245448952439 37.14740396620491
-80.42442910827978 37.147428304732145
-80.42382181638081 37.147555958052486
-80.42332188241159 37.14767684372537
-80.42327651021847 37.14768790669838
-80.42314083329903 37.147720988416395
-80.42293892256033 37.14777090730751
-80.42269491604034 37.14785882416052
-80.42237882515144 37.14797393563332
-80.42219591339371 37.148000943988585
-80.4221658788115 37.14800285854363
-80.42200890381655 37.1480128649178
-80.42076104303892 37.14805481341491
-80.41890301447194 37.14811727351253
-80.41766484270241 37.14815889630077
-80.41747094133804 37.148162994120185
-80.41737754651868 37.14817653777979
-80.41728598067058 37.14818981621094
-80.41708481498998 37.1482538912055
-80.41691792198087 37.148344974555336
-80.41678790934655 37.14840085391106
-80.41665696538963 37.14843196008575
-80.41649398393542 37.14844592992469
-80.4162507310331 37.148452416668746
-80.41604694908962 37.1484578508539
-80.41593295520394 37.14846697781534
-80.4158759582611 37.14852397475818
-80.41585993951246 37.14887098555724
-80.41501403128584 37.14881901793944
-80.41489881459397 37.148811939704686
-80.41477997783079 37.14880299900777
-80.41476462063365 37.1489985774303
