12.61586556205542 41.72665375049789
12.615885867533516 41.72651693358683
12.615814900751744 41.72651283576741
12.615894994494951 41.72603283210172
12.615963560716958 41.72571953121685
12.616058907271748 41.72528386247048
12.616045264534614 41.72528221862773
12.615619881800262 41.72523096334705
12.615193894845111 41.72517787795911
12.614930050997204 41.72514564752155
12.61433391156049 41.72507282477035
12.614300942740613 41.72506686430574
12.614255866726992 41.72506183516372
12.613698587924477 41.72499646471306
12.613650879569 41.72499086838195
12.613089850837513 41.72491394113557
12.612685843095612 41.72484781723129
12.61245490837086 41.724804560227405
12.6123129415284 41.72477796803663
12.61208085593762 41.72472991179071
12.611813938881768 41.724678875312485
12.611324994519167 41.72457791994314
12.611263899756906 41.72456599901392
12.611259865889748 41.72456525415116
12.61103088284353 41.724522971910005
12.61072298759348 41.724455916683134
12.610627992688745 41.72442797700527
12.610484941538086 41.724387930133666
12.610217838217716 41.72430485615816
12.610103078281398 41.72426631022683
12.60994998983927 41.72421489039544
12.609885914844703 41.724192911182186
12.60974398128116 41.72414485493626
12.609475946638195 41.72406494745757
12.609279996364116 41.723998823553295
12.609104907716176 41.72393586614584
12.608966499915503 41.72389639624071
12.608908957442097 41.72387998679013
12.608749887542796 41.72384385147342
12.6085449965718 41.7237978441372
12.608354820497814 41.72375984617531
12.60810895133262 41.72373488672975
12.607811859424675 41.72369297721296
12.607699949040462 41.72367658684631
12.6076198207055 41.72366485127058
12.60758498924043 41.72365795948337
12.607185824376028 41.72356985636584
12.6070898981487 41.7235489947397
12.606890967642316 41.72349795826147
12.606767846795195 41.72345884271247
12.606568916288811 41.7233938363953
12.606537777779891 41.72338038816971
12.606311871252474 41.72328282274193
12.60612895949473 41.72320086635353
12.606101951139465 41.72319397456633
12.606068982319586 41.72318093604999
12.605681924648923 41.723064893254595
12.605422387693634 41.72300260438533
12.605206950125254 41.72295089936892
12.605141943808093 41.722936929529986
12.604533976417796 41.722791829469614
12.6042109937417 41.722704843939205
12.604177281675806 41.72269622839535
12.603917999653175 41.72262996560253
12.60343184925836 41.72250293320051
12.603275945855884 41.722453945632
12.603032350256342 41.72238927978985
12.602480968888424 41.72224290793187
12.602447813804028 41.72223284964784
12.60175077411942 41.72201683473643
12.601734979489482 41.7220119399282
12.601101866389108 41.72183182213825
12.600936836025197 41.72178693238914
12.600624541850117 41.72169485525234
12.600315830118562 41.72160383436688
12.599984838068146 41.72150883946215
12.59934179129702 41.72133205329195
12.599173842352045 41.7212858808328
12.5988689273343 41.72123093279967
12.59849993732199 41.721183994140866
12.597968806333306 41.721120425707575
12.59767199153465 41.72108490141671
12.597330941200203 41.72104783477741
12.597067935699252 41.72102995338358
12.59671269438302 41.72101279342169
12.595968975036644 41.72097686799564
12.595360821381826 41.72091484191078
12.59452188598786 41.72081183763173
12.594087859491918 41.72073636988364
12.59405696974822 41.72073099883045
12.593720948555788 41.72066487492617
12.593058964454956 41.7205188435432
12.592854710130243 41.720477288353
12.592842897612815 41.7204748851167
12.592551952434002 41.720406898567234
12.59231390637861 41.72035697967612
12.592004893541445 41.720304825610775
12.591612460339716 41.72028033280732
12.591604983618966 41.72027986616522
12.591109892527236 41.72024689734534
12.590954920447356 41.72020983070604
12.590813918206408 41.720162892047234
12.590646838932786 41.72011297315612
12.59047491678167 41.720055976213274
12.59033549789466 41.72000084782815
12.590279897830186 41.719978862702376
12.590137964266642 41.71991795420463
12.590002922490305 41.719848850068054
12.589863969159063 41.71977695196369
12.589710859724375 41.71968996643327
12.589604875213016 41.71961695074179
12.589242241446463 41.719382616122616
12.58906787460449 41.719269939942734
12.588162932107576 41.71871542198718
12.588104887040814 41.71867985394626
12.587629912517142 41.71837791916083
12.587496919650516 41.71828795339811
12.5873698872485 41.718184949119056
12.587248815311092 41.71807784702058
12.587171200382492 41.71799812728036
12.58713891924483 41.717964970722015
12.58701095552022 41.717837938319995
12.586838847104584 41.717646830923414
12.586725970806016 41.71754494423147
12.586575841603633 41.7174329992555
12.586425898665768 41.717328877389335
12.586347393362656 41.71728272467912
12.586265897443871 41.717234813807195
12.586092857705642 41.71713683867015
12.585920935554526 41.71704184376542
12.585751993635714 41.716954858235006
12.585526986096658 41.71685185395595
12.58533002113736 41.71677746375673
12.585309987931922 41.71676989756755
12.585115900303034 41.716697999463186
12.584928890725871 41.71664193384294
12.584746910290724 41.716589966042115
12.584625838353316 41.71655792854483
12.584501972448123 41.71653092018956
12.584065063342385 41.71645351114012
12.583925856290591 41.716428847233104
12.583152858536382 41.71635788045133
12.582804916414728 41.716346890844704
12.582698954570406 41.71632916584755
12.582499815132463 41.71629585436648
12.581996900930932 41.71617087087417
12.5817828829985 41.716110893699025
12.5816159899894 41.71606097480791
12.58154289660568 41.71604149410681
12.580947859159435 41.715882905927664
12.580267713661284 41.71572874585605
12.580135932120738 41.715698876582806
12.57983194842559 41.715624929568726
12.579221932125582 41.715467908579136
12.579108698788437 41.71542043826156
12.578942907875993 41.71535093446115
12.57868586283965 41.71515591550967
12.578453963513388 41.714995914287776
12.578191889335034 41.71489682156362
12.577987208679492 41.71486722313549
12.577963901563672 41.71486385274374
12.57665905077449 41.71482372406749
12.576146891179985 41.71480797338801
12.575885934588744 41.71486199009855
12.575776969845078 41.71491582054457
12.575719972902238 41.71498995382317
12.575704885476192 41.715129838477
12.575540972699397 41.71530883867984
12.57542399858141 41.715373844997
12.5753038579666 41.71540588249428
12.575158944170749 41.71542599906235
12.575047930517377 41.71543289084955
12.574963925219263 41.715429910617246
12.574855891798196 41.71539787311996
12.574756985338562 41.71535894383547
12.574655843704695 41.71528183032457
12.5745738873163 41.71519596238127
12.574517546510044 41.71509378805739
12.574515959050864 41.715090909192504
12.57450147532841 41.71507845606637
12.57436582984848 41.71496182788078
12.57423097433666 41.71485994118884
12.573867944788962 41.71455390858398
12.573774998793937 41.71446692305357
12.573669945605172 41.71439185845237
12.573635786610565 41.71437417656616
12.573310827612374 41.71420596646233
12.573081908518416 41.71410985397048
12.572671940311908 41.71393085376763
12.572556235950188 41.71388774909605
12.572188956413916 41.7137509222422
12.571709884070826 41.71360395953664
12.571505924422429 41.713537835632366
12.571348903432837 41.713478976044335
12.571311306950667 41.713462178502965
12.57118089283662 41.713403911443145
12.571028900989043 41.71332493528705
12.570709829867852 41.71310495689001
12.57049190038052 41.712917947312846
12.570331009365074 41.71281160169359
12.570240815808791 41.71275198562634
12.570121979045616 41.71267692102515
12.570004818663108 41.712611914707985
12.569801976601823 41.7125349874616
12.569530961726551 41.71244297278918
12.569369842917544 41.71237088842029
12.56922914870744 41.71229894078522
12.569197920766426 41.71228297156728
12.568959874711034 41.71210788291934
12.568774914043582 41.711998918175674
12.568503899168311 41.71183388781176
12.5683388688044 41.71174187313933
12.568180916492214 41.711673886589864
12.568173510915097 41.711671447733934
12.568025944412334 41.71162285011164
12.567841915067476 41.711586901059455
12.566905567821337 41.71147000179582
12.566631940751492 41.71143584053448
12.56619794442202 41.71138499032077
12.565972936882964 41.71137083421731
12.565738988646991 41.71136785398501
12.565498341848247 41.71137207123449
12.56539886963514 41.71137381444962
12.56508482765596 41.71137884359163
12.564957981518464 41.71137195180443
12.56484193872307 41.7113579819655
12.564673928126854 41.71132985602311
12.564245892261994 41.7112389589378
12.564150823469472 41.71122142539775
12.5640449128459 41.711201892298504
12.56387783357228 41.71118382464015
12.563782838667546 41.711190902691875
12.56368598111762 41.7112028236211
12.563487981933832 41.711242870492704
12.563331892266838 41.71127490798998
12.563109864960088 41.71131681750678
12.562749822450671 41.711347979487165
12.562530954834768 41.711366922662414
12.561590877806935 41.71157293122052
12.5614376616591 41.71159757003348
12.560763863342192 41.71170592408715
12.560384815045852 41.711732932442416
12.560103928151069 41.71171281587436
12.560045684221658 41.711699207221656
12.559710910015797 41.711620987466446
12.559039985218048 41.71143882076678
12.558685274290731 41.71137866618169
12.557955925716964 41.71125497768645
12.557667960770456 41.71123691002809
12.55741482728902 41.71125795791875
12.557305342922792 41.7112733108017
12.556110943203157 41.71144080027737
12.55596699318216 41.71146098624455
12.55492093164297 41.711583920827145
12.55487913825369 41.71158637513692
12.554476877029469 41.71160999785982
12.55364068778402 41.71159395084051
12.553583924924968 41.71159286152407
12.553218846467558 41.71156995098822
12.552917843004716 41.71149581770962
12.552472857068617 41.71136785398501
12.552398433464289 41.711354622741645
12.55166297893963 41.71122387151176
12.551390846477243 41.71114992449768
12.551261951430035 41.71106498787697
12.551227256005909 41.71104049096009
12.551135850350615 41.71097595343685
12.55053616220962 41.71028384665952
12.550324854634512 41.71003997422845
12.55012797303784 41.70987587518712
12.54992196447973 41.70979689903103
12.549529516592164 41.70972490189085
12.549518888060426 41.70972295201695
12.549237814901124 41.70965291655778
12.54904484485935 41.70957096016938
12.548873854030829 41.70944485908996
12.5485791628997 41.709173249413546
12.548464817146916 41.70906785970333
12.548205909465386 41.70886799787435
12.547596425111172 41.708497293092975
12.547082920679811 41.70818496588286
12.546691951454251 41.707900912491255
12.546624559730828 41.70785180327498
12.546503824289974 41.7077638218052
12.546115835296716 41.707372852579645
12.545958814307127 41.70716796160865
12.545903998310637 41.70706007164946
12.545870897454115 41.70699492187042
12.545839977543949 41.70681499034498
12.545817998330698 41.706600972412545
12.54578689215601 41.70648697852687
12.545713876464529 41.70635789721514
12.54556281593955 41.70620683669016
12.54551826502004 41.70617503011595
12.544528129985064 41.70546813553728
12.544339989371746 41.7053338148892
12.544160989168905 41.70518498953845
12.544011977553636 41.70501791026483
12.54390692436487 41.70484282161689
12.543861404789688 41.70472218829512
12.54364391886392 41.70414581978647
12.543559913565812 41.7039919652937
12.543406990395642 41.70385282569795
12.543350494899492 41.70382095911395
12.543204893392431 41.70373883181227
12.542577927021188 41.703500972021395
12.542372849785677 41.70339796774234
12.542305974378124 41.70335002447664
12.542189938027931 41.7032668375209
12.54169689584591 41.70274697324813
12.541531865482 41.702603922097474
12.541417924903378 41.70253366096693
12.54137298184722 41.70250594696043
12.541124877507796 41.70241281470089
12.540843990613013 41.70234687706113
12.540231925403296 41.70231092800895
12.540138179634782 41.702302173711466
12.539834995713122 41.702273861369655
12.539639976761638 41.70222785403344
12.539491896468965 41.70214384873533
12.53938498063501 41.702026874617346
12.539324817195345 41.701885872376394
12.539326866105052 41.701740958580544
12.539339787155166 41.70166065853029
12.539430987971224 41.70109387564124
12.539417949454888 41.70095492231
12.539365981654065 41.70082695858539
12.539277878536534 41.700729914770946
12.539189367971568 41.700674289113614
12.53912998450838 41.70063696877592
12.538896967595004 41.70057587401366
12.538671960055948 41.70056395308444
12.537942629287492 41.700551557932016
12.537849974733218 41.70054998324551
12.537487876508116 41.70051291660621
12.536755856948105 41.70036893413295
12.536691391042352 41.70035692552586
12.536288891798756 41.700281948602544
12.536007818639453 41.70019887462703
12.535833847578626 41.70011691823863
12.535732892209282 41.70004595145686
12.53568390464076 41.69996082857163
12.535676915874223 41.69984915390633
12.535674963943846 41.6998179636855
12.53570886408632 41.69968888237377
12.53577387040348 41.69956483020406
12.536174897913074 41.699151881765246
12.536290844513976 41.69902881735862
12.536614854707157 41.698684916615896
12.536671851649997 41.69855695289128
12.536667940095096 41.69848393719979
12.536993903003497 41.69842992048927
12.53718892195498 41.69841092150832
12.537203686605006 41.69840751247288
12.537305896072969 41.69838391315305
12.537406851442311 41.69832281839079
12.537965450689969 41.69769827902875
12.538176868964214 41.69746190378357
12.538705418407485 41.69685646926294
12.53887089056233 41.696666926816114
12.539056968816896 41.69647395677434
12.539238949252043 41.69630296594582
12.539554023755128 41.69615132434425
12.539666985116906 41.69609695738771
12.54011886284021 41.695903987345936
12.540570926828032 41.69570896839445
12.540596949345144 41.69569713997758
12.540775817799029 41.695615836134905
12.540965993873014 41.69550985162355
12.541098986739645 41.69539399509267
12.54121391194792 41.695264913780946
12.54141453043865 41.69499421918662
12.541559991424382 41.6947979486316
12.541852985512904 41.69439189197999
12.54243487587053 41.694879905019995
12.542554830220825 41.694932990407935
12.542633728554014 41.69493865127489
12.542637904196337 41.69493895087255
12.542648204666872 41.69493321035379
12.543689752134176 41.6943527492229
12.544661302466269 41.69381129794758
12.544670981422165 41.69380590380295
12.544572045352316 41.69370466689426
12.544550840807352 41.69368296922035
12.545101539755372 41.69336830045957
