1.464356162095609 43.64281067428141
1.4649659722663306 43.642652823984314
1.465343902975557 43.642533987221135
1.4655325131016914 43.642470043684774
1.4661729663500107 43.642252914061835
1.466657153872684 43.64208368185263
1.4667138785134377 43.64206385557496
1.466804961863271 43.64202883784537
1.466916906839242 43.64198692832858
1.466906711254328 43.641966642267874
1.4668988391808906 43.641950979276395
1.4668939963033945 43.64192788247603
1.4668939963033945 43.64191093240479
1.466897907858295 43.641889884514136
1.4669129952843412 43.641859895926565
1.4669359058201887 43.6418319562487
1.4669588163560363 43.64181388859035
1.4669968143179302 43.6417948896094
1.4670299694023274 43.64178390000278
1.4670729965062363 43.641777939538166
1.4671039164164048 43.64177682195105
1.4671489924300236 43.64178296868018
1.4671828925724977 43.641792840699694
1.4672199592117956 43.641810908358046
1.4672519967090785 43.64183698539072
1.4672709956900254 43.641859895926565
1.4672879457612622 43.64190888349509
1.4672868281741476 43.64193794076006
1.4672769561546362 43.64196997825734
1.4672689467803153 43.64198189918656
1.4672568395865748 43.64199791793521
1.4672359779604371 43.642016916916155
1.467209900927765 43.6420349845745
1.467181961249902 43.642046905503726
1.4673259437231558 43.64229594116574
1.4675141589853873 43.64263908277698
1.4676029190630373 43.64280090427699
1.4678569838670712 43.64320789225119
1.4681222993147365 43.64348493135902
1.4681309789746473 43.64349399455251
1.4681362661556068 43.64349682787436
1.4681699082591364 43.64351485617865
1.468237894808603 43.643557883282554
1.4682978719837487 43.643599979063865
1.4683859751012769 43.64364784904527
1.4684569418830486 43.64367895521996
1.4685089096838737 43.64369385638149
1.4685498878780727 43.643698885523506
1.4685979441239971 43.643698885523506
1.4686918214416167 43.64368286677486
1.4689049080514516 43.643620840690005
1.4692798585283724 43.64345990814552
1.4694878286755118 43.643383176157386
1.4696458683083773 43.64332486636918
1.46983287788554 43.64328686840729
1.4700228676950082 43.64327196724576
1.470228876253118 43.643265820516625
1.4704378650435328 43.64328686840729
1.4708272960189843 43.6433253352487
1.4708338634111109 43.643325983956295
1.4710648314147778 43.64333697356292
1.471312935754201 43.643318905904565
1.4719978303908816 43.643112897346455
1.47209189076611 43.64304302547441
1.4729669646836885 43.64239298498019
1.4729881039861377 43.64237500326026
1.4739358866000978 43.641568791155606
1.4740169377777783 43.64149984661117
1.4747000755486046 43.64081358430168
1.4749128701145844 43.640599816454944
1.4753946510717828 43.639982898511995
1.4759069638529487 43.6393268847315
1.476005426121551 43.639165504901825
1.4765488313857205 43.638274862727705
1.4765516420754907 43.63826912520396
1.4765939073993395 43.63818284805528
1.4766048970059655 43.63803495402712
1.476727155689543 43.637745950000465
1.4769276341534965 43.63727204433057
1.4770338641934215 43.63702092998522
1.4771158205818196 43.636719926522375
1.4771009194202926 43.63656197421019
1.4770189630318946 43.6364489116471
1.4768879299386175 43.636355897602485
1.4768809410232515 43.63635093651006
1.4767298804982725 43.63629487088982
1.476555909437446 43.63628891042521
1.4763908790735352 43.636311820961055
1.4762619840263274 43.636378876187926
1.4761358829469058 43.636464930395746
1.4760339962549656 43.636625862940235
1.476004938989988 43.6367718943232
1.476004938989988 43.63695499234546
1.476005234918442 43.63695626150341
1.4760578381134086 43.63718186252971
1.4761818902831203 43.63740295851386
1.476366850950573 43.637571900432675
1.4765503947835816 43.63766972035514
1.4765618699020566 43.637675836034326
1.476648090847085 43.63770750602837
1.4767699238128251 43.63775225674756
1.4768889503975724 43.63779597664914
1.4772639008744932 43.637859865379184
1.4775319355174588 43.63788091326984
1.4778329389803024 43.637885942411856
1.4780039298088237 43.63787793303753
1.4780319402517308 43.63787535897845
1.4784498470675167 43.63783695484334
1.4789408403398283 43.6377829381328
1.4794859283900776 43.63771170503532
1.4795309263362943 43.6377058246219
1.4798999163486044 43.637661866195394
1.4802258792570058 43.63763895565955
1.4806248578568888 43.63762591714321
1.480882225039417 43.63763084872994
1.4809359196037633 43.63763187760782
1.481152917768499 43.637642867214446
1.481361906558914 43.637661866195394
1.4815908256528711 43.63768887455066
1.4818029809401103 43.637720912047946
1.4822365385527645 43.63780096194671
1.4822418201470782 43.63780193711374
1.4825938600881516 43.637878864360125
1.4829518604938356 43.63796994770996
1.4833148900415352 43.6380688541696
1.4836211538607615 43.638160749159326
1.4836749393569293 43.63817688759067
1.4844239089881757 43.63841195341375
1.4846468676175222 43.638495958711864
1.4849091849795195 43.63860078795932
1.4851469878512693 43.63869582054084
1.485649902052803 43.638929955041334
1.4861179766984107 43.639157482917255
1.486225831945818 43.63920991061352
1.4872133781359915 43.63971753919786
1.4874339436166124 43.639830916520154
1.4883155693544772 43.6402872217561
1.4884038229674956 43.64033289939909
1.4894168088884028 43.64086110908092
1.49044993870966 43.641399822564416
1.4905158828964973 43.64143385096025
1.4916123091081506 43.6419996267613
1.4916418453672942 43.64201486800644
1.492149974975362 43.642252914061835
1.4926929360484988 43.64248686229781
1.4927725822096598 43.64251756751469
1.4939278698100418 43.642962954408596
1.493966623767342 43.64297597185912
1.4943149274807035 43.64309296704292
1.4947679227911217 43.64323490060646
1.495215588651344 43.64337916792469
1.4958169645626165 43.64357297070861
1.4964288435078157 43.64376892098268
1.4965254234677117 43.64379928307806
1.4979686039741882 43.64425297952017
1.4991566975323531 43.6446264836091
1.5001029111467952 43.64492394726553
1.5003303189631312 43.64499521418778
1.5003519468088138 43.64500199209903
1.5009658746637229 43.6451958934634
1.5014970077613936 43.64536125991999
1.5026009046122637 43.64570495439406
1.5029035129573216 43.64580100147839
1.503539864052978 43.646002977624605
1.5041779526116896 43.64619764871031
1.5044739806161966 43.6462879623388
1.5048878603776066 43.646391897940454
1.505477451436812 43.646541035015225
1.5067291096520732 43.64685764199547
1.507239822460111 43.64698682681442
1.5078228304048515 43.64715297476544
1.5079390526739391 43.64719219102204
1.508687842831489 43.64744485126685
1.5092450824836527 43.64766824256477
1.5103219414574345 43.64809994358048
1.5104278356856111 43.64813617960364
1.51095281938358 43.6483158241581
1.511629890910459 43.648560948265214
1.5117701405755843 43.64860930506422
1.5123289416505905 43.64880197455292
1.5128909017046743 43.6489999737367
1.5128982643401718 43.649002750502085
1.5132168646130757 43.6491229083193
1.5137529338990063 43.64933785757432
1.5140876662686742 43.64947930671703
1.514635827719476 43.649710945406056
1.5153290709896774 43.65001467585976
1.5153568576728595 43.65002685003043
1.5157638456470637 43.65021683983989
1.515881937352164 43.65027383678274
1.5164118333821344 43.650542897448936
1.517045904331935 43.6508648541018
1.517705595170744 43.65121684885064
1.5178669583320683 43.65130294825069
1.5189038227492957 43.65181882082692
1.5196778219866265 43.65220390972951
1.520092837282905 43.65239919406071
1.5204809945929272 43.652581840438735
1.521152850713272 43.652873903204664
1.5213062695091255 43.652934704580225
1.5221219850060788 43.65325798064302
1.5225579550659147 43.65340737239924
1.5226209876527113 43.65342897147154
1.5232298863656049 43.65362697065533
1.523738947296268 43.65377393336089
1.5238278353702024 43.6537956875474
1.5243759719515435 43.65392983676336
1.5252164459648576 43.65411549097958
1.5252318574167458 43.654118895250235
1.526108977037124 43.65429081740135
1.526643282492398 43.65437497317372
1.5267629517636363 43.65439382168041
1.5274718745232791 43.65448788526255
1.528103343417784 43.6545473325095
1.5282158150125105 43.65455792072172
1.5289299531786875 43.65461286875485
1.529587616881975 43.654644876514126
1.5310761107969568 43.65471731985358
1.5311688526981069 43.65472183349852
1.5312839641709022 43.65472388240823
1.5325502118960763 43.65475174725593
1.5331969007819195 43.654765978189545
1.5340001697746777 43.65478836963351
1.5354199792547494 43.654827947389784
1.535528932560882 43.6548309845067
1.536560837996621 43.654865815971775
1.5368132526571914 43.6548835638776
1.5369899914485958 43.65489599082387
1.537580822503138 43.65494684103758
1.5381590193792487 43.65501391254929
1.5382198960681237 43.65502097431617
1.5390729875655396 43.6551578787377
1.5396351199992515 43.65526611121591
1.5398469166423436 43.65530689035297
1.540672999784492 43.65550488953676
1.5409511342852942 43.6555826409129
1.5415098862687473 43.65573883777273
1.5422668750754212 43.65601108258296
1.543069851616096 43.65629986650422
1.5436402591425658 43.65655996283939
1.5439648526303065 43.65670797206554
1.5447479086685458 43.65707491316814
1.544770427122183 43.657088168634296
1.5455158772807391 43.65752697715596
1.5458406905634745 43.657738147114586
1.546247896840749 43.658002883002226
1.5468112607332214 43.65847029823515
1.5473459261807634 43.65891390276508
1.5477440240723466 43.65927967043794
1.5479239049834883 43.65944494290899
1.5483769002939067 43.659861989167226
1.5486231237603325 43.66010254081938
1.5495010836212355 43.660960276672654
1.550163922090022 43.66160784650462
1.5502525335089832 43.66169417623748
1.551089843014401 43.66250992557056
1.5511427092633343 43.66256167007429
1.5519942243976452 43.66339511729123
1.5523188163113328 43.66371282183482
1.552827877241996 43.664201952461944
1.5528425051602606 43.66421621502371
1.5536258344417624 43.664979979358165
1.5536674606078458 43.66502064802164
1.5545046749639255 43.66583860442037
1.5545489613983547 43.66588187215958
1.5552894986075825 43.66664154389974
1.5554428448254505 43.666798852387046
1.5559258287234417 43.66731797160174
1.5561287245813888 43.66755076256826
1.556447928170441 43.66791699829512
1.5566539367285506 43.66817683729925
1.557072845631976 43.668702848301145
1.5571444564824632 43.66879990813115
1.5575178315680736 43.66930597281395
1.5578794722720606 43.669831347176114
1.557923888219682 43.669895872545894
1.5582828199479617 43.67045690127738
1.5584924274874916 43.67081247558539
1.5587048953482112 43.67117290208875
1.5590029185787495 43.67172592144592
1.5590438871442054 43.671808770490486
1.5592288574404014 43.67218282831123
1.5595326528013704 43.672839440956665
1.559550908793902 43.672878898819064
1.5597958466365005 43.67348183706735
1.5599384982118325 43.673873429627086
1.560061832369756 43.67421199398217
1.5602808794442016 43.674896888618846
1.5602823616280743 43.67490215747018
1.5605239546416094 43.67576096972289
1.560569198703183 43.67596145557291
1.560634968294985 43.6762528943178
1.5607618144324829 43.67695585661283
1.5607720612579152 43.677035534033955
1.5608989051185305 43.67802184845556
1.560905145812136 43.678087092765786
1.5610057345113184 43.67913871310001
1.561050896966105 43.67961087106789
1.5611280285604732 43.68022232800128
1.561145891870839 43.68036393851855
1.56125988575652 43.680935956856665
1.56133703768306 43.68126144996701
1.561419886978415 43.68161097947384
1.5615629381290734 43.68205391650022
1.5616819647112583 43.68236386092804
1.5617868280810154 43.68263692444496
1.5620349324204386 43.68320484496366
1.562105999571645 43.683340417450275
1.5623798943097866 43.68386291750959
1.5626351383789692 43.684306867088495
1.5627328655734554 43.6844768453645
1.5630368492686044 43.68493691872664
1.563304408604705 43.68529283937205
1.5634999028630534 43.68555289549126
1.5638048178807975 43.68593082620049
1.5640422524850093 43.686194762891425
1.5641719452479173 43.68633893176181
1.564479840497967 43.68666098311531
1.5648892199713134 43.687057500858074
1.5649659908927829 43.68713185981956
1.5657526448624364 43.687880842632254
1.5659889556316051 43.68810583698986
1.5664419509420235 43.688580997778054
1.5665816775183634 43.68874266489117
1.5667349450305466 43.68891999920279
1.56708083824249 43.68936591646148
1.5672698967293628 43.689637862659346
1.5672866904971952 43.68966812114946
1.5676278971350468 43.69028289668894
1.5677985988227472 43.69066142069635
1.5678668745130346 43.69081281924574
1.5680559329999075 43.69134683962197
1.5681384561655205 43.69167216215924
1.5681848280471151 43.69185496923003
1.5682578437385972 43.6922928771144
1.5682917671068006 43.69271229330311
1.568300870842506 43.69282484858092
1.5683189385008576 43.69320985734187
1.5683209874105677 43.693601944154544
1.5683203032354174 43.69380891411884
1.568317152952171 43.69476190694672
1.5683134373676897 43.69588590916633
1.5683118604491322 43.69636294312096
1.5683093000546722 43.6967878560565
1.5682999359275014 43.698341889556865
1.5682949103778954 43.69917590988821
1.568294849409548 43.699254985834465
1.5682941408509357 43.700173986354905
1.5682939790553 43.70038383529448
1.5682948462875062 43.701139021099806
1.5682949103778954 43.70119483101058
1.5683209874105677 43.701944918228946
1.5683413383599756 43.7022423468104
1.5683558188756366 43.70245397915961
1.5684139334055915 43.70291181734752
1.5684822635474671 43.70335359539351
1.5685079969877302 43.703519971002336
1.5686219908734111 43.70409385198565
1.5687024881316107 43.70443491330306
1.5688429005930475 43.705029831194054
1.5689418837115532 43.70551843578238
1.568953914246423 43.70557782140921
1.5690189205635845 43.70604087500366
1.5690449975962564 43.70645084321016
1.5690437012963787 43.706585963409175
1.5690418310994318 43.70678090393798
1.5690109111892636 43.70712083668532
1.5689779423693853 43.7073559025084
1.5688935858322814 43.707681750308595
1.5688829474646513 43.70772284361101
1.568830979663826 43.70789085420722
1.5687169857781451 43.708210856651014
1.5685839929115175 43.70853495691422
1.5685059480780204 43.70871190820736
1.568496403205809 43.70873075579857
1.5684178449604924 43.70888587926818
1.568209973757192 43.70924089944156
1.567888853726287 43.70969985521659
1.56788786995021 43.709701162382274
1.5672559268904311 43.71054083952026
1.5671828534657006 43.71064057662575
1.5668368317224868 43.71111285785838
1.566548865725563 43.71159208592082
1.5664618812455655 43.71173684399732
1.5661189682659276 43.71248599989308
1.5659896836057503 43.712848568461176
1.5658408753389317 43.713265889434496
1.5657378710598768 43.71369690553166
1.5657013201651253 43.71388557917866
1.565645856387448 43.71417188005533
1.565602829283539 43.714532860693325
1.5655832105998868 43.71491751346507
1.5655739582830808 43.71509891856683
1.5656158677998753 43.715710983776546
1.5656426203541989 43.71593884464934
1.5656749136524255 43.71621389797808
1.5657998971447329 43.71663690470093
1.565891054478427 43.71693490378417
1.565970887973254 43.7171958845227
1.5661888174605851 43.71779584253868
1.5662659845108358 43.71795150540854
1.5664808802265129 43.71838499721255
1.566830234072888 43.718972024852455
1.566871849452075 43.71904195217137
1.567302865549241 43.7196648207232
1.5674825960044925 43.71992424006013
1.5681553559213832 43.720895288240605
1.5682749800743532 43.721067951345475
1.5688366384496288 43.721857487171896
1.569179853108075 43.722339951746314
1.5695072159052408 43.72279838311783
1.5700688936576743 43.72358494379189
1.5701624471413655 43.723718987619314
1.5708438309236863 43.72469527718678
1.570948993510358 43.7248459545861
1.5715390311903958 43.72565860899644
1.5718529352214845 43.72609094663168
1.5722654548045942 43.72661150106902
1.5724638828440878 43.726861895476176
1.573061800074138 43.72755463938773
1.5731638649068147 43.72767289119228
1.573778910348838 43.72836691279039
1.5738644540464208 43.72845753533382
1.574418915236419 43.72904491563987
1.5747035338940751 43.72932845235442
1.5752029025972538 43.7298259227684
1.5756571172591185 43.73025494234453
1.5759248638732328 43.73050783717277
1.5765318999409357 43.73106998349137
1.5765846806037864 43.73111736128937
1.5771778652931272 43.73164982493929
1.5775537794869594 43.73196854794185
1.577756961682967 43.7321408182116
1.5784159655514949 43.73267986772984
1.5785501712228958 43.73278536941212
1.5795904613310583 43.73360316165088
1.579663937829374 43.73366092295187
1.58057422481134 43.73432561811012
1.5809059496426423 43.7345678448953
1.5815831666893987 43.735022995938785
1.5818789954903498 43.73522181962181
1.5827209111166205 43.73578489726301
1.5827246150759628 43.73578726454608
1.5835188683163868 43.736294889516266
1.58391183438248 43.736527653588986
1.5844509359698953 43.73684697755084
1.5847999956786631 43.73704795696693
1.5851188379883965 43.73723063692917
1.5852379035630353 43.73729885527415
1.5862489473726364 43.737861932915344
1.5863284270701132 43.73790359080726
1.5874298644236444 43.73848088991227
1.5875715245090751 43.73855094652993
1.5886068699197518 43.73906296653441
1.5887939614209974 43.73915094186839
1.589635981387704 43.739546881755
1.5900461610455228 43.73973352087959
1.5901018289499391 43.73975885077772
1.5905829502027395 43.73996895715525
1.5913402809250594 43.740290507665904
1.5916239825999137 43.74041096285904
1.5924839658845358 43.74075983630329
1.5926507615041647 43.7408249723002
1.5931908397344687 43.741035880320574
1.5939475010770447 43.74131601470052
1.594087889658389 43.74136798995811
1.5950259177765085 43.74170792270544
1.595251574509415 43.741785010659775
1.596067881496278 43.74206387420141
1.5965743839957427 43.74222305849556
1.5972899630060038 43.74244795163977
1.5979505567587733 43.74264683387566
1.5983559548487356 43.74276888540616
1.5993533606054655 43.74305063844478
1.599509863544476 43.74309484831456
1.6005689636000011 43.743378901706166
1.600769886052705 43.74343229579348
1.6016869232435582 43.743675993614104
1.6021817227850326 43.743810157727424
1.6035833121200849 43.74419019645949
1.6042609126328136 43.744373926767125
1.6050192898074478 43.74457475741552
1.6064529036219704 43.74495440174232
1.6067909435955643 43.74504392024228
1.6079196766424697 43.74534986372657
1.6093139852106813 43.74572779154811
1.6093658643074154 43.745741853395295
1.6106509032245928 43.74609091310406
1.6107297184600209 43.74611174340391
1.611963881819633 43.74643792390312
1.6121249955821193 43.74648194167117
1.6135180231066255 43.746862529657655
1.6135448950576383 43.74686987132288
1.6145099315310254 43.74711182893318
1.6149806802080062 43.74722428272505
1.6151968750774162 43.74727592797449
1.6158329684100965 43.747401842789394
1.6163795698947616 43.7475002370109
1.6165169317241816 43.74752496363651
1.61723293253555 43.74762889923816
1.6176829157445525 43.74768402918931
1.6178608302293904 43.74770582648454
1.6187768791342574 43.747779959763136
1.6189981011952264 43.747793427015225
1.6192358349092864 43.747807899441
1.6197489936593694 43.747831927563965
1.6202159588087193 43.74784086826088
1.6204654227330584 43.747839918086655
1.6207538907398409 43.74783881935117
1.6217008595548763 43.747816840137915
1.6220292919029478 43.747798088810086
1.622346824907068 43.747779959763136
1.6230089952724205 43.74771793367828
1.6236975175494743 43.747640079017906
1.6238309805951487 43.74762498768326
1.6245829304587005 43.74751285644277
1.625108392449569 43.74741970538808
1.6254959991312623 43.74735099257568
1.6263139513062397 43.747168221741816
1.626507974263459 43.747124867449514
1.6271429500090244 43.746978836066546
1.6275629764995645 43.74688887030383
1.6278463663457925 43.74683463726659
1.6280379510232348 43.74679797321851
1.6284859171916377 43.746728869081934
1.628945990553781 43.746671872139096
1.6294071142392657 43.74663021298994
1.6295438996600486 43.74661785542856
1.630102879481827 43.7465889844281
1.6306709862650406 43.74657799482147
1.6309331993679492 43.746580886590415
1.6312959037265755 43.74658488660868
1.6318798429939116 43.74661990433827
1.6324019424409109 43.74665883362276
1.6324723239926238 43.74666764897568
1.632865927357955 43.74671694815271
1.6332779444741743 43.74677599400526
1.6337078429842258 43.74684994101934
1.6339539299506525 43.74690238777291
1.6344629593446025 43.74701087356383
1.6351808228011613 43.74719397158609
1.6354217824804915 43.74726292789304
1.6358759619863918 43.74739290209248
1.6365738951394089 43.74762889923816
1.6368778328157476 43.74773790571077
1.6372459375242725 43.747869925525855
1.6383023855495775 43.74827514048631
1.6385808953325651 43.748381966688825
1.6396492170294137 43.748829753845975
1.6399309405669036 43.74894783829781
1.6410253655651488 43.74940206021208
1.6424217505608474 43.74998160533105
1.6428849095750953 43.75017383136244
1.643805109527738 43.75055411454668
1.6443709279083667 43.75078794548187
1.6451198975396133 43.751091929177015
1.645191448849531 43.75111778598925
1.645905933810158 43.75137598256862
1.6464969511292191 43.7515719328427
1.6466130706457405 43.75160808062489
1.647116839448739 43.751764902884474
1.6478628288476802 43.75197482299748
1.6480653824076543 43.75202549067515
1.648506931554681 43.75213594180649
1.6494758795829687 43.75234995973892
1.6495513360143277 43.752364484516285
1.650135814774092 43.75247699214094
1.651073176054998 43.752637555745125
1.6526157131163843 43.75290178183938
1.6541694005563925 43.75316791791755
1.6545778510252651 43.753237882701406
1.6557420514331025 43.7534399114489
1.656801849383157 43.75362382278496
1.6573248553859756 43.753712409371445
1.6580719871388074 43.7538389583045
1.6588205456630762 43.753967101541754
1.6594799606385815 43.7540799845922
1.6603958740936542 43.754236847323575
1.6618867784313265 43.75449218512359
1.6627079247543497 43.75463281768485
1.6628928854218026 43.75466392385953
1.6633778676942743 43.75474772746863
1.664634831204299 43.754964927322376
1.664871670809993 43.755004491257345
1.6655268519862036 43.75511393893765
1.6662568226365035 43.75522495259102
1.6663738969793016 43.75523900899465
1.6670728474946213 43.75532292772806
1.6678773088448473 43.75540351340538
1.667931899456648 43.75540898193588
1.6690088809060055 43.75547082175622
1.669367872541075 43.75548262514488
1.6698019952282757 43.75549689878889
1.6706098244475531 43.7555028592535
1.6708845902512417 43.75549619220337
1.6712239385669814 43.755487958091976
1.6718648747771578 43.75546597887872
1.672388836869348 43.75543599029115
1.672401584284961 43.75543503825332
1.6729649530268822 43.75539296318724
1.6735848413464018 43.75533298601209
1.673767199090867 43.755312521658865
1.674218885769372 43.7552618329658
1.6750536629833572 43.755144154586766
1.6755018757768394 43.75508097011777
1.6765708672632729 43.75492495083027
1.6779968890100023 43.75471682298296
1.6780629339483444 43.75470742392669
1.6795502964381028 43.75449575284212
1.6805399584890892 43.75435491102237
1.6810379935168656 43.75428228883542
1.6822478178645928 43.75410587536035
1.682520312657359 43.75406721364591
1.68369192668107 43.753900984389354
1.6840051405151877 43.753855858492784
1.6854699213344415 43.75364482200413
1.6866008196756428 43.75348188922141
1.6869986223706597 43.75342320104603
1.6878078137593229 43.753303820341166
1.688486243685801 43.7532137471681
1.689057834946912 43.75313785865466
1.6898418223077467 43.75305795117597
1.6899873437665272 43.75304683127621
1.690404899948945 43.75301492407206
1.6909728204676395 43.75297785743277
1.6915349389399548 43.75295510156007
1.691837832894277 43.752942839703174
1.692667827591326 43.75293799682568
1.693071673092074 43.752942454076546
1.6934778919848328 43.752946937522594
1.6942629969327825 43.752979906342475
1.6946161062272516 43.753003871167046
1.6950589052228384 43.75303392305301
1.6958389810287724 43.753106938744494
1.6961398210774263 43.75314224174247
1.6966818279776386 43.75320584520413
1.697468981835298 43.753322819322115
1.6982458911444074 43.75345786109845
1.698548582751645 43.75352018203932
1.6990429170215782 43.75362196013977
1.7000619346295265 43.75386569171175
1.7002009235367386 43.75389893547965
1.700968892148932 43.75411295341208
1.701652332452813 43.75432210384371
1.701716930457583 43.75434187250603
1.7026409887367708 43.754657963394926
1.7030564234899743 43.75481660587173
1.7035389699832866 43.75500087637456
1.7041407213250868 43.75525941116767
1.7042629801689757 43.75531193812144
1.704753973441287 43.75552688737646
1.7052138605389118 43.755753943825226
1.705297102690328 43.75579639904827
1.7057529100571478 43.7560288702554
1.706330888859873 43.756335834182856
1.706577578920455 43.756481364931425
1.7070599281875771 43.75676591895743
1.7077310889848771 43.757196806115765
1.7082279929867683 43.75751581991127
1.7088822494331075 43.7579207472979
1.7091459045368262 43.75808392669448
1.7100179161275684 43.758664145789986
1.7111819228183 43.759438652592905
1.7117999876692889 43.75984990059994
1.7123882331426812 43.76023462383337
1.713571150048859 43.76100827299448
1.7147243802474346 43.76176250650915
1.715672985814653 43.762382911794994
1.7159178213390835 43.762543191126106
1.7170489330925482 43.76328366306406
1.7174128826874393 43.76352191932921
1.71818081929487 43.76402495900648
1.7188189935420228 43.764442997376094
1.7193097491955291 43.76479666816328
1.720161960724636 43.76541082781726
1.7203900569881416 43.765587142035336
1.7203949776380132 43.76559094560722
1.7213218298849873 43.76639188303929
1.721361670080393 43.76643048643742
1.721999832734462 43.76704883799811
1.722254190137854 43.767321341343504
1.7226029572472636 43.767694989614824
1.7230897836625527 43.768271498975224
1.7231459183204008 43.768337974734706
1.7232269433862033 43.768438930104054
1.7238008243695089 43.76922999551661
1.7238018441567904 43.76923148448238
1.7243979884176996 43.770101899730456
1.7244654906662154 43.77020169852592
1.7249079806709584 43.77085589850372
1.7251262534413905 43.7711735256635
1.725805403113435 43.772161813762715
1.7258618412732 43.77224394169995
1.7264736564680925 43.77314052667118
1.7267298339321426 43.77351594210079
1.727169946395398 43.77410358289911
1.7278239517172564 43.774976814723985
1.727869875096366 43.77502974849694
1.7283888920036456 43.775627995482715
1.728684744261992 43.77595837846953
1.7289538322900346 43.77625887340886
1.72957685563999 43.77683174213958
1.7301708846577455 43.77737795063953
1.7305032528097797 43.77764651443906
1.73150445227509 43.77845551473241
1.7323278277887664 43.77912082774462
1.7324916076333317 43.77928918475743
1.733345861081578 43.78016731209423
1.7342027543327925 43.781048153008776
1.7348338306285551 43.78169686604359
1.7350811356098823 43.78192149603109
1.736021415374887 43.78277556306493
1.7369548714696206 43.783623432079786
1.7375499398458736 43.78416393959888
1.737755324214141 43.7843510912845
1.7386001467980297 43.785120916037755
1.7395358256723663 43.78597353145346
1.7404689992119242 43.786823863941635
1.7414052677635243 43.78767701668691
1.741458887043421 43.787725875997374
1.7424823448518163 43.78844701651387
1.7429249750731508 43.78875889902023
1.7436248682642017 43.78914867356261
1.744181888047946 43.78945888108296
1.7444869893302095 43.789605843788515
1.7448429829361485 43.78977817714592
1.7460636294510248 43.790369081332415
1.7461788299570715 43.79042484887894
1.7473971540416016 43.79085273887459
1.7483458313721232 43.79118592570393
1.7487888186602358 43.79128622596501
1.7502081328737282 43.79160758413936
1.7508319039083695 43.7917488170806
1.751626226007862 43.791869678207085
1.7524429057339483 43.79199394118773
1.7530048657880322 43.79208185804073
1.7530508002898233 43.792090338023065
1.753568874751826 43.792185979906904
1.7541299034833142 43.79229997379258
1.7545402866688724 43.792388692995665
1.754633935271962 43.79240893853625
1.7549768482516002 43.79249387515695
1.7554099132584762 43.792608986629745
1.7561934785625115 43.79283755710855
1.756204890225937 43.79284088595601
1.7571198215436896 43.79314486965116
1.7579085217319377 43.793442831115705
1.7579298859371963 43.79345090225602
1.758445838655066 43.793666969098155
1.758930871462767 43.79388098703059
1.7590295147060178 43.79392909241495
1.7595049387105912 43.79416094260277
1.7602609863935632 43.794562901434965
1.7602663547929072 43.79456594892084
1.7609408518882286 43.79494884151851
1.761400519257509 43.795219121623106
1.7625363162921903 43.795886959633485
1.7636767848559736 43.79655754445918
1.7647448798009164 43.797185574275375
1.7663401395183271 43.79812357203657
1.7672999225698394 43.79868791547465
1.767940526101065 43.79906393206256
1.7689744039498554 43.79967078981788
1.7701358363742854 43.800352518587744
1.771281763329401 43.80102514607518
1.7724273086735247 43.8016975495675
1.7735879865521107 43.80237883543978
1.7748029379113586 43.80309197834691
1.7754638964413978 43.803479942757185
1.775854321695222 43.80369052353729
1.7770999457898824 43.80436236658793
1.7772289390242608 43.80443194071424
1.7777588615810616 43.80467594723424
1.7783520228603251 43.80494911749968
1.779254938198364 43.80536493969034
1.7796394725175306 43.80549339323318
1.781014923313341 43.80595286204756
1.7811619143447708 43.80600196434562
1.7824382922374506 43.80634910045431
1.7831288676663235 43.80653691604443
1.7838359732613058 43.80672402090865
1.7848408248612468 43.806989911354854
1.7855029997398315 43.807165000512434
1.7871378025902556 43.80759726736995
1.7890203344738134 43.80809503756975
1.790208291953865 43.808409151682426
1.7909299982547016 43.80859998185784
1.7915760688844016 43.80880827238897
1.7929314260788547 43.809245234010405
1.7933369083703363 43.80937595984435
1.794210063449617 43.809741506774245
1.7954862815699555 43.81027579630291
1.795691850685146 43.810361857943874
1.7967523339327436 43.810833676806205
1.798123443644401 43.8114436962721
1.7999734703355632 43.81226679035745
1.801171363998604 43.81279974439191
1.8019248202873357 43.81313496410403
1.802455434509584 43.813371348978514
1.8037300140946728 43.81393916514817
1.8049895094422657 43.81450026139696
1.805852952730349 43.81488491926085
1.806209289513721 43.81505321682751
1.8074269747798697 43.81562832856679
1.8087678002842815 43.81626159933826
1.809752959230981 43.8167268890901
1.8098576124286077 43.81679376017988
1.8109721423342535 43.81750592025784
1.8114369767480416 43.81780293921686
1.811847876277146 43.81809090416336
1.8120472103909837 43.8182465354113
1.8122718143225869 43.818421896213785
1.813099946374445 43.81902297181687
1.8130999594374604 43.81902298220122
1.8140953663521069 43.819814273317355
1.8151024501266808 43.82061484686402
1.8161080322903649 43.821414226716584
1.8170258436432296 43.82214383383417
1.817556277831037 43.8225638173552
1.8188241845529176 43.82356771179041
1.8198828096199704 43.82440590264108
1.8208630698746744 43.82518204634139
1.8218477068498065 43.82596165541119
1.822838023874315 43.826745761791294
1.8233698268987943 43.82716682912037
1.823751093411988 43.82746300686896
1.8246211843685065 43.82813891616508
1.8249789660791824 43.82841685030796
1.8256262779781989 43.82892840206503
1.826694288430858 43.82977241964676
1.8280660978295584 43.83085652069502
1.8289578993207525 43.831561285462165
1.8298183377022408 43.83224126487637
1.8307339809253955 43.832964871070494
1.8307362446623576 43.83296665817563
1.8311329595252788 43.83327984437227
1.8317640871406715 43.83377390670194
1.832792260016056 43.83457878589552
1.8330069668518072 43.8347468637246
1.8338845944663384 43.83535857017193
1.8349766358541353 43.836119723019216
1.8350558765617584 43.83617495379243
1.8359480902247003 43.83673034338017
1.835953857808274 43.836733933614205
1.8369039931201336 43.83728788429397
1.8376029926747557 43.83767441082642
1.83785692239978 43.83781482661847
1.8386302523604647 43.83821477012744
1.838854927693045 43.83833096560085
1.8398069256500955 43.83877688285955
1.8398852514059407 43.83881215747963
1.8408218810145975 43.83923397598939
1.8411974046503905 43.83938590898285
1.8425353738532932 43.83992723753525
1.8429078573638469 43.84007794052537
1.84390550037473 43.84040794921309
1.8439568991353417 43.84042495132442
1.8452869798149665 43.84083103439417
1.846455823923405 43.8411878907946
1.8467841560824525 43.84128344573513
1.848893505920282 43.84189733259563
1.85091621410368 43.84248600402135
1.8521359604329457 43.84284098840149
1.8521944437126556 43.84285785760636
1.8536171312039271 43.84326822458443
1.8550237286879656 43.84367395048166
1.855799969787895 43.84389785328279
1.8564314568066045 43.84407899752931
1.857850943128598 43.84448618211528
1.8592437525803749 43.84488571434827
1.860680710603554 43.84529791075245
1.8621313054090765 43.845714018915054
1.863598069957011 43.84613476542447
1.865043604825194 43.84654942212645
1.8658439114505927 43.84677899286402
1.8662694338174872 43.84690067899299
1.867557622578322 43.84726906081235
1.8690130158355949 43.84768525790418
1.870481543272045 43.848105210961734
1.872189811842048 43.84859372250826
1.87384402936457 43.849066777140536
1.875717207294663 43.849602447622104
1.8758798437389697 43.84964895657411
1.877166712128096 43.850017707581685
1.8786174277274152 43.85043340886355
1.8800577796462576 43.85084614044187
1.881481017614188 43.85125396803257
1.8829088908018412 43.851663123841426
1.884124696990604 43.85201151203785
1.8851869229641611 43.85231589195838
1.8853838352208088 43.85239246212775
1.8866809506717537 43.85289685099342
1.8867009711583769 43.85290639828901
1.8878449176515248 43.853451919260294
1.8879662299490951 43.85352445149571
1.8891361909235111 43.854223967427075
1.890304722724432 43.854922628860166
1.8903069620648092 43.85492396775463
1.8903094767739048 43.854926073249985
1.891291583578763 43.85574836371727
1.8922758719043076 43.85657248071061
1.892450866679494 43.85671899892507
1.8933360018969692 43.857878633787095
1.893659909672884 43.85830299239538
1.894236957153014 43.85912386013099
1.8944494461246124 43.859500836047474
1.8946698358953709 43.85989182874319
1.8949051084633208 43.86042702989429
1.8950188956041387 43.860685874388054
1.8951479769158657 43.861029904954805
1.8952560962987228 43.861366667361295
1.895376896009823 43.86174292553387
1.8955901671329107 43.86244294229444
1.895702858918224 43.862812828931496
1.895915411970157 43.86351502625445
1.896234559791455 43.86456937359834
1.896348824270416 43.864946861526676
1.8965546365968369 43.86562395534853
1.8968340707672813 43.866543254759385
1.8968558362913692 43.866614860295094
1.897064825081784 43.86730497033831
1.897288027541555 43.868037282767965
1.897487831804629 43.86869282727002
1.897674841381792 43.86921790694932
1.897810464052127 43.86952327982691
1.8979879520383764 43.86992291815407
1.8982764701698884 43.87041897182174
1.8983688629799085 43.870577824203174
1.8989645588532809 43.871385353821175
1.8990099854546036 43.87144693444923
1.899810364651723 43.87228815879211
1.8998129717963856 43.87229089898521
1.9008079156595703 43.8731127619739
1.9010089762734392 43.87327884599445
1.9018685839748863 43.87389182972978
1.9022178330023105 43.874140878188776
1.9030033665233916 43.87469628464808
1.9040412860475673 43.87543013901902
1.9056899899026003 43.87659584455034
1.9058063230031317 43.87667842350369
1.9058999100156109 43.87674485616561
1.9063188189190363 43.877056849235075
1.906718915106034 43.87734295153639
1.9067326828589752 43.87735287712572
1.907535871286747 43.877931919945745
1.9077595025892276 43.87809249063515
1.9087559038867632 43.87880792197901
1.9088994665987815 43.87891093810106
1.909371880651382 43.8792499276828
1.909682942398256 43.87946990607984
1.9098647017416397 43.87959219125363
1.9100279042876045 43.87970199167062
1.9105878154319784 43.88006390363121
1.9107368270472471 43.88015684962623
1.9109158272500897 43.88026283413759
1.9109601636769376 43.880288335916944
1.9110149199742432 43.880319831080435
1.9111058170595576 43.880369936236065
1.9115789289380372 43.880627912595
1.9120859409589903 43.88089687856056
1.912096397751687 43.88090204512813
1.9125899727476383 43.88114591422258
1.9130889753942708 43.881381911368265
1.9133519808952208 43.881505963537975
1.91364981786124 43.881632995939995
1.9140324900406052 43.8817915297988
1.91422891425108 43.88187290464057
1.9144919197520296 43.88197888915194
1.9147979523568888 43.88209195171502
1.9154088999794925 43.88231193011206
1.9159276380674903 43.88248643240384
1.9159559588720492 43.88249595945692
1.9165518190686064 43.88267384207265
1.9170942214723268 43.88282695371809
1.917125886316431 43.882835892204255
1.9177109431708816 43.88299198187125
1.9180218186532367 43.88306984044023
1.9183598887553783 43.883146953951126
1.918530805662036 43.883183890223535
1.919002873875265 43.88328590728237
1.9196439963499603 43.883411822097266
1.9199887679092735 43.88347013973669
1.920306911773389 43.88352395333776
1.9214787931276585 43.88365774022475
1.9229593478078848 43.88382676655234
1.923065861830097 43.883838926639534
1.924437942145227 43.88398009688974
1.92580835781322 43.88412109586817
1.928094522306004 43.884356314178575
1.9302942596659565 43.88458264019614
1.931542560012424 43.88471107500445
1.9329517412273165 43.884856062482584
1.9343887893500809 43.88500391712405
1.935855025266281 43.88515477483178
1.9373346028302143 43.88530700523157
1.9388874599903176 43.88546677520379
1.940217879134074 43.88560365903
1.9408038319826983 43.88566394639754
1.9417800323648655 43.885768684709795
1.942098929183906 43.88580289972878
1.943246500951907 43.885968222002774
1.9433349805325637 43.885980968609026
1.944507888209251 43.88619889809636
1.944686668026285 43.8862402195909
1.9457368615061832 43.88648295148796
1.9461100702395933 43.88658597427285
1.9474869070738892 43.886966044598914
1.9486349511586492 43.88728295759744
1.9488595711989256 43.887345092639826
1.950063783223227 43.887678205237805
1.9515559513469625 43.88809097308124
1.9520148259657089 43.888206250513136
1.9528178934637732 43.88840799529272
1.9540144003636744 43.88864605951638
1.954078904257988 43.88865889359993
1.955039842911955 43.88882392396384
1.9552739916754571 43.88885472393015
1.956050886721556 43.88895691683047
1.956739452280788 43.88902036127929
1.9571789046491437 43.88906085243213
1.9579859888103452 43.88911188891035
1.958213721815507 43.88911877695494
1.9588789409148455 43.88913889726562
1.9596981848764656 43.88914373320505
1.959730914825147 43.889143926407634
1.9605808398257385 43.889128838981584
1.9611679326963376 43.88910662393337
1.9613979822709704 43.88909791907142
1.9627499528433217 43.88904620362235
1.9641088071107016 43.88899422485884
1.9656999953542231 43.88893335887829
1.967070854464267 43.888880920906686
1.9671926934926576 43.88887655615132
1.9674348153345615 43.88886788239035
1.9686556319433444 43.88882282092195
1.970118343312628 43.88876883089456
1.970169923532827 43.888766927021
1.9715659506180176 43.88871036693753
1.9729329714089552 43.88865498204503
1.973023810358208 43.88864878653815
1.9737249681441107 43.8886009653345
1.9743346021534944 43.8885359318081
1.974494985666014 43.88851882268158
1.975417926358087 43.8884048287959
1.9763518566567864 43.88825488585803
1.9764459295995065 43.88823814658391
1.978524662658864 43.88786825826632
1.9798070258480112 43.88764007545061
1.9812529812050024 43.88738278315813
1.9814769248994497 43.88734293477259
1.9826865283596813 43.88712681460564
1.9840940203145985 43.88687533764952
1.9841019507669349 43.886873920713526
1.985536312819846 43.88661791037447
1.986757896544588 43.88639987751245
1.9870748810749257 43.88634357674491
1.9883629563989185 43.88611479703346
1.98986120909449 43.88584868695977
1.9912786107687344 43.88559693712806
1.992077983738735 43.88545495760712
1.9926853191671992 43.88534473957801
1.9936709179059624 43.885165875073504
1.9941287289735088 43.8850879634103
1.9952688812152048 43.88489392887564
1.9956317213251704 43.88484689843194
1.9966958536959256 43.88470896820819
1.997143350328241 43.884667026413034
1.9981148168023264 43.884575975341555
1.9985481406676504 43.88454680081142
1.9987538903673117 43.88453294823765
1.9994089826809387 43.88450482229527
2.0004312500713506 43.88447221524071
2.0007228925985743 43.884462912778474
2.0013979152157435 43.88446887324308
2.0020639971359966 43.88448284308201
2.0027339906111505 43.884503890972674
2.003155743991125 43.88452712067724
2.00340696431861 43.88454095761197
2.0042328611962392 43.88460596392913
2.004521377111368 43.884631636359416
2.0049969182535317 43.8846739504786
2.0057928265435883 43.88476894538333
2.0060309412733424 43.88480240044673
2.006582960633553 43.88487995903671
2.0073948876722505 43.88500997167103
2.007515162691376 43.88503144347677
2.0082118438529637 43.88515581678947
2.00899819421063 43.88532023550062
2.009010918639844 43.885322896063094
2.0098088758396107 43.88550096494334
2.0105247957483376 43.8856824889503
2.01069996529892 43.88572690380499
2.011585839351695 43.88597295923471
2.0117155792652595 43.88601355756204
2.0124709683463937 43.886249934574586
2.013330951631016 43.8865369681985
2.0136304870223647 43.886649663462926
2.0142369422518525 43.886877832268425
2.015130825678948 43.88724197940324
2.0157766122389846 43.88753846007478
2.0168610575258623 43.88803632900981
2.01688189842288 43.88804589706762
2.0176679346934243 43.88844692457721
2.0181097591370363 43.88869596522349
2.0185178596940156 43.8889259969203
2.019296817912835 43.88938998183735
2.019309677911542 43.8893982629434
2.020080991538189 43.88989494494859
2.020446465065663 43.89013486045451
2.021568587244425 43.89087147881398
2.0227559378540545 43.89165091644984
2.0231198971670845 43.89188983794801
2.0237600778474776 43.89232687257775
2.0249282467895315 43.8931243510033
2.026044039019779 43.893886073215725
2.027144440939829 43.89463728886535
2.0280769548135313 43.89527389173077
2.028237505183601 43.8953972799123
2.0290619215904604 43.89603087073633
2.0292750720732062 43.896208617178075
2.029717945226683 43.89657792962889
2.03023014952626 43.89706992065698
2.0304259366637307 43.89725798138808
2.0310009493171335 43.8978710945109
2.0315869234111963 43.89849589538193
2.0322028000596446 43.89917469728401
2.0334526451316166 43.900552241333294
2.0339368365839907 43.90108590351982
2.034175351475724 43.901348563209005
2.0349819668005846 43.90223683198326
2.0350132456246635 43.90226601073293
2.0359437575767387 43.9031340476914
2.0359779231841397 43.90316591940446
2.036964571190216 43.90398625282207
2.037187897500125 43.904171934072046
2.0380513977146446 43.90476357857277
2.0385569417154104 43.90510996219017
2.039272983170296 43.905531805178605
2.0397909441543582 43.90583695260816
2.040353934852668 43.90614508153408
2.0416396987610854 43.90684878952298
2.0428607304015016 43.90751706906828
2.0440770820062433 43.90818278719583
2.0443149367939295 43.90831296686038
2.0452899469525136 43.908848403399034
2.046497542209197 43.909511566360614
2.0476943116811523 43.9101687842347
2.0487398013161897 43.91074292527975
2.050496959075345 43.91170788596262
2.0512108218195473 43.91209991079792
2.05225862736749 43.91267206495304
2.05303099870006 43.91309381827177
2.0533130017621772 43.91324678672244
2.0534348201774395 43.913312865346214
2.0538598758099944 43.913524834368936
2.054260903319588 43.91369787410717
2.0545963922698314 43.91383491126034
2.054669940203502 43.91386495338079
2.054843911264328 43.91393182234314
2.0550018635765133 43.91399291710539
2.0551508751917824 43.91404898272564
2.0554818672421993 43.9141588787919
2.0558318582735624 43.91426989244528
2.0559714302702456 43.91431084968523
2.056175888840315 43.914370847814624
2.0563938183276464 43.91443194257688
2.056604856027771 43.91448391037771
2.056729839520078 43.91451483028788
2.056871959348141 43.91454798537227
2.0571349648490913 43.91460889387002
2.0574048621372474 43.914665890812856
2.057419657032276 43.91466880556799
2.057541952823295 43.91469289916813
2.0576699165479075 43.91471599596849
2.05795490126211 43.91476591485961
2.0582408172989073 43.91481099087323
2.0585839165430646 43.91485699820944
2.058921131704625 43.914897056166
2.058928878432413 43.91489797640364
2.0591609640231945 43.91492088693949
2.059381873742831 43.91493988592043
2.059586950978345 43.914954973346475
2.05984492733728 43.91497192341772
2.060508129699075 43.91501261971268
2.061905749024671 43.91509838226659
2.063533110054537 43.91519824253292
2.0637879609418204 43.91521388102801
2.0643059625694 43.9152449872027
2.0651147843465374 43.91529564582143
2.066699443762926 43.915394897176256
2.068278644241526 43.915493806623566
2.0688709334031703 43.91553090323949
2.069861329501914 43.91559259282204
2.070461818660687 43.91562999596365
2.071435720068914 43.91568935565692
2.072264859205444 43.91573989202991
2.0728390548633815 43.91577410336541
2.0749523280154367 43.91590001497027
2.075387956396966 43.91592597028448
2.07705717937958 43.91603203549483
2.077354909718519 43.91605095377678
2.0783259066565165 43.91610888204222
2.0783835206855614 43.916111891086416
2.079320931717476 43.916160849843045
2.0799024527146988 43.91617595761004
2.080589951886012 43.916193818662926
2.0813359412849533 43.91618692687572
2.081433080977439 43.91618368969124
2.0820849109162 43.91616196743016
2.0829429041297858 43.91611877760528
2.0835169125389363 43.916089883061275
2.0845186526166013 43.916034552291634
2.084548817974675 43.91603288611843
2.0861520418689437 43.91594116799306
2.0872219000880845 43.91587996294826
2.087553569656144 43.91586097316665
2.088818399244087 43.915788555194176
2.089212881532599 43.91576596906258
2.0900149365517855 43.915723873281266
2.0903959767313784 43.91572124768141
2.090879948978423 43.91571791281665
2.0912258421903664 43.91572983374588
2.0915648436151035 43.91575293054625
2.0919476420672436 43.91579466508373
2.0921798890571273 43.91581998577312
2.0927148407559435 43.915903991071225
2.093284996448867 43.9160228278344
2.093473412456447 43.916072116440866
2.0939998796731207 43.91620983741157
2.094924431453031 43.91649048546994
2.095106849710051 43.916545858604
2.095666947118944 43.916721878574535
2.096357108773804 43.916926558095064
2.0968879110415557 43.91708397679964
2.0974258429726773 43.91723689996981
2.0977369047195515 43.91731792503561
2.097778359632074 43.91732732791788
2.098168852139313 43.91741590017265
2.098421985620752 43.917466936650875
2.098730998457916 43.91752188468401
2.0990234503690814 43.91756615568238
2.0990619905083325 43.91757198983965
2.099383855597314 43.91761687958874
2.099700877808799 43.91764984840862
2.1004559941691756 43.91771187449348
2.1012358837105904 43.917757881829694
2.1013321619313934 43.91776372225688
2.102681568920336 43.91784557995221
2.1028509833555886 43.91785585696673
2.104206000358639 43.91793657615318
2.1046989136494454 43.91796593929751
2.1057181071703193 43.91803082622464
2.1062378311061374 43.91806391443455
2.107008966215155 43.91811085309336
2.107195148891617 43.91811929642765
2.1077359566331495 43.91814382191324
2.108413959482624 43.918160958249
2.1086800683484626 43.9181601836532
2.1091178531002517 43.91815890933928
2.1099968353658207 43.918131900984015
2.110126702937534 43.91812637653144
2.1108419174889157 43.91809595193183
2.111434983717687 43.9180819820929
2.111659344140268 43.918085980719205
2.1121038596057264 43.918093903022125
2.113074856543724 43.91814195926805
2.1131539026350805 43.91814617003861
2.1135049413182947 43.918164869803896
2.114589202920852 43.9181041034943
2.115199948441981 43.91806987489916
2.1158372762393145 43.91797852027237
2.116301889336897 43.917911922586974
2.1171210022611833 43.91775107859457
2.1172238987063743 43.917730873474426
2.1173529800181012 43.91763289833739
2.1173689987667426 43.917570872252526
2.1173889290702848 43.91748984718673
2.1173218738434136 43.917433967831
2.117276984094314 43.9173969011917
2.1172909539332454 43.91726185941536
2.117315913378803 43.917219949898566
2.1173799883733686 43.91716295295573
2.117427858354774 43.917137993510174
2.117524902169218 43.9171128478001
2.1176679533198763 43.91712085717442
2.117757919082595 43.917155874904005
2.117848816167909 43.917241929111825
2.1178709816456807 43.9173149448033
2.11786297227136 43.917373990655854
2.1178208764900464 43.91744197720532
2.1177869763475727 43.91747196579289
2.1177908879024736 43.91756193155561
2.1179739859247353 43.91782698596627
2.1181248601851954 43.91796091015549
2.118201973696097 43.9179599788329
2.1183038603880373 43.917981958046155
2.118367935382603 43.91801287795632
2.118402900455554 43.91804366664556
2.118434990609474 43.918071923808874
2.118458832467917 43.91811290200307
2.118472988571368 43.918187966604265
2.118458832467917 43.9182449635471
2.1184098448993978 43.91831183250945
2.118623862831828 43.91841390546591
2.1188419785836783 43.9185299482613
2.1191129934589488 43.91864189323728
2.1192929307516675 43.91873687533404
2.119296836539287 43.91873893705172
2.119356639004763 43.91874161816529
2.119541960646405 43.91874992665834
2.12058485568877 43.91879798290427
2.120688719270041 43.91880416482992
2.1211199936521052 43.91882983413704
2.121998133363227 43.9188822317767
2.122143889713523 43.918890928899295
2.1223059398451287 43.91890098718333
2.123239870143828 43.918961895681065
2.1233878612973185 43.91897166648469
2.124699386433848 43.9190582571643
2.125843848120656 43.91913381783218
2.126074251614609 43.91914526271162
2.1261288328348584 43.91914797393564
2.126214887042676 43.91915393440024
2.126347879909304 43.91916194377456
2.1263599871030445 43.919208882433374
2.1266269041588957 43.91955887346474
2.1268828316081203 43.91976693093256
2.12698650471324 43.91984665948786
2.1278489856686216 43.920509940099194
2.127949527266806 43.92057807966573
2.1279668911092036 43.92058984757788
2.128045867265296 43.92065988303706
2.1288714741416532 43.92122187642675
2.129655937768279 43.92175586346736
2.1298375397203144 43.921893336871875
2.130780775170226 43.92260736988256
2.13128482098769 43.922988934583714
2.13134591574995 43.92304891175886
2.1314299210480585 43.92309491909508
2.131713974439665 43.92330390788549
2.131723568051229 43.9233131561431
2.1321589603757625 43.92373287507294
2.1321759104469993 43.92374796249899
2.132497871496341 43.9240873661334
2.1325059711748207 43.92409590462064
2.132689814255159 43.924289992249534
2.133055824035164 43.92471299897238
2.133109840745699 43.92481097410942
2.133150286241973 43.92487995092477
2.13322998136051 43.92501586508041
2.133838880073403 43.925484879139475
2.1340207077782374 43.9255987253515
2.134544822600741 43.925926884843264
2.1350383293172186 43.92614432171318
2.1351578191330542 43.92619696839594
2.1353649452782784 43.92629494353298
2.1354189619888135 43.926372988366474
2.1355098590741277 43.92635082288871
2.1363864574607425 43.926277138286885
2.136495943438171 43.92626793517771
2.1369599283552154 43.92620982064776
2.1371499181646834 43.92620497777026
2.1371348307386375 43.92631096228162
2.13711192020279 43.926670825332494
2.137100930596164 43.92671292111381
2.1370908723121333 43.92696083918872
2.137034992956407 43.92701299325406
2.136996637540355 43.92705541500362
2.136969986639246 43.927084891358426
2.1367729187780524 43.92704987362884
2.1366818354282193 43.92704186425452
2.135693788345649 43.92693912450674
2.1354798704865545 43.92691688076221
2.1353919536335457 43.926897881781265
2.1349219766558956 43.926800708262725
