4.8801368759746 52.414413955842306
4.880151820484217 52.41440893890878
4.8801368759746 52.414413955842306
4.880020876527299 52.41445289733528
4.879762900168364 52.414253966828895
4.879585161157548 52.414116798679245
4.879522991467781 52.414068819896926
4.879446995543994 52.41401089163149
4.879271906896053 52.41387584985515
4.879115817229058 52.41375589550486
4.8790379586600805 52.41369386942
4.8789468753102465 52.41372497559469
4.878845919940902 52.413740994343335
4.878741984339252 52.413740994343335
4.878640842705388 52.413725906917286
4.878549945620073 52.413695918329715
4.87818550218103 52.4138689798204
4.876956172355548 52.41445274572027
4.875959937482177 52.41492582294924
4.875713218014922 52.415060789625144
4.875480865139086 52.415187897127595
4.875170920979326 52.41538496498879
4.874845889393521 52.415684850864515
4.874775130571998 52.415814168710746
4.874764864327719 52.41583293115719
4.874680859029611 52.41598194277246
4.874635969280511 52.41612890547802
4.87462386208677 52.4162389878088
4.874635969280511 52.416439967224896
4.8746868194942214 52.41664392687329
4.874725717893057 52.41675312205172
4.874743816437062 52.41680392809519
4.8748628394647575 52.41698982008524
4.8750388594352945 52.417175898339806
4.875231829477068 52.41733887979401
4.875553484801162 52.41758669545518
4.875575860043821 52.417603934204664
4.8765389140828965 52.4183551799086
4.877212938902071 52.418880963747526
4.877499683632696 52.41906403702439
4.87777191872385 52.41923784656609
4.878045913831426 52.41937493725214
4.87876806375178 52.419557610176014
4.880045835972857 52.41988083168598
4.880178251939968 52.419916501393566
4.88024290383405 52.41993391707392
4.880277921563638 52.419942857770835
4.880318899757837 52.419950867145154
4.880418923804587 52.41997899308754
4.881550044410671 52.420299217356586
4.881580841874648 52.42030793622824
4.882496890779515 52.420558834535456
4.882937672457409 52.42068402396563
4.883468819040108 52.42083487855274
4.8835949201195294 52.42087082760492
4.883667935811012 52.42089094417298
4.883644839010644 52.420982958845414
4.883674827598218 52.4210628663241
4.883635898313728 52.42125881659818
4.883610938868171 52.421345988393114
4.883534336272748 52.42162746316773
4.883332845941175 52.42236783554482
4.883285502259874 52.422534775633586
4.883225930107219 52.42274483493145
4.8832289103395246 52.4230439757491
4.883123167597976 52.42344252319494
4.883086976775981 52.42357892744792
4.8831018779375075 52.42362698369384
4.883181971680715 52.42373296820521
4.8840389747330315 52.423950897692535
4.88438467947708 52.42404479460433
4.88579199788703 52.42442703654599
4.886251983484297 52.42455197329563
4.886582975534714 52.42463392968403
4.886919928049742 52.4247039651432
4.887293417115146 52.42475844236458
4.887495857942757 52.42478797044131
4.888029878318978 52.42483397777752
4.888561849785488 52.424855956990775
4.889052687144336 52.424870051444465
4.889709984281137 52.424888925810656
4.890614857314859 52.424888925810656
4.8907674476313145 52.424886508857384
4.891496819812733 52.42487495597173
4.892481248037158 52.42484176459366
4.893457998934195 52.42480883206745
4.893962936295765 52.42475435294589
4.894486924137628 52.424697818414074
4.895533916999413 52.42456184531514
4.895609630886937 52.42454901902397
4.896406938800371 52.424413951286986
4.897175838735159 52.424275929278345
4.897346253831515 52.42423888143503
4.898449888045711 52.42399895393846
4.899088365772765 52.42384164556105
4.899208915960988 52.4238119443613
4.900095907600877 52.42357985877051
4.9007520895338175 52.42338234958878
4.901178849514846 52.42325389586212
4.902047959760903 52.422975989199635
4.902382006344879 52.422858981824746
4.902901982580914 52.42267684838198
4.903927289744713 52.42225454364917
4.904406999895133 52.42205696006246
4.905402875556428 52.42159190089048
4.906874992798739 52.42090444395949
4.907447954433739 52.42063687936895
4.907967818706508 52.42039585308125
4.908345537610683 52.4202246509374
4.909774816402403 52.41957682634986
4.910495987024069 52.41924995375983
4.911124433955799 52.41898864280609
4.911683982126802 52.41875598025521
4.9125329253690095 52.41842795757335
4.913161991085753 52.4181848932397
4.9140210051643995 52.417875360635286
4.914274921587294 52.4177838657301
4.91553529542846 52.41734505735344
4.9162308853022205 52.41710288264832
4.916991313470879 52.416808721179336
4.9176628869249575 52.41654893196856
4.918408426029272 52.41623989488935
4.919148905258229 52.41593295520394
4.919811675781939 52.41564475670259
4.9205838871132705 52.415308969065
4.921234698907643 52.415013209406254
4.921963920935182 52.41468181642924
4.92260860990809 52.41437556182294
4.923955186584424 52.41373588078731
4.924049897284431 52.4136908891877
4.924498981039949 52.41347482234555
4.92533912087378 52.41306580771053
4.926687100018985 52.41240955600586
4.9270398153448065 52.412237839674304
4.928020192570912 52.41174006465046
4.929097852016192 52.41119289572223
4.929327553135744 52.41106989175674
4.930010920688754 52.41070395135963
4.930627955509878 52.41037843262225
4.931024944730661 52.41016899966081
4.931963769855547 52.409746261281626
4.932399949410557 52.409549856399366
4.933376211978273 52.409112097385595
4.933612903958847 52.40900596400364
4.934009833649021 52.40884298254944
4.934849265080761 52.40853019577825
4.935504978943728 52.40828586537285
4.936333697859377 52.40802471931991
4.93683788784231 52.40786583888231
4.937894377143565 52.40758367269722
4.938222950806237 52.4074959175474
4.939423984425306 52.40718988494255
4.93947000918889 52.407178355317455
4.940429999092892 52.40693786904822
4.941055066840216 52.40676565030469
4.942345915936214 52.40640999540113
4.942597587840665 52.406333408975165
4.943650885156934 52.40601287944643
4.944104503301004 52.405866279785634
4.944665840521436 52.40568486762832
4.9456209175662105 52.40534110631952
4.945629945672228 52.40533785682927
4.947092476814818 52.40479455449075
4.947766958499706 52.40454399744892
4.948552580579408 52.404214314682534
4.949027969293922 52.4040148199502
4.949930111230506 52.403609736694506
4.950401856386703 52.40339791186298
4.951274441286831 52.40297471279213
4.9516369764127655 52.4027988851696
4.952645902022041 52.4022783992881
4.953237919954313 52.40197298829197
4.953959110998962 52.401562378810816
4.954811855140593 52.40107686969065
4.955169855546277 52.40086583199052
4.955212087093735 52.400839572792506
4.955793841685217 52.40047784299726
4.956447497495767 52.40003831360495
4.956743976997077 52.3998389556968
4.9577006633082 52.39917245452254
4.958150832909737 52.39885883179736
4.958847306020021 52.39832987583666
4.959049931743367 52.39817598607039
4.959906627938444 52.3974689140604
4.9599479129898825 52.39743483954895
4.960596858574379 52.39685592942363
4.960886420675543 52.39657640502163
4.96123090299735 52.39624386421391
4.961792115035975 52.39568500840903
4.962206929077363 52.39527193595332
4.962631401426826 52.39478500988917
4.963320977166019 52.39399397508787
4.963418013780119 52.39387566441538
4.963535926421045 52.39373190090951
4.964217713737255 52.3929404567568
4.964238888716077 52.39291587605139
4.9649808419545565 52.39204058147774
4.965719614568116 52.39116903914019
4.966467784618889 52.390286410489686
4.966486915196931 52.39026384182864
4.967016837753732 52.3896359441348
4.967227292050062 52.389387773525215
4.967981524352054 52.38849837238957
4.968748710382922 52.38759369603813
4.969025886856598 52.38726684571654
4.969220905808082 52.38702097655135
4.9694298945984965 52.3867609512827
4.969545725168602 52.38661421443372
4.969905986709281 52.386157826769896
4.970300108685846 52.385642276367456
4.970434977943487 52.385465854081495
4.970949999338761 52.38469993437901
4.970963179725522 52.3846791417736
4.971583758517553 52.38370015305511
4.971737898254497 52.38345699124314
4.972128500691402 52.38274491186539
4.972240998720549 52.38253982475116
4.972590622224589 52.381762488522696
4.972698836908464 52.38152188915436
4.97300221625087 52.380757496297626
4.973102844650362 52.38050395355755
4.973353144551744 52.37972431447888
4.973381868899954 52.37963484331149
4.9735718587094215 52.37887395275102
4.973615741475728 52.3786782395966
4.973694979556537 52.37832484494876
4.973812144170914 52.37768702185139
4.973893910062922 52.377241903034786
4.973930976702221 52.37670993156828
4.97393751690324 52.37663081693662
4.973986856057946 52.37603397762851
4.974004923716297 52.37501082662517
4.973976984038434 52.37398991079606
4.973906948579258 52.37311893790481
4.973645991988018 52.37167687799804
4.973546131870548 52.37129231031162
4.9734008678809 52.370732889415315
4.973252927459404 52.37024719546742
4.973211995658547 52.37011281483127
4.972958862177108 52.369465918156486
4.972876764878407 52.36924227379106
4.972731991992861 52.36884789248216
4.972452866275273 52.36821349234496
4.972329846896153 52.367933892487
4.972303956128 52.36786795484725
4.972031823665615 52.36730599479316
4.971993277461992 52.367234319836875
4.971445938773657 52.36621656781785
4.971237964285269 52.3658298484794
4.970909228236843 52.36523655657032
4.970376654676763 52.3642753854858
4.969971924349038 52.36354494162377
4.969822022796993 52.36327720402984
4.969285815155084 52.36231948917011
4.968736601662275 52.361338544696146
4.968340992219917 52.360631950809776
4.968182175149015 52.36035117401909
4.967630580520728 52.359375995666966
4.967067094594014 52.358379794382046
4.966516664150674 52.35740667422249
4.965961626017395 52.35642540800919
4.965771845708158 52.35608989051185
4.965411186215897 52.355472703278075
4.964958987346865 52.354698867083314
4.964833029739449 52.35448511415584
4.964320845104475 52.35361592516935
4.9642474138691846 52.35350193919059
4.963675997339398 52.35261493964378
4.96363030633885 52.35255044766712
4.963289870991331 52.35206992966093
4.962962979181849 52.35162474525451
4.9628199256096766 52.35142992477335
4.962365998976662 52.35082195738305
4.962279908635235 52.35072501840825
4.9619299537374815 52.35033096411074
4.961502440694061 52.3498482282543
4.961371905238298 52.34970083124267
4.960730480239018 52.34898775578624
4.9607099211374655 52.34896490012776
4.959683976166337 52.34793485733721
4.959402401985436 52.347661838838526
4.958447617074997 52.34673606523961
4.958034976378865 52.346335962705375
4.957552050802473 52.345841040047624
4.956682687724414 52.34495007981239
4.956467932979791 52.34472999002181
4.955789038430246 52.34403164990918
4.955277888967347 52.343505859602374
4.954918360963697 52.34311102127903
4.954101082442896 52.34221347539224
4.953995830282476 52.3420978861026
4.953710845568273 52.34179390240745
4.95336290344662 52.341453969660115
4.9532185346924615 52.34132908429977
4.952941945633484 52.341089822525305
4.952480940948746 52.34073591993904
4.952188583777822 52.34053969125996
4.9516719941423535 52.340192958865906
4.951050988235719 52.33984389915713
4.950967771481175 52.33980395342412
4.949950909985994 52.33931583924552
4.949610827337226 52.33918254497444
4.949307924866108 52.3390638233512
4.948547965628236 52.338791877153334
4.9481214436797245 52.33866237249162
4.947803838874486 52.33856593829168
4.946613029376363 52.33824602384795
4.946340917341581 52.33817292015641
4.945106869566344 52.337878732280586
4.94496889289399 52.33784583966089
4.943564908346729 52.337529677519065
4.94324594609244 52.33745785066764
4.942449851537865 52.33727382132278
4.941909771253423 52.33711253681368
4.941388888837149 52.336956985375814
4.940434968361166 52.336643358158994
4.940366855420922 52.33662096418338
4.939552879472513 52.33632294095284
4.939051123848345 52.33612755152467
4.937723784895665 52.3356106704247
4.936681984439835 52.33520498130929
4.936459957133083 52.335123956243486
4.936382222914395 52.3350960480123
4.935949964879825 52.33494085822122
4.93506219163562 52.33463129029028
4.933493333656765 52.33408422703779
4.932915902128426 52.33388287575281
4.932424908856114 52.33371598274371
4.931922729847356 52.333540938715025
4.931552818377751 52.33341199904856
4.930619627719635 52.33308798519496
4.929017697691449 52.33253177782499
4.927733676314097 52.33208595176473
4.92639772004191 52.33162209334928
4.92635398938553 52.33160690959409
4.925286879955684 52.33124499763351
4.924871758153765 52.33110419608666
4.924649855300409 52.33102893079137
4.923451572202487 52.330620681958806
4.922456963117204 52.330281823805315
4.922023907887475 52.330167796028825
4.920558405697527 52.32978191463381
4.920007957220255 52.329636976040234
4.918977914429707 52.32935087373892
4.918966087441765 52.32934723057788
4.918604826597977 52.329235948530645
4.917884914231708 52.32906495770212
4.91733599269396 52.32895282646163
4.917256262766559 52.328941286603715
4.916783904659388 52.328872918982945
4.9162318166248165 52.3288159220401
4.915955958872049 52.3288159220401
4.915584829487909 52.32883701673246
4.915552882452746 52.328838832575954
4.915104916284343 52.32890383889311
4.914559906301497 52.32904987027607
4.914164167515739 52.32917326449024
4.913786908547288 52.329290896563776
4.913487953994154 52.32934882482921
4.913300944416991 52.329377882094185
4.913030860864316 52.329414948733486
4.912802873092954 52.329429849895014
4.91253979995624 52.32942929300861
4.912362916298872 52.32942891857242
4.912047942997097 52.3293868227911
4.9117588604634745 52.32932982584826
4.9114319662324775 52.32923389962093
4.9110360612514015 52.329065866949975
4.91103391895519 52.32906495770212
4.910740924866667 52.32884889085998
4.910504927720985 52.328580856217016
4.910283831736829 52.328286930805895
4.910235436292685 52.32816036895926
4.9102199430067826 52.32811985153228
4.9101849252771945 52.32789987313524
4.910192934651515 52.32770597177087
4.91024490245234 52.32744985805712
4.91030189939518 52.327302895351565
4.910430641795534 52.327144843768814
4.910499898578969 52.327059820154155
4.910809842738729 52.326789922866
4.911249985797331 52.32651890799073
4.911378852209504 52.326444175747355
4.91176388960549 52.32622088476019
4.912434181436038 52.325732306595334
4.9126048739091654 52.32560788822788
4.912855958480893 52.32537598890161
4.913009999238178 52.32518991064705
4.913212246756468 52.32489985504473
4.913309885113907 52.32475982587248
4.91349298313617 52.32442995140917
4.913623927093087 52.32404382506111
4.91367680495604 52.32385149348906
4.913771821121242 52.32350589312999
4.914097535988879 52.32276119841803
4.914154967237002 52.32262989109672
4.914375876956639 52.32211188946914
4.914630507835607 52.32164772969396
4.914642980277009 52.321624994016254
4.915217978847429 52.32062084199386
4.915231321931892 52.32060184267148
4.915968674434597 52.31955192067291
4.915993956833943 52.319515920866635
4.916399827221032 52.319006859935975
4.916778527360497 52.31851099673276
4.916806815195236 52.318473957146864
4.91732593440993 52.31794496591266
4.91773851962282 52.31755430567202
4.918742311614207 52.31660385565914
4.919733962112679 52.315664901934525
4.919753387246055 52.315646974458886
4.920791353003983 52.31468903478982
4.921826468163062 52.31373372594138
4.922842127303913 52.31279637307224
4.922910889750217 52.31273291213959
4.923819510862039 52.311886074474046
4.924758569527403 52.31101086891517
4.9253379164339135 52.3104709158198
4.925673989952855 52.31014736216676
4.92659317272962 52.309262422031715
4.927470460731921 52.30841781595026
4.927697887890739 52.308198861215985
4.928389181566211 52.30752777878546
4.9293224414637224 52.30662180446144
4.930271717070362 52.30570028267708
4.9312424358810185 52.30475794462029
4.931424854653139 52.30458085919725
4.9321891502112125 52.303833707122735
4.933135982245672 52.302908112944806
4.933392925561806 52.3026569329796
4.934059319991864 52.30193401192606
4.9347148448537625 52.30122288244715
4.934958328888734 52.30094373386526
4.935844342869101 52.299927940176
4.936133994224682 52.29959586187294
4.936704341453979 52.29891245362421
4.93758222954073 52.29786054010711
4.938426852456862 52.296848485978856
4.939232297300751 52.295883376266865
4.940018212450149 52.29494166765796
4.940663947328864 52.29416792752224
4.9407689906248535 52.29403897532555
4.941366909623897 52.29330496400531
4.941489650117969 52.293131089610945
4.941844864379872 52.29262789247843
4.942128048375036 52.29217360409316
4.942781147396112 52.29112589198804
4.9428609373314885 52.29099789167191
4.943272777109184 52.2900464130855
4.943456983792565 52.2896208380823
4.943613818517636 52.28916393121698
4.943619373663133 52.28897531266142
4.943625925711377 52.28875284542336
4.943542851735864 52.288392982372486
4.94344189636652 52.28811898726491
4.943347109185791 52.28797692611418
4.943072906354209 52.28756596790774
4.9427059652516085 52.287218957108685
4.942594320574822 52.28713526840232
4.942473879660827 52.28704498604785
4.942209942837282 52.28688889638086
4.941880999696575 52.28671883687493
4.941535851542708 52.28657094284678
4.941349733546207 52.286509977602776
4.941266885577147 52.28648283972925
4.941000899843892 52.28640386357316
4.9407218755943 52.286335877023696
4.940465948145076 52.28629191859719
4.940050950796551 52.28624199970607
4.939980048279889 52.28623756419182
4.939648991964362 52.286216853995995
4.93878286195061 52.28620493306678
4.9383928264811825 52.28621787503746
4.9366879017903615 52.28627444703436
4.935919976292252 52.28629992797151
4.935026837923233 52.28633997484312
4.934919542743988 52.28634481009463
4.933115458556967 52.28642611105207
4.931477436562924 52.28649992842566
4.93081092679823 52.28652996465258
4.93000275390547 52.28659704886679
4.928361126572182 52.28673331584712
4.926592883357284 52.28688009286436
4.925907885862318 52.28693695262679
4.924759953631144 52.28707215397135
4.923734923982656 52.28719288007601
4.92287789255818 52.28728847613395
4.921483917269496 52.28744396464774
4.921064982373709 52.2875043888522
4.919426879002917 52.287740657289106
4.9189889040363335 52.28780382769862
4.917828848627018 52.28797503878815
4.916941856971573 52.28810594874857
4.916223073012594 52.28823112659726
4.91528298516459 52.28839484501768
4.91453847526682 52.28854034514622
4.912812623838161 52.288877629587255
4.911048488262004 52.28922239592799
4.9106928686207425 52.2892918949416
4.90930191909351 52.2896062528153
4.907561227101727 52.28999965331084
4.907533822377037 52.29000584684326
4.905925552606357 52.29039780485875
4.905555879448858 52.29048789941865
4.904453207544344 52.290782678922824
4.902955001294676 52.291183197421226
4.9020658411547355 52.291420898394755
4.9014684410637 52.29159798440461
4.900067874176219 52.292013151401335
4.8993908963961355 52.2922138264525
4.898701903940035 52.29242691306234
4.898685538085242 52.292432198562835
4.897319011458228 52.29287353066868
4.895961188168962 52.29331205195306
4.8951289779349185 52.29358082175808
4.894623237793102 52.29373630457637
4.89330262544867 52.29414230859348
4.892275964296072 52.29445794137846
4.891975930789148 52.29453996004249
4.891452861386229 52.29468294891751
4.8904819089406315 52.294910905364816
4.89020488910835 52.29497594300604
4.88920595249249 52.29527694646888
4.889026381727114 52.29532416266978
4.888129902365727 52.29555988227337
4.887495065306785 52.29573390199259
4.88726488993909 52.29579699700617
4.886438993061461 52.29604286617136
4.885973364693864 52.29619962831898
4.885954891576355 52.296205847625565
4.885483828607585 52.296396955022146
4.885135886485932 52.296556956244046
4.884675227364461 52.296810868542465
4.884542820257161 52.29688385047504
4.884231944774805 52.29708184965883
4.883848984923564 52.29737689265706
4.883699721523961 52.29752487131693
4.883372892812779 52.29784888694843
4.883240831268746 52.29795189122749
4.883077849814546 52.298052846596825
4.882903878753719 52.29813685189493
4.8827148202668464 52.298209867586415
4.8825876557925225 52.29825036268115
4.8825229678121875 52.298270962348674
4.881230436313812 52.29860416732616
4.881064889156779 52.298646844148195
4.880992991052412 52.29866584312914
4.880903956612288 52.298688939929505
4.8807178783577205 52.29873699617543
4.880419855127182 52.29872488898169
4.880082902612155 52.298273942580984
4.880059371993923 52.298235489842014
4.879475417132469 52.29728121555837
4.879276936038068 52.296956866166525
4.878981893039835 52.29646587289421
4.878900655567809 52.296345709133504
4.878820960495345 52.296227826838816
4.878404570337126 52.29545314127726
4.878238883873199 52.29514488492485
4.878015925243853 52.29472485843431
4.877397899569524 52.29487182113987
4.877077625729019 52.29494459804968
4.875633789314277 52.295272685889664
4.875460934835544 52.29531196419847
4.875173901211632 52.295379950747936
4.874392894083103 52.295565842737986
4.874140815094494 52.29561488035433
4.873806905906057 52.29567983662366
4.873180870857407 52.29575583254745
4.872741845385921 52.295804820115976
4.872504165118574 52.29582436789395
4.8723998637288775 52.295832946058354
4.871353988454207 52.29603187656474
4.871081534440556 52.2960933713806
4.869667477485721 52.29641253412988
4.869417955042823 52.29646885312651
4.869213995394423 52.29651486046273
4.869127941186606 52.296527898979065
4.868855994988739 52.29659998334795
4.868298877812152 52.29673986800179
4.8682615146337165 52.29674880474167
4.867566858252142 52.29691495664973
4.86737984867498 52.296953885934215
4.866955910629539 52.29701293178677
4.86683966162681 52.297048800783614
4.866722893716162 52.29708482989113
4.866677817702542 52.29709898599459
4.866520982977472 52.29716995277636
4.866367873542782 52.29725284048735
4.86627883910266 52.29735994258582
4.866109897183848 52.29732883641114
4.866006892904793 52.2973109550173
4.86587091980586 52.297312817662494
4.865763817707386 52.29731393524961
4.865553897594375 52.29735491344381
4.8653823898793735 52.29739756213035
4.8653089597517765 52.29741582194155
4.863907503308618 52.29772706151098
4.863525849510562 52.29781182030913
4.862950850940142 52.29793587247884
4.862882864390675 52.29794388185316
4.862848964248202 52.297929912014226
4.86277594855672 52.29780194828962
4.862653945296718 52.29759891996381
4.8625553504786945 52.29743592988393
4.862543862965938 52.29741693952867
4.862236899038484 52.296919985791746
4.862184947887039 52.296931437389645
4.862132963436833 52.29694289632759
4.862011891499428 52.29699281521871
4.8619878633764655 52.297019823573976
4.862011891499428 52.29699281521871
4.862132963436833 52.29694289632759
4.862184947887039 52.296931437389645
4.862236899038484 52.296919985791746
4.862036791388715 52.296579271964866
4.861998704074402 52.29651442249695
4.861934964253045 52.29640589571906
4.861761924514814 52.29611495054025
4.861526207201156 52.29570302930877
4.861503404107055 52.29566318039628
4.861500905040448 52.295658813221976
4.861404855431725 52.29549096440131
4.8612958906880595 52.2953229538051
4.86109584259456 52.29498190347065
4.8612958906880595 52.2953229538051
4.861404855431725 52.29549096440131
4.861500905040448 52.295658813221976
4.861503404107055 52.29566318039628
4.861526207201156 52.29570302930877
4.861761924514814 52.29611495054025
4.861696216559102 52.29613047121255
4.861545857672673 52.29616598701848
4.861696216559102 52.29613047121255
4.861761924514814 52.29611495054025
4.861526207201156 52.29570302930877
4.861503404107055 52.29566318039628
4.861500905040448 52.295658813221976
4.861404855431725 52.29549096440131
4.8612958906880595 52.2953229538051
4.86109584259456 52.29498190347065
4.860999650204783 52.29482134962735
4.860992047387645 52.29480865983438
4.860890951623565 52.294639921813605
4.86062086807089 52.29416699619964
4.860493416454885 52.293952580208575
4.860406850138459 52.29380694688425
4.860186871741418 52.29371791244413
4.859882888046269 52.29367581666281
4.859620813867915 52.29363595605573
4.85935687704437 52.29363986761063
4.859148175263836 52.29359830601408
4.85909592045313 52.29358789980981
4.858304855040569 52.29352587372495
4.857672859527309 52.29347483724672
4.8576642880015495 52.29347409788467
4.85679182835203 52.29339884132293
4.856171975032354 52.29332721699568
4.856143814090129 52.29332396298626
4.85590092515724 52.2932999348633
4.855396893368592 52.29325485884968
4.8550739106924965 52.293256907759385
4.854837913546813 52.2932589566691
4.854782965513683 52.29326491713371
4.85475142418368 52.29329360727004
4.854749996693805 52.29329490572128
4.854729966915175 52.29330447460338
4.85470398935759 52.293316884934534
4.8546518352922465 52.29332694321857
4.854597818581711 52.29332694321857
4.854545850780886 52.293316884934534
4.854497980799481 52.29329583704388
4.854464825715083 52.29326584845631
4.854448993230961 52.29322393893951
4.854462963069893 52.293179980513
4.854491834070351 52.293151854570624
4.854512343964731 52.293141460416
4.854532998529069 52.29313099294448
4.854545850780886 52.29308293669856
4.854562987116642 52.2929329937607
4.854620915382078 52.292762934254775
4.854597818581711 52.29244293181098
4.854593236198012 52.292364723516044
4.854572859136153 52.29201694485583
4.854555909064917 52.291660993359855
4.854550879922901 52.291552959938784
4.854534524556782 52.29145924109483
4.854503941264092 52.291283993973224
4.854483824696031 52.29097293222635
4.854483824696031 52.29093996340647
4.85447786423142 52.2909148176964
4.8544188183788695 52.290901965444576
4.854367968165159 52.290878868644214
4.854327921293555 52.29084888005664
4.854301844260883 52.29081386232705
4.854291972241371 52.29077195281025
4.854302961847997 52.29072892570635
4.854335930667876 52.29068887883474
4.854386967146105 52.29065591001486
4.8544519734632665 52.29063486212421
4.854448993230961 52.290568924484454
4.854448581877844 52.29056276180535
4.8544188183788695 52.29011686049663
4.85436124805664 52.28964234778647
4.854315814099814 52.28926786681863
4.854201008420519 52.288734114074224
4.854155999142439 52.288524857652
4.854052994863383 52.288235961382895
4.853919167241503 52.287846351560574
4.853615859625988 52.28696333784091
4.853565913145973 52.28681792959909
4.853524934951773 52.28671995446205
4.853408171274518 52.28673534510492
4.853312965929053 52.286747894139914
4.853251871166792 52.28675590351423
4.85254294840715 52.28684996709637
4.852099472168655 52.286910233871744
4.851292927219561 52.28701984033778
4.850618863995145 52.287105251288665
4.8505579274272455 52.28711297259732
4.85055239685776 52.28711275056716
4.850455854470786 52.2871088747779
4.850369185123733 52.287119813627534
4.850359928243456 52.28712098197165
4.850358032317174 52.28712123319169
4.850328576304422 52.28712513626584
4.850303663524774 52.2871284373381
4.850269962480738 52.287132902900865
4.8502643059916295 52.28713466543008
4.8501928489698365 52.28715693102383
4.84940762232509 52.28726615762037
4.849372816629518 52.287270999162224
4.847921366928431 52.28747289871818
4.847230870587324 52.28756894814005
4.845319982886016 52.287827855821575
4.844061952324107 52.2879979153275
4.844002906471556 52.28807297992869
4.844168868158062 52.288515916955085
4.844495948653577 52.28938595852374
4.8478569056359735 52.28892998298101
4.84803132971114 52.2889468576429
4.848062914194083 52.288949913284554
4.8481398414404655 52.288938923677925
4.848336909301659 52.28887093712846
4.848417254498528 52.28886075182965
4.849244948832205 52.28875582565566
4.848417254498528 52.28886075182965
4.848336909301659 52.28887093712846
4.848417254498528 52.28886075182965
4.849244948832205 52.28875582565566
4.848417254498528 52.28886075182965
4.848336909301659 52.28887093712846
4.8481398414404655 52.288938923677925
4.848062914194083 52.288949913284554
4.84803132971114 52.2889468576429
4.8478569056359735 52.28892998298101
4.844495948653577 52.28938595852374
4.844168868158062 52.288515916955085
4.844002906471556 52.28807297992869
4.844061952324107 52.2879979153275
4.845319982886016 52.287827855821575
4.847230870587324 52.28756894814005
4.847921366928431 52.28747289871818
4.849372816629518 52.287270999162224
4.84940762232509 52.28726615762037
4.8501928489698365 52.28715693102383
4.8502643059916295 52.28713466543008
4.8501928489698365 52.28715693102383
4.850162860382263 52.287068827906296
4.850143594606796 52.28701141978748
4.850125980007484 52.28695893184004
4.8499089818427485 52.286987989105015
