10.465670084894755 51.62663559022186
10.46562341816242 51.626691206738485
10.465616966760535 51.62669889539552
10.465609861978471 51.62669430899675
10.465608511997395 51.62669343753419
10.465502993232654 51.626625321281146
10.465472984287285 51.6266059494005
10.465381900937452 51.62655696183198
10.465298192767104 51.62652792022186
10.465162853863005 51.62648096590819
10.465095984900652 51.626461966927245
10.464564944756738 51.626300848118234
10.464426922748094 51.62625893860144
10.464310313840638 51.62621996980838
10.464061844290685 51.626136935341435
10.46371185325932 51.626015863404035
10.46338197879602 51.62590298710547
10.46331697247886 51.6258798903051
10.463123816172564 51.62581283507823
10.462972941912106 51.6257608672774
10.462936875214863 51.62574963878336
10.462625931113047 51.625652833856336
10.462016846135636 51.625463961633976
10.461514432439683 51.625303318944454
10.461381870390069 51.62526093330818
10.460848967600963 51.625089942479654
10.460664938256103 51.6250318279497
10.46019294396474 51.62489287461846
10.46006663878343 51.62485775732986
10.459991964548646 51.62483699526273
10.459929938463793 51.62481687869467
10.459714989208765 51.62475187237751
10.459547909935145 51.62469990457669
10.45944490565609 51.62467196489882
10.459349910751357 51.624647936775865
10.459163832496788 51.62460099811705
10.458857986156447 51.62453096265788
10.458641919314308 51.624491847108864
10.45853831280928 51.62447788916788
10.458471859808382 51.62446893657302
10.458260822108258 51.62444882000496
10.45787097046981 51.624432987520834
10.45748987326376 51.624432987520834
10.45697014675592 51.62446811939938
10.456114868583862 51.62452593351586
10.45577884739143 51.62452798242557
10.455627973130971 51.624520904373846
10.455469860466842 51.62450410012935
10.45520384882101 51.624475828360225
10.454929853713434 51.62443689907574
10.45446195724149 51.62434190417101
10.45410630672476 51.624248100946346
10.454048822538155 51.62423293942734
10.45398698271782 51.624214871768984
10.453806864927865 51.62416495287787
10.453368957043493 51.624023950636925
10.452928813984888 51.62388294839597
10.452732767855842 51.62382802993637
10.452642897948092 51.623802854652766
10.452168854747017 51.62368290030248
10.451822961535074 51.62361491375301
10.451465892451983 51.62355996571988
10.45115561393697 51.62351750002901
10.451092990884773 51.623508929241645
10.450766841711854 51.623478940654074
10.450451868410076 51.62345789276342
10.450247908761678 51.62344485424708
10.44993796460192 51.62343889378247
10.4497259955792 51.62344392292449
10.44957384754665 51.623451036339
10.449510860059654 51.62345398120852
10.449195886757876 51.62347596042177
10.44858382154816 51.62354785852614
10.447939905105676 51.62366483264413
10.447919611162533 51.62367041413483
10.44721999273941 51.623862831827914
10.446694913060105 51.62403196001125
10.446366424710307 51.62413287952455
10.446235957285076 51.62417296225219
10.445311899005889 51.624446957359766
10.445055073543516 51.62450470037947
10.444471846024808 51.62463582958212
10.4439799214299 51.62472784425455
10.44364986199256 51.62477257510232
10.443344945684334 51.62481389846237
10.442724871100296 51.624871826727805
10.442276904931893 51.62489790376048
10.442153410123495 51.624902629433805
10.44172686580703 51.62491895165113
10.44147391859011 51.62492081429632
10.440597944418894 51.62490285444131
10.439002769153593 51.62487014900613
10.438257875403565 51.62485487665656
10.437474100851611 51.62483112591256
10.437003942661075 51.62481687869467
10.436163889679996 51.624793968158826
10.435983612439784 51.62479781494261
10.435133846889448 51.62481594737208
10.434850911084956 51.62482581939159
10.434638942062236 51.62483196612072
10.434482176237386 51.624842242361495
10.434226924946016 51.624858974475984
10.433698865034406 51.624899952670184
10.43342896774625 51.62491783406402
10.433416400624695 51.62491871182134
10.433032669231068 51.6249455137454
10.43259692413949 51.62497594859397
10.431924318007512 51.62502443285063
10.43176488053273 51.62503592576912
10.431373516417317 51.62505612854939
10.431201989156053 51.62506498303409
10.430826852414611 51.625085844660234
10.430405576561917 51.62510064438382
10.430142889100528 51.6251098727832
10.429859953296036 51.62512384262213
10.429692116463336 51.62513981055243
10.42967983550608 51.62514097895788
10.429513873819571 51.62515886035172
10.429321835100394 51.62518083956497
10.429076897257795 51.62522088643657
10.428725974903836 51.62527788337941
10.428433912137908 51.62531886157361
10.428344877697786 51.62532687094793
10.428173886869263 51.62534382101917
10.428046009334544 51.62535062818832
10.427928949026663 51.62535685953551
10.427703941487607 51.62536095735492
10.427506066487124 51.62536011986935
10.427219840002504 51.625358908445214
10.426814900938007 51.625325939625334
10.426569179907412 51.62532776876137
10.426052078660945 51.62533161803924
10.42496929404997 51.62533967823803
10.424662986949004 51.62534195837398
10.424523449965251 51.62533990046754
10.423302409931958 51.6253218924378
10.423235828203763 51.62532091048332
10.42303278833093 51.62531662311776
10.422150837380086 51.62529799994747
10.421615565962297 51.625322423331035
10.421603897533956 51.625322955738504
10.420088670570369 51.625392092569086
10.420054592566206 51.62539364748149
10.418929951316043 51.625444962653035
10.418624738367877 51.625450855464074
10.41794591586171 51.625463961633976
10.417716996767751 51.625470853421184
10.417710850038622 51.62541087624604
10.41769688019969 51.62536095735492
10.417666891612118 51.625294833450646
10.41759499350775 51.625144890512786
10.417496832106192 51.624991967342616
10.417406866343471 51.62488486524414
10.417689988412484 51.624875924547226
10.418058978424794 51.624863817353486
10.41843486022431 51.62486698385031
10.41885283780514 51.62488188501183
10.419244924617818 51.624916902741425
10.420017350673575 51.624984745149
10.420245910143388 51.62500481959443
10.421132901783276 51.62508696224735
10.4213849176776 51.62511397060262
10.421583818780872 51.62512820624504
10.421679728023769 51.62513507060961
10.422222921748972 51.62517394777776
10.42253081699902 51.62520989682994
10.423038316732368 51.625219452745974
10.42330811028131 51.62522453279692
10.424172924999288 51.62524081674012
10.4245277604443 51.62524235107636
10.424973061347584 51.625244276592326
10.425809817593018 51.62524789479184
10.426050866312428 51.62524383793342
10.426562843471237 51.62523522133984
10.42681694984772 51.6252309447206
10.42750859087539 51.62509221391054
10.427584918459912 51.62507690396332
10.427828474617924 51.62502069869609
10.42783190521222 51.62501990702048
10.428157868120625 51.62493385281266
10.428630979999102 51.62481594737208
10.428801970827625 51.62477888073278
10.42889844079916 51.62476454927359
10.42896998142384 51.62475392128722
10.42912290459401 51.62473399098368
10.429306933938866 51.62472598160936
10.429456876876731 51.624722815112534
10.429647984273316 51.62473194207397
10.429812548442971 51.624747280093665
10.429839836727972 51.6247498234678
10.429847182086004 51.62475073563645
10.429953830613654 51.624763979571256
10.430104891138631 51.624789870339406
10.430377206939957 51.62485032139614
10.430636862605144 51.6249079620445
10.430850880537577 51.62494484241928
10.431003989972265 51.62497091945196
10.43117181430396 51.62498582061348
10.431398870752728 51.62500090803953
10.431678826324914 51.62499699648463
10.431917172857828 51.62498353339595
10.431945929645284 51.62498190905858
10.432352917619488 51.62494782265159
10.432964982829205 51.62489585485076
10.432967283930394 51.624895203922826
10.433236929027071 51.62481892760438
10.433311993628264 51.624781860965086
10.433348963349635 51.624746341036705
10.43338798955205 51.6247088452736
10.43342282101712 51.624640858724135
10.433406988532996 51.62447787726994
10.43336396142909 51.62435084486792
10.4332108519944 51.62417296225219
10.433156835283864 51.62410888725763
10.432993853829664 51.62398185485561
10.432811282357571 51.62387826093043
10.43279492332328 51.62386897855704
10.432547936570971 51.623761876458566
10.43237694574245 51.62370897733515
10.43216888827463 51.623656823269805
10.432255873805044 51.62347689174437
10.432290891534633 51.6234089051949
10.43237694574245 51.62332191966448
10.43249690009274 51.6232498352956
10.432813922304224 51.62309784344802
10.433046780468258 51.6229860211692
10.433571832632389 51.62273388257773
10.433908971411936 51.62257891049785
10.434144968557618 51.62246882816707
10.434328685172254 51.622378752498136
10.435123974869937 51.621988824501386
10.435413988726154 51.62184689093784
10.435516905945828 51.621798181048774
10.435713874601882 51.6217049573743
10.435822839345548 51.621649823076645
10.4360038884581 51.621557994668734
10.436389828541648 51.62137191641417
10.436615953667818 51.62127487259973
10.43674559345026 51.621234268942175
10.436797934102966 51.62121787565688
10.437119985456466 51.621164976533464
10.438164929408542 51.62104390459606
10.43823816846876 51.62103665615327
10.438851872954933 51.62097591804659
10.438847248581697 51.62096136668547
10.438837903116 51.62093195962009
10.438750917585589 51.620658895835106
10.438728938372336 51.62058196858872
10.438777925940856 51.62050187484552
10.439068256313508 51.620285685717185
10.43909885970724 51.620262897467526
10.43921695141234 51.62019286200835
10.43938887356346 51.62013884529782
10.440602118064383 51.6198963701112
10.44094995649792 51.61982685222835
10.441811019625668 51.61974088257254
10.442064592476871 51.61971556553127
10.44224095587971 51.61969795718114
10.442242416175429 51.61970369635111
10.442253901033585 51.619748833478
10.442384938352964 51.62026382879012
10.4433125637149 51.62016923076995
10.44336394466528 51.62016399100789
10.443570183858606 51.6201653654995
10.443805122210632 51.62016693125812
10.443950864164924 51.6201679025628
10.444012860077532 51.6201640069489
10.444197942352035 51.620152377003464
10.444343945226956 51.6201432026756
10.444365861513448 51.620141825530126
10.44436224206687 51.62011771298218
10.444349654501371 51.62003385533429
10.444332970135177 51.61992270503236
10.444315578571082 51.619806843418125
10.444300456084854 51.61970609827201
10.444285877187896 51.6196089744868
10.444282521100646 51.61958661642378
10.44428017984239 51.61957101909399
10.444278813819931 51.6195619187298
10.444278184290017 51.61955772483717
10.444277328742514 51.61955202522822
10.444276721583831 51.619547980371486
10.444276248444105 51.61954482834142
10.44427384684102 51.61952882899781
10.44425267434721 51.61953059046238
10.444184368613175 51.61953627321907
10.44406600458261 51.619546120620555
10.443996426781824 51.61955190920797
10.443860245926407 51.61956323889615
10.443782229822853 51.61956972951572
10.443631256921304 51.61958228984141
10.443517162074684 51.61959178206431
10.443395737713557 51.619601884072736
10.44322564825889 51.61961603481718
10.443166614391409 51.619620946192626
10.443074767532146 51.6196285874743
10.44293544865209 51.61964017823325
10.44292704590116 51.61964087730763
10.44271376020005 51.619658621802465
10.442651461881209 51.619663804766866
10.44248652390691 51.61967752692929
10.442433625181266 51.61968192788612
10.442303855992089 51.619692724149985
10.442296589690946 51.61969332867641
10.442261613145748 51.6196962385814
10.44225373977267 51.61969689361372
10.44224095587971 51.61969795718114
10.442220194774624 51.61970002999671
10.442064592476871 51.61971556553127
10.442057600322633 51.61971626363699
10.442009141388176 51.61972110183965
10.441896535251166 51.61973234458194
10.441811019625668 51.61974088257254
10.44174645906186 51.619747328382694
10.441700173938784 51.61975194954921
10.441552776502109 51.61976666589984
10.441487493615917 51.61977318382759
10.441485473850934 51.61977338548354
10.441309660214891 51.61979093894424
10.441268929445522 51.61979500555691
10.441257919162345 51.61979610483782
10.441099974450012 51.619811874242075
10.441094301139394 51.619812440672746
10.441048885540877 51.61981697502481
10.440968221611058 51.61982502861584
10.44096713383704 51.61982513722061
10.440964295062106 51.619825420647565
10.440961238037708 51.619825725864835
10.44094995649792 51.61982685222835
10.440952687372672 51.61983582108477
10.4409540221317 51.619840204757814
10.44095448879006 51.6198417373773
10.4409551469694 51.61984389899823
10.440956840613143 51.61984946133592
10.440958946487283 51.61985637753842
10.440959523036517 51.61985827106623
10.440962733849238 51.61986881615559
10.44096494050322 51.61987606334359
10.440965472817805 51.61987781159406
10.440966189992457 51.61988016696993
10.440971875888293 51.6198988408338
10.440994128525077 51.61997192390147
10.441003831163142 51.620003789723086
10.441026982302253 51.620079823690766
10.441045157857326 51.62013951663117
10.441064505220426 51.62020305807394
10.441084980156909 51.620270302741744
10.44110271960989 51.62032856341688
10.441116052130264 51.62037235065424
10.441130819345954 51.62042084977971
10.441133166216888 51.62042832499824
10.441134150341089 51.620431459616064
10.44114101259414 51.62045331716282
10.441145906772 51.62046890602563
10.441180990990992 51.62046538599925
10.441222482775231 51.620461223096974
10.441314848690812 51.6204519559544
10.441370873393556 51.62044654125203
10.441396494572045 51.62044406500407
10.441519057916508 51.62043221944311
10.4415538260688 51.62042885915403
10.441519057916508 51.62043221944311
10.441396494572045 51.62044406500407
10.441370873393556 51.62044654125203
10.441314848690812 51.6204519559544
10.441222482775231 51.620461223096974
10.441180990990992 51.62046538599925
10.441145906772 51.62046890602563
10.44114101259414 51.62045331716282
10.441134150341089 51.620431459616064
10.441133166216888 51.62042832499824
10.441130819345954 51.62042084977971
10.441116052130264 51.62037235065424
10.44110271960989 51.62032856341688
10.441084980156909 51.620270302741744
10.441064505220426 51.62020305807394
10.441045157857326 51.62013951663117
10.441026982302253 51.620079823690766
10.441003831163142 51.620003789723086
10.440994128525077 51.61997192390147
10.440971875888293 51.6198988408338
10.440966189992457 51.61988016696993
10.440965472817805 51.61987781159406
10.44096494050322 51.61987606334359
10.440962733849238 51.61986881615559
10.440959523036517 51.61985827106623
10.440958946487283 51.61985637753842
10.440956840613143 51.61984946133592
10.4409551469694 51.61984389899823
10.44095448879006 51.6198417373773
10.4409540221317 51.619840204757814
10.440952687372672 51.61983582108477
10.44094995649792 51.61982685222835
10.440961238037708 51.619825725864835
10.440964295062106 51.619825420647565
10.44096713383704 51.61982513722061
10.440968221611058 51.61982502861584
10.441048885540877 51.61981697502481
10.441094301139394 51.619812440672746
10.441099974450012 51.619811874242075
10.441257919162345 51.61979610483782
10.441268929445522 51.61979500555691
10.441309660214891 51.61979093894424
10.441485473850934 51.61977338548354
10.441487493615917 51.61977318382759
10.441552776502109 51.61976666589984
10.441700173938784 51.61975194954921
10.44174645906186 51.619747328382694
10.441811019625668 51.61974088257254
10.441896535251166 51.61973234458194
10.442009141388176 51.61972110183965
10.442057600322633 51.61971626363699
10.442064592476871 51.61971556553127
10.442220194774624 51.61970002999671
10.44224095587971 51.61969795718114
10.443395737713557 51.619601884072736
10.44427384684102 51.61952882899781
10.444433848062914 51.619517839391186
10.444982840900304 51.61947505131007
10.445138859267656 51.619462891358054
10.44602696849466 51.61953497572694
10.44659186392283 51.61957790720802
10.447499948311595 51.61964692070291
10.44769682990827 51.61966889991616
10.447812499901689 51.619108775866145
10.447846959110654 51.61894190949817
10.447812499901689 51.619108775866145
10.44769682990827 51.61966889991616
10.448423820326264 51.619732974910725
10.448666895523672 51.6197629634983
10.448849168814954 51.619828595565416
10.449460941168535 51.6200488795351
10.450029979274348 51.62024296716399
10.450191129406033 51.62029904238421
10.450937832540374 51.620558871788354
10.45090356491774 51.62058950645386
10.450872826223211 51.62061698631831
10.450671846807118 51.620781830417705
10.450192960728549 51.621066815131904
10.450089956449492 51.621144859965405
10.450084927307476 51.62118397551441
10.450069504136753 51.62118274325077
10.449795844773856 51.62116087871404
10.449202964809604 51.62114988910742
10.449099960530548 51.621148957784825
10.448552901637992 51.62114299732021
10.448516358133697 51.62114189979561
10.448217998032677 51.62113293903618
10.448064888597983 51.62112083184244
10.447805980916456 51.62108786302256
10.44747685151123 51.621036826544334
10.447360994980356 51.6210189451505
10.447077872911349 51.620991936795235
10.447053424644608 51.62099062585998
10.44674092039632 51.62097386913688
10.446269857427549 51.62095095860104
10.446255887588618 51.6210228567054
