-86.56783911559597 34.74333388059815
-86.56791586208155 34.74333289436995
-86.56893208001785 34.74334613551417
-86.56999906062063 34.743360038087175
-86.57028887205472 34.743363814280116
-86.57028791677791 34.74341842427044
-86.5702799313578 34.74387492412049
-86.57027109548 34.74433177172891
-86.57026987307377 34.74439497465778
-86.57026093237685 34.74489788885931
-86.57026093237685 34.745254
-86.57026093237685 34.74541384157718
-86.57026093237685 34.74559898850916
-86.57026093237685 34.74594599930821
-86.57025087409282 34.74599796710904
-86.57023690425389 34.74606893389081
-86.57023237051735 34.746163020609224
-86.57021883659554 34.74644388436773
-86.5701949947371 34.74694791615638
-86.57019481232675 34.74696586668712
-86.57019455001966 34.746991679647
-86.57019442982893 34.74700350730341
-86.57019438111469 34.747008301146415
-86.5701942916165 34.74701710843113
-86.5701942637125 34.74701985439159
-86.57019410308642 34.74703566118831
-86.57019399347512 34.74704644775275
-86.57019390383749 34.74705526875803
-86.57019372219202 34.74707314401813
-86.57019342870443 34.747102025371674
-86.57019319722929 34.74712480423928
-86.57019302916088 34.74714134341533
-86.57018996559508 34.74744282098359
-86.57040368229566 34.74744554524403
-86.57043376945693 34.74744592876699
-86.57046193260318 34.74744628776442
-86.57049898032832 34.747446760014135
-86.57052727560612 34.74744712069585
-86.57055847578239 34.74744751840649
-86.57058463940987 34.74744785191592
-86.57060297484566 34.747448085638894
-86.57062051815731 34.747448309264605
-86.57065294460419 34.7474487226066
-86.57067824060383 34.74744904505632
-86.570720249374 34.747449580544796
-86.57075250593749 34.747449991721275
-86.57078766739946 34.74745043992667
-86.57081886757574 34.74745083763732
-86.57085595305273 34.747451310368255
-86.57090984567998 34.74745199734102
-86.57094595027353 34.74745245756858
-86.57098007422422 34.74745289254876
-86.57101234966365 34.74745330396585
-86.57106328076458 34.74745395318784
-86.57110538391446 34.74745448987939
-86.57114852457556 34.74745503979615
-86.57118962796605 34.74745556374369
-86.57123576790535 34.74745615189244
-86.5712700239876 34.747456588556915
-86.57129733838191 34.74745693673525
-86.57132459614846 34.74745728419173
-86.57137064170809 34.74745787113743
-86.5714118206023 34.74745839604742
-86.57144998134243 34.747458882484814
-86.57149810192456 34.747459495880946
-86.57154322322852 34.74746007104509
-86.57159430533692 34.74746072219199
-86.57164036977247 34.74746130937829
-86.57167558786225 34.74746175830553
-86.5717334606511 34.74746249601367
-86.57178837191368 34.74746319597104
-86.57184039715366 34.7474638591401
-86.57188048190883 34.74746437010303
-86.5719107767054 34.74746475627274
-86.57194795656207 34.74746523020674
-86.57198905995256 34.74746575415429
-86.57201827948597 34.747466126617546
-86.57205845862082 34.74746663878355
-86.57214696530792 34.747467766983945
-86.57221857046514 34.747468679739455
-86.5722801402766 34.747469464573776
-86.57233556052425 34.74747017101921
-86.57240852341847 34.747471101081885
-86.572473374982 34.747471927748904
-86.5725252485494 34.747472588984586
-86.57256337087254 34.74747307493227
-86.5727909633396 34.74747597606799
-86.572795720563 34.74732922125831
-86.57279673205858 34.74729801779534
-86.57279853375086 34.74724243768345
-86.57280052413047 34.74718103678686
-86.5728024729006 34.74712091949398
-86.57280399063453 34.74707409916763
-86.57280567884155 34.747022019943564
-86.57280698208824 34.746981816298856
-86.57280717971135 34.74696736844728
-86.57281387387545 34.74647797077473
-86.57281937243164 34.74608178533161
-86.57282095192717 34.74596797852146
-86.5728328728564 34.745289975671994
-86.57283478794352 34.74517686583958
-86.57283883332101 34.74493793573092
-86.57285298942446 34.74443893308428
-86.57285909396207 34.74426005741476
-86.57287087081829 34.743914970992094
-86.57288782088953 34.74341894857777
-86.57288989834593 34.74335529260399
-86.57290495722529 34.74289386889846
-86.5729202355964 34.7424495229386
-86.57292283861912 34.74237381836117
-86.57292786776114 34.741839984249474
-86.57293015093367 34.74155137048389
-86.57293196558055 34.74132198262189
-86.57293699472257 34.74080696122662
-86.57293120367088 34.740644964175424
-86.57292991667084 34.74060896204283
-86.57293494581286 34.740272940850396
-86.57295394479381 34.73976294859714
-86.57295476979132 34.73971889684322
-86.57296381681331 34.739235820008126
-86.57297584324178 34.73879496550215
-86.57297685532966 34.73875786525215
-86.57297983556195 34.73867385995404
-86.5729958543106 34.7381688968428
-86.5730051219819 34.73788098118838
-86.57300982414954 34.737734900513324
-86.57301187305924 34.73765499303464
-86.57303087204019 34.73713885405225
-86.5730328102463 34.73696980613809
-86.5730368325048 34.73661898977948
-86.57304689078883 34.73610992884882
-86.57304838880651 34.73606352322406
-86.57306384086006 34.73558484916951
-86.57306229566768 34.73515018655216
-86.57306197821488 34.735060887077324
-86.57306191253154 34.7350493185993
-86.57306180459064 34.735030307509696
-86.57306169660622 34.73501128875124
-86.57306167946437 34.73500826964444
-86.57306162832187 34.73499926217154
-86.57306157161057 34.73498927389251
-86.5730615032609 34.73497723580955
-86.57306139538534 34.7349582362232
-86.57306133293105 34.73494723646268
-86.57306120204002 34.734924183281514
-86.57306115076689 34.73491515280208
-86.57306100891243 34.73489016868404
-86.57306088409095 34.73486818450069
-86.57306072513818 34.7348401889447
-86.57306065119795 34.7348271662212
-86.57306053168404 34.73480611683091
-86.57306041815255 34.73478612110075
-86.57306033897466 34.73477217589322
-86.573060332857 34.73477109842079
-86.573060320923 34.734768996546485
-86.57306029438065 34.7347643217754
-86.57306027564954 34.73476102275584
-86.57306026749454 34.73475958645933
-86.57306024419607 34.73475548301704
-86.57306023611902 34.73475406044668
-86.57306018510717 34.7347450759803
-86.57306011023535 34.73473188918244
-86.57306008136807 34.734726804934034
-86.57306004697553 34.73472074754834
-86.57306003944734 34.73471942164428
-86.57306002311103 34.73471654441108
-86.57306000366145 34.73471311885561
-86.57305999791848 34.73471210737412
-86.57305999219727 34.73471109972704
-86.57305998068955 34.73470907292964
-86.57305996913828 34.73470703846339
-86.57305993518116 34.734701057766124
-86.57305899798257 34.73453599366253
-86.57307432992569 34.73453619671985
-86.57307644703879 34.73453622475904
-86.57307823086008 34.734536248384096
-86.57308026968657 34.73453627538645
-86.57308238666467 34.73453630342386
-86.57308409219935 34.734536326012076
-86.57308942405788 34.73453639662758
-86.57309144314397 34.734536423368496
-86.57309446197038 34.73453646335005
-86.57309689290486 34.73453649554551
-86.57310841966444 34.73453664820671
-86.57310969361036 34.73453666507894
-86.57311192849083 34.73453669467785
-86.57311594692261 34.73453674789824
-86.57311741678751 34.734536767365235
-86.57313162948675 34.734536955599204
-86.57314156739899 34.7345370872176
-86.57317355909001 34.734537510917775
-86.57320549196484 34.734537933838986
-86.57324346249254 34.734538436723284
-86.57325855662472 34.734538636631015
-86.57327367036228 34.7345388367984
-86.57329576267685 34.73453912939055
-86.57331901157497 34.73453943730056
-86.5733313221455 34.734539600342615
-86.57334251534328 34.7345397485861
-86.57337152741867 34.73454013282404
-86.57340936070858 34.73454063389075
-86.57345117335448 34.73454118766033
-86.57347824476538 34.73454154619597
-86.57353111337125 34.73454224639145
-86.5735592041279 34.734542618427376
-86.57358539343086 34.73454296528032
-86.5736155032736 34.73454336405716
-86.57365541446578 34.73454389264376
-86.57370130449465 34.73454450041448
-86.57374421490788 34.734545068722966
-86.57378908559097 34.7345456629934
-86.57383705352213 34.734546298284
-86.5738740243095 34.73454678792767
-86.57391085785906 34.734547275753755
-86.5739696072746 34.734548053835084
-86.57401359584978 34.73454863642282
-86.5740602699596 34.73454925457796
-86.57409018374834 34.734549650758254
-86.5741182352942 34.734550022274874
-86.57415728398382 34.73455053943842
-86.57418747224817 34.734550939253886
-86.57422344329517 34.734551415656924
-86.57425963000159 34.73455189491617
-86.57428783839063 34.73455226851003
-86.57431606638505 34.734552642363546
-86.57431865456773 34.73455267664161
-86.57432578985295 34.73455277114183
-86.57432955341454 34.7345528209867
-86.57433296407895 34.73455286615778
-86.57433762935386 34.734552927944996
-86.57433882149321 34.734552943733775
-86.57464597168519 34.73455685528867
-86.57522174669727 34.73456165899948
-86.57560597901656 34.73456486466299
-86.57522174669727 34.73456165899948
-86.57464597168519 34.73455685528867
-86.57469086005277 34.73394587473009
-86.574692910344 34.733917967988205
-86.57469086005277 34.73394587473009
-86.57464597168519 34.73455685528867
-86.57433882149321 34.734552943733775
-86.57433668020802 34.73471695460458
-86.57433551678815 34.73480606627722
-86.574331929706 34.73508081738086
-86.57432485165428 34.73560589706017
-86.57432269597263 34.73573366610854
-86.57431591095737 34.73613581961697
-86.57430585267333 34.73631183958751
-86.57429896088613 34.736627930476395
-86.57429875684548 34.736635656815636
-86.5742849910472 34.7371569217106
-86.57427082715397 34.73757845148942
-86.57426785471144 34.73766691396386
-86.57426692338885 34.737755948403986
-86.57425984533712 34.73817988644942
-86.57425625389779 34.73848785237193
-86.5742538848725 34.7386909962898
-86.57425891401452 34.73877388400079
-86.5742419639433 34.7392579854859
-86.57424121852551 34.73938903924815
-86.57423898371098 34.73978194757809
-86.57421197535571 34.74029398874106
-86.57421145978127 34.7403172167267
-86.57420489730399 34.74061287359773
-86.57420489730399 34.74082391129786
-86.57419609473574 34.74124195869204
-86.57419390769736 34.741345824480334
-86.57418198676814 34.74185693432071
-86.57417757294729 34.74214896502479
-86.57417397739383 34.74238685687751
-86.57416689934209 34.74291398546652
-86.57416503189278 34.74305089898719
-86.57415982129037 34.7434329184167
-86.57414994927086 34.74393490129564
-86.57414929893925 34.74395735780796
-86.57413486184481 34.744455883155524
-86.57412283926608 34.744883566356314
-86.57412089200588 34.744952836892445
-86.57410599084436 34.74546990719743
-86.57410487325724 34.745514983211045
-86.57409607067719 34.745792044418295
-86.5740899720957 34.74598399727011
-86.57408084513428 34.74648393123933
-86.57407678076312 34.746697074423885
-86.57407283575995 34.74690395772988
-86.57406594397276 34.747001932866915
-86.57405998350814 34.74749199481663
-86.5740580184886 34.74762773629713
-86.57405290545641 34.747980939179236
-86.57404582740469 34.74848683361307
-86.57404503916706 34.74854254184979
-86.57403781803036 34.74905289148658
-86.5748847738644 34.749061006198204
-86.57518483493891 34.7490638810932
-86.57531596516034 34.74906499868032
-86.57546087895619 34.74906797891262
-86.57600809294458 34.74907692197194
-86.57606493479159 34.74907785093213
-86.57656691767052 34.74908586030645
-86.57707690992378 34.74907393937723
-86.57713134787859 34.74907884837169
-86.57733097472781 34.74909684991308
-86.57773982534721 34.74909983014538
-86.5779739598477 34.7491018790551
-86.5782179663677 34.749117897803735
-86.5782891472139 34.749122771651486
-86.57845191460368 34.74913391655238
-86.57874695760191 34.74913186764267
-86.57928284062332 34.74912385826835
-86.57936514906123 34.74912238219901
-86.57950095637517 34.74911994671345
-86.5797959993734 34.74912497585546
-86.58038291887304 34.74913484787497
-86.58034223049017 34.74922304071265
-86.57994889283344 34.75007560750597
-86.57993146844953 34.7501133751869
-86.57961793049316 34.75079297462388
-86.5795909221379 34.750842893515
-86.57954000353027 34.75093950953721
-86.57952742248737 34.750963381563096
-86.57908619678173 34.75180058969876
-86.57899692458652 34.75196998011999
-86.57908619678173 34.75180058969876
-86.57952742248737 34.750963381563096
-86.57954000353027 34.75093950953721
-86.5795909221379 34.750842893515
-86.57959160128631 34.75084163826137
-86.57960014847846 34.75082584069243
-86.57961297216579 34.750802138980696
-86.57961793049316 34.75079297462388
-86.57962134722867 34.750785568785176
-86.57963303972453 34.750760225079794
-86.57964350059504 34.750737550945544
-86.57965236935222 34.75071832774699
-86.57966501906591 34.75069090925384
-86.57967265786988 34.750674352002136
-86.57968696739364 34.75064333583936
-86.57969140553328 34.750633716087926
-86.57971068139378 34.75059193529658
-86.57971179322722 34.75058952537658
-86.57973119556563 34.75054747044196
-86.5797334961212 34.75054248394436
-86.57974702031409 34.75051317000106
-86.57975779208563 34.75048982198298
-86.57976402877067 34.75047630385046
-86.57977768445546 34.75044670489597
-86.5797805009507 34.75044060008942
-86.57979219985393 34.75041524249591
-86.57979705977093 34.7504047085341
-86.57981022013163 34.75037618320394
-86.57981545697429 34.75036483224868
-86.57982410732068 34.750346082459636
-86.57983243896527 34.75032802346276
-86.57984182338345 34.750307682559296
-86.57985166941668 34.750286341096434
-86.57986044540498 34.75026731897624
-86.57986797695315 34.75025099420342
-86.57987703069078 34.750231370056255
-86.57988675832557 34.75021028522428
-86.57988949542404 34.75020435251172
-86.57989739191913 34.75018723670958
-86.57990959283254 34.75016079099956
-86.57992000160792 34.7501382297825
-86.57992825385574 34.75012034287962
-86.57993146844953 34.7501133751869
-86.5799438941811 34.750086442179246
-86.57994889283344 34.75007560750597
-86.57995538748833 34.75006153021898
-86.57996508865753 34.750040502751666
-86.57996799764298 34.750034197470804
-86.57997816906409 34.75001215072359
-86.57998443082133 34.74999857824664
-86.5799891068726 34.74998844281726
-86.57999811297172 34.749968921927476
-86.58000165824606 34.74996123747845
-86.58001073120585 34.749941571666895
-86.58001273423254 34.74993723006875
-86.58002270061499 34.749915627746695
-86.58002574192841 34.749909035642496
-86.58003149582544 34.749896563962096
-86.58003816765998 34.74988210263485
-86.58004215588458 34.74987345808273
-86.58005203562685 34.74985204355494
-86.5800548983672 34.74984583851122
-86.5800627221516 34.74982888031091
-86.58007097439942 34.749810993408026
-86.58007287964321 34.74980686375615
-86.58008285856178 34.749785234261864
-86.58008720253912 34.74977581860901
-86.5800930887641 34.74976306010529
-86.58010269075702 34.74974224760445
-86.58010650570122 34.74973397864087
-86.58011282178305 34.74972028841435
-86.58012161699348 34.74970122462977
-86.58012222458733 34.74969990765862
-86.5801298567052 34.749683364899106
-86.58013529914388 34.7496715683106
-86.58014240724263 34.749656161372435
-86.58014512595496 34.74965026851214
-86.58015379552351 34.74963147705869
-86.58016042752033 34.749617102080464
-86.58016256426836 34.74961247063876
-86.5801708039801 34.749594610908105
-86.58017879825809 34.74957728315971
-86.58017944708305 34.74957587681933
-86.58018809018601 34.74955714273055
-86.58019522475036 34.74954167842772
-86.58019658118151 34.74953873833759
-86.58020532346077 34.749519789282324
-86.58021059986247 34.74950835258209
-86.58021144704004 34.74950651630875
-86.58021567930498 34.7494973427946
-86.58022006367742 34.74948783958464
-86.58022370673463 34.74947994318935
-86.58022581033102 34.7494753836045
-86.58023323601685 34.749459288290346
-86.5802341185755 34.7494573753278
-86.58023768056387 34.74944965465078
-86.5802385622865 34.74944774350037
-86.58024397547277 34.749436010316984
-86.58024511349313 34.74943354363636
-86.58024869303384 34.74942578491432
-86.58025179257109 34.74941906660884
-86.58025940407342 34.74940256853393
-86.58026340427676 34.749393898017686
-86.5802658318676 34.74938863616872
-86.58026884894487 34.749382096596825
-86.58027372111928 34.74937153606684
-86.58027618046839 34.74936620538125
-86.58027949423848 34.74935902272205
-86.58028685445704 34.74934306930944
-86.580288879214 34.74933868061049
-86.58029434031748 34.74932684356568
-86.58029905537043 34.74931662359942
-86.58030535835877 34.74930296175322
-86.58030707026398 34.7492992511664
-86.58031204384415 34.74928847083756
-86.5803127177413 34.74928701015275
-86.58031527738142 34.74928146208449
-86.58031745925985 34.74927673282182
-86.58031816045865 34.74927521296021
-86.58032089142839 34.74926929353173
-86.58032597588489 34.74925827287633
-86.58033606066581 34.749236413923384
-86.58034223049017 34.74922304071265
-86.58034334789498 34.74922061871664
-86.58034391648715 34.749219386282405
-86.58034584736049 34.749215201077995
-86.58035175921503 34.749202387021725
-86.58035822656826 34.74918836891153
-86.58036370856597 34.74917648657806
-86.58036757699874 34.74916810167705
-86.58037328381461 34.749155732045935
-86.58037932131104 34.74914264565853
-86.58038291887304 34.74913484787497
-86.58038577750376 34.749134886057035
-86.58038732205559 34.74913490668725
-86.58038880727 34.74913492652491
-86.58040050741295 34.74913508280098
-86.58041099024972 34.749135222817785
-86.5804254522506 34.74913541598335
-86.58043389605749 34.74913552876531
-86.58044245853911 34.74913564313238
-86.58045017951791 34.74913574625968
-86.58046477997266 34.749135941274545
-86.5804788463911 34.749136129156405
-86.58049564410872 34.749136353519596
-86.58051375802813 34.749136595462986
-86.58053683106836 34.749136903644185
-86.58056396238923 34.7491372660309
-86.58058901512196 34.74913760065439
-86.58061990803661 34.74913801328383
-86.58064876192138 34.74913839867843
-86.58068269360173 34.74913885189596
-86.58071670439855 34.749139306170214
-86.58075565453709 34.749139826418116
-86.58078754718755 34.74914025240079
-86.58083543561104 34.74914089203527
-86.58088044350184 34.74914149319515
-86.58091284142985 34.7491419259267
-86.580922768987 34.749142262917175
-86.58096779270268 34.74914379124513
-86.58099754640133 34.74914480123307
-86.58101008368503 34.74914522681059
-86.58101653080303 34.74914544565772
-86.58102947536325 34.749145885060216
-86.58103540363275 34.749146086295056
-86.58104484576907 34.74914640680794
-86.58104683663991 34.749146474387956
-86.58105497372217 34.74914675060084
-86.58105617266602 34.749146791298934
-86.5810634619054 34.749147038731834
-86.58106731009846 34.749147169358565
-86.58106889408238 34.749147223126826
-86.581070762328 34.74914728654434
-86.58107271431749 34.749147352804535
-86.58107591557507 34.749147461471075
-86.58111586975565 34.7491488177139
-86.58111169464803 34.74926185488692
-86.58111136354736 34.74927081913086
-86.58111113036396 34.749277132355225
-86.58111091640971 34.74928292496899
-86.58111084061363 34.74928497707736
-86.58111188288127 34.74930124803318
-86.581112381534 34.74930903255636
-86.58111245543924 34.749310186299496
-86.58111255489058 34.74931173884539
-86.58111268472983 34.74931376578031
-86.58111281556441 34.749315808253506
-86.5811129312789 34.749317614685054
-86.58111331663805 34.74932363056982
-86.58111374921336 34.749330383550976
-86.58111494877866 34.74934911009825
-86.5811153707636 34.749355697752016
-86.5811155540864 34.74935855962444
-86.58111602610909 34.74936592842315
-86.58111642872673 34.74937221373185
-86.58111692322088 34.74937993333505
-86.581117522974 34.74938929614755
-86.58111803680592 34.74939731763467
-86.58111885067042 34.749410022964035
-86.58111938101848 34.749418302286514
-86.58112015313286 34.74943035584977
-86.58112059750063 34.74943729292458
-86.58112089889767 34.74944199806695
-86.58112030622992 34.74944530422323
-86.58111991387818 34.74944749293054
-86.58111671218562 34.74946535335273
-86.58111574541577 34.749470746411966
-86.58111035332234 34.749500825835135
-86.58110930161676 34.749506692702596
-86.58110518120617 34.74952967813029
-86.58110346809279 34.74953923461574
-86.58110189991672 34.74954798257831
-86.58109994774823 34.74955545499357
-86.58109823859836 34.749561997194064
-86.58109521760035 34.74957356082276
-86.58109151592664 34.74958772990872
-86.5810895266969 34.74959534418523
-86.58108541946666 34.749611065640735
-86.5810806747751 34.74962922713953
-86.58107990392072 34.74963217777829
-86.58107412287772 34.749654306172495
-86.58106994372324 34.749670302936096
-86.58106789427464 34.74967814771546
-86.58106297063223 34.74969699419358
-86.58105210274393 34.74972122220695
-86.58105163657174 34.74972226145446
-86.58103708455708 34.749754702568744
-86.58103447687868 34.74976051592137
-86.5810245081883 34.74978273933381
-86.58102137483448 34.74978972458582
-86.58100735965633 34.749820968919096
-86.5810029830713 34.74983072573273
-86.58099328704941 34.74985234127952
-86.58098290318962 34.74987549023787
-86.58097811312608 34.74988616882794
-86.58096565634993 34.74991393898263
-86.58096178311818 34.749922573660136
-86.58094865239335 34.74995184626292
-86.58094330790621 34.749963760841176
-86.58093595643194 34.749980149638354
-86.58092523507919 34.75000405097693
-86.58091095943088 34.750035875981865
-86.58090522002203 34.75004867096749
-86.58089601353171 34.750069195191166
-86.58088481750633 34.750094154727506
-86.5808816655957 34.75010118134858
-86.58087462929224 34.7501168675288
-86.58086559975584 34.750136997265415
-86.58086108236076 34.75014706798985
-86.58085052790557 34.75017059726018
-86.58084237432203 34.750188774216554
-86.5808368502204 34.750201089213235
-86.58082799504476 34.750220830243684
-86.58082051171203 34.750237512995696
-86.58081732099694 34.75024462612438
-86.58080261428304 34.75027741211293
-86.58079975041846 34.750283796586835
-86.58078766838389 34.75031073132223
-86.58077936386645 34.75032924475869
-86.58077756517444 34.750333254620855
-86.58076664292228 34.750357603828746
-86.58075473680437 34.750384146389436
-86.58075395597999 34.75038588709774
-86.580743261752 34.750409727966506
-86.58073315854256 34.75043225126513
-86.58072692804625 34.75044614104243
-86.58071404020453 34.75047487218073
-86.58070807809271 34.75048816364276
-86.58070513772397 34.75049471866907
-86.5806953258073 34.75051659258252
-86.58068692187742 34.75053532764128
-86.58068310821642 34.75054382951646
-86.5806673676712 34.75057892024705
-86.58066635460617 34.75058117869437
-86.5806514039044 34.75061450861022
-86.58064761522617 34.75062295479078
-86.580633937541 34.75065344674383
-86.58063273681212 34.75065612355412
-86.58062547728707 34.75067230736691
-86.58061336332513 34.75069931327865
-86.58061097361458 34.750704640710964
-86.58059737937818 34.75073494662989
-86.58059115309834 34.750748827007286
-86.58058541213362 34.75076162546145
-86.58057209108432 34.750791322358566
-86.5805606654789 34.750816793702576
-86.58054837345831 34.750844196564195
-86.58054473785594 34.750852301489495
-86.58053062910518 34.75088375442617
-86.58052647470447 34.75089301591959
-86.58051731019788 34.750913446548104
-86.58050811908514 34.75093393649025
-86.58050545138487 34.750939883650915
-86.5804913426341 34.75097133658759
-86.58049027798016 34.750973710043155
-86.58047967570141 34.75099734592754
-86.58047003068232 34.75101884777274
-86.5804688825796 34.75102140726243
-86.5804571428406 34.75104757891104
-86.58044760677167 34.75106883787132
-86.58044137095413 34.75108273951134
-86.58043303029285 34.751101333524055
-86.58042806638714 34.7511123996641
-86.58041626552152 34.751138707583586
-86.58041223285542 34.751147697691444
-86.58041073979653 34.75115102619927
-86.58040992722832 34.75115283767476
-86.58040735263623 34.751158533674946
-86.58040399970189 34.75116595167129
-86.58040216843042 34.75117000315678
-86.58039238813345 34.751191640981986
-86.580378294704 34.751222821135634
-86.58037435142872 34.751231545195985
-86.580367831447 34.751245969934295
-86.58036028804912 34.75126274663639
-86.5803551152711 34.75127425102171
-86.58034360788984 34.75129984372015
-86.58033523464225 34.751318466028366
-86.58032701245699 34.751336752370236
-86.58031965667087 34.751353111819185
-86.58031132839149 34.75137163411697
-86.58029922494805 34.751398552472295
-86.58029643560221 34.75140475604598
-86.58028312536533 34.75143435833952
-86.58027973995732 34.75144188757008
-86.5802706064047 34.75146220081533
-86.58026515807971 34.75147431802389
-86.5802596839935 34.751486492525956
-86.58024934804098 34.75150947993814
-86.58024830846755 34.75151179197497
-86.58023858108564 34.75153342591117
-86.58022999639411 34.75155251847588
-86.58022439484614 34.7515649764561
-86.58021149424441 34.751593667711056
-86.58020958603899 34.75159791160675
-86.58019268043874 34.75163551007674
-86.58019060278046 34.75164013083976
-86.58018004138697 34.75166361963818
-86.5801707221516 34.75168434584642
-86.58016569969163 34.751695515920716
-86.58015325071611 34.751723202747904
-86.58015072217592 34.75172882628339
-86.58013942549431 34.75175395038063
-86.58013486791327 34.751764086552754
-86.58012329642897 34.75178982181792
-86.5801150580138 34.75180814425547
-86.58010752763704 34.75182489199831
-86.58009885821907 34.7518441729967
-86.5800903317485 34.75186313607657
-86.58008193787751 34.75188180425172
-86.58007418868614 34.75189903864359
-86.58006676954125 34.75191553900395
-86.58006113999923 34.751928059243625
-86.58004811119143 34.75195703563203
-86.58004449520465 34.75196507767541
-86.58003386970812 34.75198870904056
-86.58003107075874 34.751994933972696
-86.58002006362113 34.75201941411698
-86.5800164196403 34.75202751841981
-86.58000601884044 34.75205065005404
-86.58000132203344 34.7520610958681
-86.57999232845107 34.75208109781609
-86.57999008059564 34.75208609710176
-86.57998305932172 34.752101712587326
-86.57997522317105 34.752119140378795
-86.57997427055693 34.752121259016015
-86.5799665486153 34.752138432803754
-86.57995775173556 34.752157997280285
-86.57995236237579 34.752169983348686
-86.57994296207896 34.752190889839625
-86.57993942083623 34.75219914843126
-86.57993646992495 34.752206030301004
-86.57992555850234 34.75223147701287
-86.57992201476424 34.75223974142396
-86.57991110362079 34.752265187484795
-86.57990705800519 34.75227462233283
-86.5798985559854 34.752294450035926
-86.57989176999862 34.75231027574961
-86.57988568711491 34.75232446174483
-86.57988161146206 34.7523339666433
-86.57986730718564 34.75236732588648
-86.57986451675232 34.75237383350286
-86.57985206938078 34.752402862227015
-86.57984284437264 34.75242437602336
-86.57983746403367 34.75243692360217
-86.57983482392633 34.75244308064084
-86.57982789762602 34.75245923358208
-86.57982121232182 34.752474824492246
-86.57981829116865 34.752481636962585
-86.57981482808829 34.75248971327045
-86.57981238878776 34.752495402004136
-86.57973881616604 34.75266698195041
-86.57981238878776 34.752495402004136
-86.57981482808829 34.75248971327045
-86.57981829116865 34.752481636962585
-86.57982121232182 34.752474824492246
-86.57982789762602 34.75245923358208
-86.57983482392633 34.75244308064084
-86.57983746403367 34.75243692360217
-86.57984284437264 34.75242437602336
-86.57985206938078 34.752402862227015
-86.57986451675232 34.75237383350286
-86.57986730718564 34.75236732588648
-86.57988161146206 34.7523339666433
-86.57988568711491 34.75232446174483
-86.57989176999862 34.75231027574961
-86.5798985559854 34.752294450035926
-86.57990705800519 34.75227462233283
-86.57991110362079 34.752265187484795
-86.57992201476424 34.75223974142396
-86.57992555850234 34.75223147701287
-86.57993646992495 34.752206030301004
-86.57993942083623 34.75219914843126
-86.57994296207896 34.752190889839625
-86.57995236237579 34.752169983348686
-86.57995775173556 34.752157997280285
-86.5799665486153 34.752138432803754
-86.57997427055693 34.752121259016015
-86.57997522317105 34.752119140378795
-86.57998305932172 34.752101712587326
-86.57999008059564 34.75208609710176
-86.57999232845107 34.75208109781609
-86.58000132203344 34.7520610958681
-86.58000601884044 34.75205065005404
-86.5800164196403 34.75202751841981
-86.58002006362113 34.75201941411698
-86.58003107075874 34.751994933972696
-86.58003386970812 34.75198870904056
-86.58004449520465 34.75196507767541
-86.58004811119143 34.75195703563203
-86.58006113999923 34.751928059243625
-86.58006676954125 34.75191553900395
-86.58007418868614 34.75189903864359
-86.58008193787751 34.75188180425172
-86.5800903317485 34.75186313607657
-86.58009885821907 34.7518441729967
-86.58010752763704 34.75182489199831
-86.5801150580138 34.75180814425547
-86.58012329642897 34.75178982181792
-86.58013486791327 34.751764086552754
-86.58013942549431 34.75175395038063
-86.58015072217592 34.75172882628339
-86.58015325071611 34.751723202747904
-86.58016569969163 34.751695515920716
-86.5801707221516 34.75168434584642
-86.58018004138697 34.75166361963818
-86.58019060278046 34.75164013083976
-86.58019268043874 34.75163551007674
-86.58020958603899 34.75159791160675
-86.58021149424441 34.751593667711056
-86.58022439484614 34.7515649764561
-86.58022999639411 34.75155251847588
-86.58023858108564 34.75153342591117
-86.58024830846755 34.75151179197497
-86.58024934804098 34.75150947993814
-86.5802596839935 34.751486492525956
-86.58026515807971 34.75147431802389
-86.5802706064047 34.75146220081533
-86.58027973995732 34.75144188757008
-86.58028312536533 34.75143435833952
-86.58029643560221 34.75140475604598
-86.58029922494805 34.751398552472295
-86.58031132839149 34.75137163411697
-86.58031965667087 34.751353111819185
-86.58032701245699 34.751336752370236
-86.58033523464225 34.751318466028366
-86.58034360788984 34.75129984372015
-86.5803551152711 34.75127425102171
-86.58036028804912 34.75126274663639
-86.580367831447 34.751245969934295
-86.58037435142872 34.751231545195985
-86.580378294704 34.751222821135634
-86.58039238813345 34.751191640981986
-86.58040216843042 34.75117000315678
-86.58040399970189 34.75116595167129
-86.58040735263623 34.751158533674946
-86.58040992722832 34.75115283767476
-86.58041073979653 34.75115102619927
-86.58041223285542 34.751147697691444
-86.58041626552152 34.751138707583586
-86.58042806638714 34.7511123996641
-86.58043303029285 34.751101333524055
-86.58044137095413 34.75108273951134
-86.58044760677167 34.75106883787132
-86.5804571428406 34.75104757891104
-86.5804688825796 34.75102140726243
-86.58047003068232 34.75101884777274
-86.58047967570141 34.75099734592754
-86.58049027798016 34.750973710043155
-86.5804913426341 34.75097133658759
-86.58050545138487 34.750939883650915
-86.58050811908514 34.75093393649025
-86.58051731019788 34.750913446548104
-86.58052647470447 34.75089301591959
-86.58053062910518 34.75088375442617
-86.58054473785594 34.750852301489495
-86.58054837345831 34.750844196564195
-86.5805606654789 34.750816793702576
-86.58057209108432 34.750791322358566
-86.58058541213362 34.75076162546145
-86.58059115309834 34.750748827007286
-86.58059737937818 34.75073494662989
-86.58061097361458 34.750704640710964
-86.58061336332513 34.75069931327865
-86.58062547728707 34.75067230736691
-86.58063273681212 34.75065612355412
-86.580633937541 34.75065344674383
-86.58064761522617 34.75062295479078
-86.5806514039044 34.75061450861022
-86.58066635460617 34.75058117869437
-86.5806673676712 34.75057892024705
-86.58068310821642 34.75054382951646
-86.58068692187742 34.75053532764128
-86.5806953258073 34.75051659258252
-86.58070513772397 34.75049471866907
-86.58070807809271 34.75048816364276
-86.58071404020453 34.75047487218073
-86.58072692804625 34.75044614104243
-86.58073315854256 34.75043225126513
-86.580743261752 34.750409727966506
-86.58075395597999 34.75038588709774
-86.58075473680437 34.750384146389436
-86.58076664292228 34.750357603828746
-86.58077756517444 34.750333254620855
-86.58077936386645 34.75032924475869
-86.58078766838389 34.75031073132223
-86.58079975041846 34.750283796586835
-86.58080261428304 34.75027741211293
-86.58081732099694 34.75024462612438
-86.58082051171203 34.750237512995696
-86.58082799504476 34.750220830243684
-86.5808368502204 34.750201089213235
-86.58084237432203 34.750188774216554
-86.58085052790557 34.75017059726018
-86.58086108236076 34.75014706798985
-86.58086559975584 34.750136997265415
-86.58087462929224 34.7501168675288
-86.5808816655957 34.75010118134858
-86.58088481750633 34.750094154727506
-86.58089601353171 34.750069195191166
-86.58090522002203 34.75004867096749
-86.58091095943088 34.750035875981865
-86.58092523507919 34.75000405097693
-86.58093595643194 34.749980149638354
-86.58094330790621 34.749963760841176
-86.58094865239335 34.74995184626292
-86.58096178311818 34.749922573660136
-86.58096565634993 34.74991393898263
-86.58097811312608 34.74988616882794
-86.58098290318962 34.74987549023787
-86.58099328704941 34.74985234127952
-86.5810029830713 34.74983072573273
-86.58100735965633 34.749820968919096
-86.58102137483448 34.74978972458582
-86.5810245081883 34.74978273933381
-86.58103447687868 34.74976051592137
-86.58103708455708 34.749754702568744
-86.58105163657174 34.74972226145446
-86.58105210274393 34.74972122220695
-86.58106297063223 34.74969699419358
-86.58106789427464 34.74967814771546
-86.58106994372324 34.749670302936096
-86.58107412287772 34.749654306172495
-86.58107990392072 34.74963217777829
-86.5810806747751 34.74962922713953
-86.58108541946666 34.749611065640735
-86.5810895266969 34.74959534418523
-86.58109151592664 34.74958772990872
-86.58109521760035 34.74957356082276
-86.58109823859836 34.749561997194064
-86.58109994774823 34.74955545499357
-86.58110189991672 34.74954798257831
-86.58110346809279 34.74953923461574
-86.58110518120617 34.74952967813029
-86.58110930161676 34.749506692702596
-86.58111035332234 34.749500825835135
-86.58111574541577 34.749470746411966
-86.58111671218562 34.74946535335273
-86.58111991387818 34.74944749293054
-86.58112030622992 34.74944530422323
-86.58112089889767 34.74944199806695
-86.58112059750063 34.74943729292458
-86.58112015313286 34.74943035584977
-86.58111938101848 34.749418302286514
-86.58111885067042 34.749410022964035
-86.58111803680592 34.74939731763467
-86.581117522974 34.74938929614755
-86.58111692322088 34.74937993333505
-86.58111642872673 34.74937221373185
-86.58111602610909 34.74936592842315
-86.5811155540864 34.74935855962444
-86.5811153707636 34.749355697752016
-86.58111494877866 34.74934911009825
-86.58111374921336 34.749330383550976
-86.58111331663805 34.74932363056982
-86.5811129312789 34.749317614685054
-86.58111281556441 34.749315808253506
-86.58111268472983 34.74931376578031
-86.58111255489058 34.74931173884539
-86.58111245543924 34.749310186299496
-86.581112381534 34.74930903255636
-86.58111188288127 34.74930124803318
-86.58111084061363 34.74928497707736
-86.58111091640971 34.74928292496899
-86.58111113036396 34.749277132355225
-86.58111136354736 34.74927081913086
-86.58111169464803 34.74926185488692
-86.58111586975565 34.7491488177139
-86.58122608396029 34.749152718387485
-86.58123228610658 34.7491529378923
-86.5812343791475 34.74915301196868
-86.5812400619872 34.749153213094324
-86.58124262200869 34.74915330369796
-86.58124818438172 34.74915350056008
-86.581253493032 34.7491536884425
-86.58125498188255 34.74915374113553
-86.581258214235 34.74915385553414
-86.58126269845835 34.74915401423865
-86.58126608686037 34.74915413416013
-86.581282720725 34.749154722861704
-86.58131560728597 34.74915588677465
-86.58135548088356 34.74915729797105
-86.5813914142148 34.74915856971453
-86.58143832717506 34.74916023004629
-86.581481352195 34.74916175277705
-86.58152847445935 34.749163420516446
-86.58158395214421 34.74916538396881
-86.58166874635955 34.74916838498448
-86.58172816431076 34.74917048788976
-86.58178406060384 34.7491724661574
-86.58184894022972 34.749174762360894
-86.58187899549036 34.74917582606917
-86.5818999729687 34.74917600302643
-86.5819052114242 34.749176047215855
-86.5819096720666 34.74917608484397
-86.58192932013588 34.749176250586885
-86.58193850619183 34.74917632807662
-86.58194199393026 34.74917635749773
-86.58194784337383 34.749176406841194
-86.58195105504946 34.74917643393355
-86.5819555926572 34.74917647221091
-86.58196028058971 34.74917651175636
-86.58196134215136 34.74917652071125
-86.58196456632066 34.749176547908995
-86.58197310350687 34.74917661992514
-86.58198181520383 34.74917669341338
-86.58198551493406 34.749176724622764
-86.58198855249958 34.7491767502464
-86.58199085213697 34.74917676964518
-86.58200076282603 34.74917685324762
-86.58202148575198 34.749177028057574
-86.58202511052016 34.74917705863461
-86.58203218474449 34.74917711830981
-86.58203375974878 34.74917713159589
-86.58203670945788 34.74917715647841
-86.58204167144993 34.7491771983357
-86.58204360877077 34.749177214678134
-86.58204558357264 34.74917723133674
-86.58204855826911 34.74917725643004
-86.58205054556466 34.749177273194036
-86.58205552005035 34.74917731515672
-86.58205746986485 34.74917733160454
-86.58206126954451 34.749177363657054
-86.58210510248952 34.74917773341349
-86.58212188442324 34.74917787497888
-86.58211812817605 34.74918237695163
-86.5821001520365 34.749203921883584
-86.58207564496878 34.74923329432504
-86.5820565731339 34.749256152480086
-86.58204588849945 34.74926895832871
-86.58203974581356 34.74928123612629
-86.58202903037214 34.7493026537965
-86.5820282266763 34.749304260197185
-86.58202364757976 34.74931341274403
-86.5820211717737 34.749318361303345
-86.58201668602686 34.74932732726591
-86.58201367981903 34.7493333359748
-86.58200924741102 34.74934219532541
-86.58200728974391 34.74934610824576
-86.58200182142203 34.74935703814684
-86.58200112370271 34.74935843272517
-86.58199982036658 34.749361037790344
-86.58199919448475 34.749362288782244
-86.58199824160606 34.7493641933647
-86.5819975245049 34.7493656266828
-86.58199623486078 34.749368204380865
-86.58199508977486 34.749370493140766
-86.58199266073464 34.74937534822608
-86.58199065398935 34.74937935924223
-86.5819901292774 34.74938040801914
-86.5819885083757 34.74938364782389
-86.58198666912995 34.74938732404753
-86.5819792794103 34.74940209437497
-86.58197522377856 34.749410200637676
-86.58197366777738 34.74941331072142
-86.58196813473697 34.74942436997976
-86.58196567742957 34.74942928156458
-86.58196180600288 34.74943701964431
-86.58195826832808 34.74944409063179
-86.5819541582923 34.74945230563547
-86.5819493546159 34.74946190706511
-86.58194884128363 34.749462933096716
-86.58194371596295 34.749473177418295
-86.58193912512277 34.74948235343795
-86.58193312195644 34.749494352368465
-86.58192011509601 34.74952035005125
-86.58191661493774 34.74952734605196
-86.58190524035867 34.7495500811847
-86.58189789971719 34.749564753416315
-86.58189482797447 34.749570893114154
-86.58189362139179 34.74957358243882
-86.5818820605697 34.749599350092154
-86.58188118328962 34.74960130544176
-86.58187256961115 34.749620504273715
-86.5818686881908 34.74962915548325
-86.58185861422022 34.749651609127056
-86.58185425426218 34.74966132693836
-86.58184801047352 34.74967524357685
-86.58184037102798 34.74969227096321
-86.58183302585049 34.74970864246223
-86.58182758918262 34.74972076012753
-86.58182144034936 34.74973446512211
-86.581813586314 34.749751970802826
-86.58180708997679 34.749766450341035
-86.58179751170145 34.74978779914104
-86.58179694737608 34.74978905695301
-86.58179241677932 34.749799155097044
-86.58178368734427 34.749818611936234
-86.58178242801102 34.74982141883546
-86.58178114270378 34.74982428362755
-86.58177393807897 34.74984034185183
-86.58176642555519 34.74985708634517
-86.5817653035993 34.74985958704712
-86.58176120371131 34.7498687251942
-86.58175213817165 34.74988893116931
-86.58175119813671 34.74989102639178
-86.58175026738657 34.74989310091958
-86.58174086973722 34.74991404712643
-86.58173524503896 34.74992658388842
-86.58173416997536 34.74992898007321
-86.58173367087063 34.749930092516394
-86.58172704726042 34.749944855730504
-86.58172066115574 34.74995908957389
-86.58171735311139 34.749966462798696
-86.58170832929123 34.74998657578618
-86.58170631078319 34.74999107479281
-86.5817039025834 34.749996442374524
-86.58170282422738 34.74999884589772
-86.58168962659919 34.750028261790945
-86.58168602040895 34.7500362995463
-86.58168550743912 34.75003744289312
-86.58167546801778 34.75005981953093
-86.58167020974427 34.750071539577085
-86.58166542413319 34.75008220611676
-86.58166142907078 34.750091110620474
-86.5816549858524 34.75010547176336
-86.58164466133073 34.75012848385481
-86.58163730851466 34.750144872379295
-86.58163034703654 34.75016038865948
-86.58162582149549 34.750170475534944
-86.58162453806862 34.7501733361359
-86.58161646380233 34.75019133268434
-86.58161298864586 34.75019907838154
-86.5816079048889 34.75021040945175
-86.58160290339303 34.750221557172104
-86.58159911681099 34.750229996998684
-86.58158906763653 34.750252395375
-86.58158772662759 34.7502553843193
-86.58158064950997 34.75027115834577
-86.58157267019908 34.7502889432503
-86.58156732049677 34.75030086708002
-86.58155943261468 34.75031844820098
-86.58155889132213 34.75031965467562
-86.58154809931087 34.75034370874402
-86.58154575257095 34.75034893933919
-86.58153785094082 34.750366551102815
-86.5815321086056 34.75037935006315
-86.58151910829261 34.75040832616503
-86.58151427555507 34.75041909774378
-86.58150178985812 34.75044692682963
-86.5814951379252 34.75046175317157
-86.5814860152718 34.750482086446176
-86.58147761630025 34.75050080672281
-86.58147079137991 34.750516018632446
-86.58145884697552 34.750542641243655
-86.58144255777316 34.750578947876214
-86.58143972462284 34.75058526262053
-86.58143049373435 34.75060583713787
-86.5814205242381 34.7506280579212
-86.58141627827335 34.75063752165543
-86.58140751452324 34.750657054978696
-86.58139340341951 34.750688506896736
-86.58139175521409 34.75069218054432
-86.5813819375528 34.75071406290617
-86.58137007670447 34.750740499281186
-86.58136755497972 34.75074611989612
-86.58135687519845 34.75076992381762
-86.58134414470861 34.75079829851678
-86.58134228555704 34.750802442337424
-86.58132635525794 34.75083794901865
-86.58132211117358 34.75084740856176
-86.58131275877028 34.750868253920665
-86.58130271711732 34.750890635532485
-86.581300711889 34.750895104940284
-86.58129271154272 34.75091293673007
-86.58128334597683 34.75093381142684
-86.58127729585969 34.750947296395275
-86.58126425006645 34.75097637386701
-86.58126091746013 34.7509838018374
-86.58125073713484 34.751006492532824
-86.58124174375192 34.751026537679444
-86.58123183877383 34.75104861465973
-86.58122188831551 34.7510707930099
-86.58121321576003 34.751090123071506
-86.58120317410707 34.75111250468333
-86.58119969906767 34.75112025011957
-86.58119301281968 34.7511351529456
-86.58118122412807 34.75116142849212
-86.58117529564284 34.751174642358016
-86.5811693993581 34.75118778445289
-86.58116394177196 34.751199948742475
-86.58115278733084 34.75122481062253
-86.58115121504288 34.75122831505938
-86.58114353564115 34.75124543150319
-86.58113677347568 34.75126050353995
-86.58113448338118 34.751265607879475
-86.58112652863224 34.75128333803842
-86.58111707375207 34.75130441180573
-86.58111296446219 34.75131357090844
-86.58111082620266 34.751318336826465
-86.58110066491527 34.751340985088724
-86.58109303686908 34.75135798706738
-86.58109156893836 34.7513612589047
-86.58107994735887 34.75138716197883
-86.58107694047116 34.751393863962456
-86.5810727009962 34.75140338848616
-86.58107048881426 34.751408358436315
-86.58105992536649 34.751432090575236
-86.58105181193034 34.75145031844913
-86.58105050103127 34.751453263551866
-86.58103569445859 34.75148652841459
-86.58103457425088 34.751489045104734
-86.581024777102 34.75151105565504
-86.58101851248652 34.751525129916374
-86.58101492147186 34.75153319759094
-86.58100522250437 34.75155498756412
-86.58100131350011 34.751563769643106
-86.58099053768228 34.75158797889856
-86.58098242613661 34.75160620252524
-86.58097600952281 34.751620618270294
-86.58096451933254 34.751646432455004
-86.5809629338012 34.75164999455429
-86.58094930881508 34.75168060483141
-86.58094614254053 34.75168771827291
-86.58094004114251 34.751701425845326
-86.58092633687981 34.751732214227395
-86.58091636328007 34.751754621197136
-86.58090879910844 34.75177161507792
-86.58090364146729 34.75178320237961
-86.58089578753953 34.751800847234676
-86.58089187475429 34.75180963780809
-86.58088432091841 34.751826608468235
-86.58087852250992 34.751839635335855
-86.58087167649171 34.75185501579297
-86.58086202945067 34.751876689106766
-86.58086111304394 34.7518787479319
-86.580847134149 34.751910153310526
-86.58084624420904 34.75191215267464
-86.58083342988631 34.7519409416926
-86.58083006636556 34.75194849827291
-86.58082239645057 34.75196572971967
-86.58081361388982 34.75198546086773
-86.58080837886259 34.75199722202717
-86.58079747473938 34.75202171953712
-86.58079381011962 34.75202995257499
-86.5807825926711 34.752055154010364
-86.58077896863486 34.75206329587215
-86.58076806451166 34.752087793382096
-86.58076479249374 34.75209514438958
-86.5807539676471 34.75211946379456
-86.58075344384223 34.752120640589304
-86.58074064275289 34.75214939987675
-86.58072874483686 34.75217613006957
-86.58072781620388 34.75217821636256
-86.58071727821574 34.75220189130313
-86.58071356267669 34.75221023873774
-86.58070396655494 34.75223179765481
-86.58069903451722 34.75224287810947
-86.58069218660852 34.75225826281379
-86.58068109280107 34.752283186473676
-86.58066966676348 34.752308856531144
-86.58065949591759 34.75233170663969
-86.58065857005842 34.7523337867009
-86.58064787263382 34.75235781983595
-86.58064431653122 34.75236580907608
-86.58063730918603 34.75238155197489
-86.58063147674883 34.75239465529239
-86.58062788485081 34.75240272495152
-86.58061679192673 34.75242764662684
-86.58060483363899 34.75245451245248
-86.58059422960768 34.7524783357675
-86.58058590380148 34.752497040757916
-86.58057819141249 34.75251436762799
-86.58056998546638 34.752532803337346
-86.58056866234105 34.75253577590795
-86.58056476556304 34.752544530519074
-86.58056390864468 34.75254645569596
-86.5805584103281 34.75255880836867
-86.58055361793866 34.75256957508556
-86.58055070928201 34.75257610975545
-86.58054906148847 34.75257981173477
-86.58049691275873 34.75269697053798
-86.58054906148847 34.75257981173477
-86.58055070928201 34.75257610975545
-86.58055361793866 34.75256957508556
-86.5805584103281 34.75255880836867
-86.58056390864468 34.75254645569596
-86.58056476556304 34.752544530519074
-86.58056866234105 34.75253577590795
-86.58056998546638 34.752532803337346
-86.58057819141249 34.75251436762799
-86.58058590380148 34.752497040757916
-86.58059422960768 34.7524783357675
-86.58060483363899 34.75245451245248
-86.58061679192673 34.75242764662684
-86.58062788485081 34.75240272495152
-86.58063147674883 34.75239465529239
-86.58063730918603 34.75238155197489
-86.58064431653122 34.75236580907608
-86.58064787263382 34.75235781983595
-86.58065857005842 34.7523337867009
-86.58065949591759 34.75233170663969
-86.58066966676348 34.752308856531144
-86.58068109280107 34.752283186473676
-86.58069218660852 34.75225826281379
-86.58069903451722 34.75224287810947
-86.58070396655494 34.75223179765481
-86.58071356267669 34.75221023873774
-86.58071727821574 34.75220189130313
-86.58072781620388 34.75217821636256
-86.58072874483686 34.75217613006957
-86.58074064275289 34.75214939987675
-86.58075344384223 34.752120640589304
-86.5807539676471 34.75211946379456
-86.58076479249374 34.75209514438958
-86.58076806451166 34.752087793382096
-86.58077896863486 34.75206329587215
-86.5807825926711 34.752055154010364
-86.58079381011962 34.75202995257499
-86.58079747473938 34.75202171953712
-86.58080837886259 34.75199722202717
-86.58081361388982 34.75198546086773
-86.58082239645057 34.75196572971967
-86.58083006636556 34.75194849827291
-86.58083342988631 34.7519409416926
-86.58084624420904 34.75191215267464
-86.580847134149 34.751910153310526
-86.58086111304394 34.7518787479319
-86.58086202945067 34.751876689106766
-86.58087167649171 34.75185501579297
-86.58087852250992 34.751839635335855
-86.58088432091841 34.751826608468235
-86.58089187475429 34.75180963780809
-86.58089578753953 34.751800847234676
-86.58090364146729 34.75178320237961
-86.58090879910844 34.75177161507792
-86.58091636328007 34.751754621197136
-86.58092633687981 34.751732214227395
-86.58094004114251 34.751701425845326
-86.58094614254053 34.75168771827291
-86.58094930881508 34.75168060483141
-86.5809629338012 34.75164999455429
-86.58096451933254 34.751646432455004
-86.58097600952281 34.751620618270294
-86.58098242613661 34.75160620252524
-86.58099053768228 34.75158797889856
-86.58100131350011 34.751563769643106
-86.58100522250437 34.75155498756412
-86.58101492147186 34.75153319759094
-86.58101851248652 34.751525129916374
-86.581024777102 34.75151105565504
-86.58103457425088 34.751489045104734
-86.58103569445859 34.75148652841459
-86.58105050103127 34.751453263551866
-86.58105181193034 34.75145031844913
-86.58105992536649 34.751432090575236
-86.58107048881426 34.751408358436315
-86.5810727009962 34.75140338848616
-86.58107694047116 34.751393863962456
-86.58107994735887 34.75138716197883
-86.58109156893836 34.7513612589047
-86.58109303686908 34.75135798706738
-86.58110066491527 34.751340985088724
-86.58111082620266 34.751318336826465
-86.58111296446219 34.75131357090844
-86.58111707375207 34.75130441180573
-86.58112652863224 34.75128333803842
-86.58113448338118 34.751265607879475
-86.58113677347568 34.75126050353995
-86.58114353564115 34.75124543150319
-86.58115121504288 34.75122831505938
-86.58115278733084 34.75122481062253
-86.58116394177196 34.751199948742475
-86.5811693993581 34.75118778445289
-86.58117529564284 34.751174642358016
-86.58118122412807 34.75116142849212
-86.58119301281968 34.7511351529456
-86.58119969906767 34.75112025011957
-86.58120317410707 34.75111250468333
-86.58121321576003 34.751090123071506
-86.58122188831551 34.7510707930099
-86.58123183877383 34.75104861465973
-86.58124174375192 34.751026537679444
-86.58125073713484 34.751006492532824
-86.58126091746013 34.7509838018374
-86.58126425006645 34.75097637386701
-86.58127729585969 34.750947296395275
-86.58128334597683 34.75093381142684
-86.58129271154272 34.75091293673007
-86.581300711889 34.750895104940284
-86.58130271711732 34.750890635532485
-86.58131275877028 34.750868253920665
-86.58132211117358 34.75084740856176
-86.58132635525794 34.75083794901865
-86.58134228555704 34.750802442337424
-86.58134414470861 34.75079829851678
-86.58135687519845 34.75076992381762
-86.58136755497972 34.75074611989612
-86.58137007670447 34.750740499281186
-86.5813819375528 34.75071406290617
-86.58139175521409 34.75069218054432
-86.58139340341951 34.750688506896736
-86.58140751452324 34.750657054978696
-86.58141627827335 34.75063752165543
-86.5814205242381 34.7506280579212
-86.58143049373435 34.75060583713787
-86.58143972462284 34.75058526262053
-86.58144255777316 34.750578947876214
-86.58145884697552 34.750542641243655
-86.58147079137991 34.750516018632446
-86.58147761630025 34.75050080672281
-86.5814860152718 34.750482086446176
-86.5814951379252 34.75046175317157
-86.58150178985812 34.75044692682963
-86.58151427555507 34.75041909774378
-86.58151910829261 34.75040832616503
-86.5815321086056 34.75037935006315
-86.58153785094082 34.750366551102815
-86.58154575257095 34.75034893933919
-86.58154809931087 34.75034370874402
-86.58155889132213 34.75031965467562
-86.58155943261468 34.75031844820098
-86.58156732049677 34.75030086708002
-86.58157267019908 34.7502889432503
-86.58158064950997 34.75027115834577
-86.58158772662759 34.7502553843193
-86.58158906763653 34.750252395375
-86.58159911681099 34.750229996998684
-86.58160290339303 34.750221557172104
-86.5816079048889 34.75021040945175
-86.58161298864586 34.75019907838154
-86.58161646380233 34.75019133268434
-86.58162453806862 34.7501733361359
-86.58162582149549 34.750170475534944
-86.58163034703654 34.75016038865948
-86.58163730851466 34.750144872379295
-86.58164466133073 34.75012848385481
-86.5816549858524 34.75010547176336
-86.58166142907078 34.750091110620474
-86.58166542413319 34.75008220611676
-86.58167020974427 34.750071539577085
-86.58167546801778 34.75005981953093
-86.58168550743912 34.75003744289312
-86.58168602040895 34.7500362995463
-86.58168962659919 34.750028261790945
-86.58170282422738 34.74999884589772
-86.5817039025834 34.749996442374524
-86.58170631078319 34.74999107479281
-86.58170832929123 34.74998657578618
-86.58171735311139 34.749966462798696
-86.58172066115574 34.74995908957389
-86.58172704726042 34.749944855730504
-86.58173367087063 34.749930092516394
-86.58173416997536 34.74992898007321
-86.58173524503896 34.74992658388842
-86.58174086973722 34.74991404712643
-86.58175026738657 34.74989310091958
-86.58175119813671 34.74989102639178
-86.58175213817165 34.74988893116931
-86.58176120371131 34.7498687251942
-86.5817653035993 34.74985958704712
-86.58176642555519 34.74985708634517
-86.58177393807897 34.74984034185183
-86.58178114270378 34.74982428362755
-86.58178242801102 34.74982141883546
-86.58178368734427 34.749818611936234
-86.58179241677932 34.749799155097044
-86.58179694737608 34.74978905695301
-86.58179751170145 34.74978779914104
-86.58180708997679 34.749766450341035
-86.581813586314 34.749751970802826
-86.58182144034936 34.74973446512211
-86.58182758918262 34.74972076012753
-86.58183302585049 34.74970864246223
-86.58184037102798 34.74969227096321
-86.58184801047352 34.74967524357685
-86.58185425426218 34.74966132693836
-86.58185861422022 34.749651609127056
-86.5818686881908 34.74962915548325
-86.58187256961115 34.749620504273715
-86.58188118328962 34.74960130544176
-86.5818820605697 34.749599350092154
-86.58189362139179 34.74957358243882
-86.58189482797447 34.749570893114154
-86.5820282266763 34.749304260197185
-86.58204588849945 34.74926895832871
-86.58212188442324 34.74917787497888
-86.58214114338266 34.74917820590288
-86.58299993536622 34.749192962404926
-86.58325510830674 34.74919309969802
-86.58435509986549 34.7491936915368
-86.58473089154208 34.74919389372752
-86.58473726202034 34.74930407940715
-86.58474094982611 34.74936786478835
-86.5847379695938 34.749864818525275
-86.58470891232884 34.75002090819227
-86.58467387809077 34.75020079686417
-86.5846148487467 34.75050389209026
-86.5845803100164 34.75063195259734
-86.58454984242952 34.750744918377954
-86.58446285689912 34.75096694568471
-86.58435296083286 34.75119884501097
-86.5843019446987 34.75131912073628
-86.58426597530244 34.75140392224648
-86.58417694086232 34.75159596096566
-86.58391046061638 34.752168000085035
-86.58379081451426 34.7524248380756
-86.58350555407856 34.7530193618922
-86.58340785466301 34.753222981539885
-86.5832398440668 34.75361395076545
-86.58321097306634 34.75369888738615
-86.5832018461049 34.75376687393562
-86.58309586159353 34.75373986558035
-86.58282689562797 34.753638910211
-86.58258059460566 34.75355229576215
-86.58201385100217 34.75335299417421
-86.5815412308707 34.753202726785204
-86.58144090134145 34.75317082747454
-86.58120881575067 34.75310190960248
-86.58125001783448 34.753035531215346
-86.58136397409507 34.75285194261786
-86.58139191377293 34.752796994584735
-86.58158693272442 34.75242893589502
-86.5816999543522 34.75220350822565
-86.58175792355294 34.75208788556057
-86.58209487606797 34.75131097625146
-86.5821001211082 34.75129873782426
-86.58215187301082 34.751177983384835
-86.58221799691509 34.751025991537254
-86.58238693883389 34.750635953634294
-86.58244598468644 34.75049998053536
-86.58248468014895 34.75040966119598
-86.58268682470963 34.74993783421675
-86.58293697795877 34.7499529216428
-86.58365994607001 34.74998478480228
-86.58409498447392 34.75000395812103
-86.58465226546123 34.75001934421625
-86.58470891232884 34.75002090819227
-86.58467387809077 34.75020079686417
-86.5846148487467 34.75050389209026
-86.58461213841623 34.75051394128115
-86.58461016952455 34.75052124141245
-86.58460472473118 34.75054142927096
-86.58460344371379 34.7505461789458
-86.58460283154166 34.75054844871869
-86.58459647873647 34.75057200324564
-86.58459570309994 34.750574879101435
-86.58459012153997 34.750595574054394
-86.58458530683394 34.75061342571517
-86.58458453119742 34.750616301570965
-86.58458132882889 34.75062817510927
-86.58458049725111 34.75063125838051
-86.584579533648 34.75063483116677
-86.58457914053156 34.75063628873892
-86.58457867317675 34.75063802156737
-86.58457783135256 34.750641142829494
-86.58457749564116 34.75064238755893
-86.58457687287267 34.75064469662032
-86.58457434447261 34.750654071261216
-86.58457360138897 34.75065682641948
-86.5845717231871 34.7506637902969
-86.58456866124459 34.75067514317257
-86.58456775762407 34.750678493559214
-86.58456745446554 34.75067961759111
-86.58456625755097 34.75068405543479
-86.58456450112804 34.75069056778807
-86.58456399355153 34.750692449748016
-86.58456277798987 34.75069695673017
-86.58456135215515 34.750702243349444
-86.58455945603808 34.750709273651715
-86.58455899161079 34.750710995625624
-86.58455868479284 34.750712133225704
-86.58455616371162 34.750721480730256
-86.58455253713755 34.750734927110976
-86.5845510674217 34.750740376429924
-86.58454984242952 34.750744918377954
