-100.418470424893 25.76005896997595
-100.41846391748928 25.760191882256983
-100.41844286959864 25.760582851482543
-100.4183701301308 25.76099058472502
-100.41836687367484 25.761008838437697
-100.41829497557048 25.7614158264119
-100.41820687245296 25.761841999631567
-100.41818929939843 25.761928531775787
-100.41812584738716 25.762240978231453
-100.41804892014076 25.762655975579975
-100.4180180238374 25.76288506543473
-100.41796584616525 25.763271952344596
-100.4179479647714 25.76372587897761
-100.41794979256645 25.76380542614061
-100.41795690546832 25.76411498555798
-100.41796081702324 25.76436383495548
-100.41795895437804 25.764552893442353
-100.4179529094634 25.764735024481755
-100.41794889609402 25.764855945814908
-100.4178658221185 25.765190849420225
-100.41777194480088 25.76541697454639
-100.41764791123722 25.76560521166133
-100.41750782171282 25.76581781579147
-100.4174109641629 25.765921937657637
-100.41728188285116 25.76606182231147
-100.41706693359616 25.76629092766995
-100.4170400329454 25.76631385298739
-100.4166938457644 25.76660888120403
-100.4164878372063 25.766737962515755
-100.41625388897032 25.76678396985197
-100.4161647763791 25.766805907165804
-100.4161199647811 25.766816938671848
-100.41573383843304 25.766911933576583
-100.41548498903552 25.767066905656463
-100.415425943183 25.76713284329622
-100.4152980187608 25.767274164808033
-100.41522496376687 25.76735487060297
-100.41503590528002 25.76763892399458
-100.41503381918352 25.767637845288057
-100.41413991180856 25.767175611771748
-100.41324598111402 25.766713366197063
-100.41231107104208 25.76622993046079
-100.41169599618829 25.765911879373608
-100.41140426530887 25.76576527450113
-100.41114483947632 25.765634904033725
-100.4109429287376 25.76553599757409
-100.410491709296 25.76528159461
-100.41038394891584 25.765220838007796
-100.41007586740128 25.765047984534085
-100.40969290755002 25.764821859407913
-100.40948837908212 25.764698525123688
-100.40933490714434 25.764605978830293
-100.40901993384256 25.764394941130167
-100.40865085114972 25.76411347600969
-100.40847697276944 25.76398087510424
-100.4079038368442 25.763564946433117
-100.40784435738271 25.763520700661655
-100.40743184255284 25.76321383781464
-100.40688852135553 25.762824735010533
-100.40667784377958 25.76267385697381
-100.40657893731994 25.76260289019204
-100.4060947041926 25.76224785852455
-100.4057509915326 25.761995854124333
-100.40535592448762 25.761706957855232
-100.405170528752 25.761556475202344
-100.40438398071404 25.760918047166303
-100.40435791919435 25.760896893461723
-100.40377099969471 25.76048785657781
-100.40347390249453 25.760281130895574
-100.40268238875518 25.759730381115165
-100.40211399053292 25.759334879204665
-100.40191189352971 25.759187916499105
-100.40185408733517 25.759145654827453
-100.4013799220632 25.758798996183252
-100.4010612741812 25.758587305616963
-100.40079281629905 25.758408958280288
-100.40018691589133 25.757975725321177
-100.3994004842708 25.757413408323625
-100.39888099727514 25.75704196297471
-100.39857148597768 25.756822769820367
-100.39811694021785 25.75650086454677
-100.39776218536008 25.75624861921639
-100.3975838511642 25.756121816250424
-100.39715190374446 25.755796970929136
-100.3969375445187 25.75564238629297
-100.39629490069214 25.75517894525481
-100.39595084119571 25.754927008709465
-100.39536897976777 25.754500942405333
-100.39510314454031 25.75430672202591
-100.39449986952172 25.75386596665977
-100.3942767518964 25.753702598559425
-100.3938168375302 25.75336584642602
-100.39340697564548 25.753066063430953
-100.39330293372204 25.752989964626504
-100.3926098753898 25.75249162779162
-100.39258097244608 25.75247084541181
-100.39234292639068 25.752298923260696
-100.3918569622604 25.751948932229332
-100.39182213918352 25.751923893490513
-100.39120596776618 25.751480849492868
-100.39091483632284 25.751258822186117
-100.3908906057902 25.751241276102853
-100.38996980556362 25.750574495984083
-100.38904275603396 25.749903190550317
-100.38902294760248 25.749888846648236
-100.38823114482604 25.749315837644012
-100.38729680129414 25.74863967525517
-100.38650390624636 25.748065875799934
-100.38623471234206 25.74785665083472
-100.38590189932069 25.747597979327992
-100.38548094150754 25.747200863373298
-100.38544773945524 25.74716130603941
-100.38476084287674 25.746342928998388
-100.38472727932268 25.746303381823846
-100.38410758242442 25.74557320702317
-100.3839239563925 25.745356844634344
-100.38347578221472 25.744844901588227
-100.3828538412781 25.744134467222764
-100.38280599674894 25.744079815091485
-100.38216936319718 25.743350833918697
-100.3815508324575 25.74264258148251
-100.3814628433018 25.74254182895739
-100.38089459539962 25.74191039115051
-100.38023789490816 25.74118066471151
-100.38008597597673 25.741011852197612
-100.37952373721642 25.74038474429537
-100.37920289589174 25.740026885420686
-100.37880940745424 25.739589236129124
-100.37848093461577 25.739223899078905
-100.3780704494033 25.73874849992587
-100.37763995031209 25.7382499219086
-100.3774139965198 25.73800396613168
-100.37676507385078 25.737297599234196
-100.3760702202817 25.73654123552058
-100.37592296397514 25.73638094372409
-100.37542904132104 25.73582445217744
-100.37500691507029 25.73534885202383
-100.37469346728138 25.73501532001095
-100.37457086983108 25.734884867106786
-100.3740033351042 25.734236088793793
-100.37348699659452 25.73364583552582
-100.37333481848243 25.73347298205211
-100.37330627989532 25.733439959287463
-100.37316885679591 25.733280943332932
-100.37288498966883 25.73297397940548
-100.37257882731636 25.73262679413921
-100.37256386963791 25.732609832270665
-100.37221182969688 25.73222296086452
-100.37187653035178 25.73184334277321
-100.3711857641208 25.73106127337164
-100.37103091264584 25.73088595414652
-100.3705054292018 25.73030532853
-100.36998187087435 25.729726830044243
-100.36983344566045 25.729560265256257
-100.36910021944152 25.7287374288494
-100.36878698398442 25.72838591177134
-100.36831072493187 25.727860293211336
-100.36762063513112 25.727098682475717
-100.36695618297423 25.726365366470446
-100.36694482789063 25.726352834545512
-100.36632105002536 25.725662100018877
-100.36617089881383 25.725495831493195
-100.36561179008518 25.724946078172593
-100.36532488536815 25.724663974150957
-100.36515594344937 25.724504904251656
-100.3648869774838 25.72430187592585
-100.36481248685608 25.72424421771071
-100.36454983870424 25.724040919334612
-100.36396350730254 25.723659854537186
-100.36357884176624 25.723409855143945
-100.36315431245237 25.723125467756464
-100.36294293469808 25.722983868188795
-100.36230782733176 25.72255572078999
-100.3622278652093 25.7225018156134
-100.36208593164577 25.72240588938607
-100.3614111128377 25.721950386690622
-100.36134087356942 25.721902975184538
-100.36068596752033 25.7214458820547
-100.36053829729896 25.72132664885437
-100.35997890740586 25.720874981303695
-100.35971521653342 25.72069635333439
-100.35879352363166 25.720071985377142
-100.3587888633934 25.72006882846509
-100.3587009465404 25.719897837636573
-100.35864692982987 25.719689966433272
-100.3585008984469 25.71957187472817
-100.35823584403624 25.719522887159652
-100.357974887445 25.719503888178703
-100.3579276893709 25.71947730363092
-100.35768189335649 25.71933885781479
-100.35701588244936 25.718901942016636
-100.35606131564629 25.718275728072996
-100.35564099302086 25.7179999884516
-100.35518649047098 25.717702436422552
-100.3551749591941 25.717694887169337
-100.35467185872804 25.71738997215159
-100.35433568227688 25.717186453564732
-100.35421588318532 25.717113928134307
-100.35387092129598 25.716889851917845
-100.35339871034718 25.71658272777688
-100.35300087972732 25.71632398030886
-100.3525304501676 25.716015946341916
-100.3516589453644 25.71544529112647
-100.35135895799158 25.715248861504698
-100.35083649409503 25.71490724360185
-100.35081599691844 25.71489384133131
-100.35046581962256 25.71466492223736
-100.3500369258942 25.71436118814793
-100.3499079573879 25.714269855192377
-100.34986496740832 25.71438819320068
-100.34985598958708 25.714412906343032
-100.3498338241093 25.714605876384805
-100.34982786364468 25.71479698378139
-100.34976881779214 25.71501491326872
-100.3496278155512 25.71523582298836
-100.34946781432927 25.7154099803137
-100.34918282961507 25.715672985814653
-100.34892554518224 25.715818908328792
-100.3488708365456 25.715849937107784
-100.34821499917392 25.716240906333347
-100.3478469404842 25.71640295646495
-100.34780231373918 25.716422533155185
-100.34755990686028 25.716528871279856
-100.34697596759295 25.71676691733525
-100.34679226012592 25.71684504025239
-100.34612492500524 25.71712882929583
-100.34568443264916 25.717323003580333
-100.34508799042749 25.71758592242567
-100.34494698818656 25.717589833980572
-100.34463499511708 25.717723944434315
-100.34450731416726 25.71777966580216
-100.34370497637327 25.718129814821403
-100.34355713704826 25.718194748171996
-100.34341999165908 25.71825498457823
-100.34320485613954 25.718336940966623
-100.34310483209278 25.71836897846391
-100.34295991829693 25.718416848445315
-100.34279693684272 25.71846881624614
-100.34262972933811 25.71852433934882
-100.34255293032273 25.718549841311944
-100.34239982088803 25.718593986002965
-100.34220089038163 25.718646885126383
-100.34198985268154 25.71871785190816
-100.34174994398094 25.718795896741657
-100.34164578762451 25.718831955647385
-100.34128186124448 25.71895794687326
-100.34102481620816 25.71903990326166
-100.34060790948834 25.719173130455736
-100.34022685900838 25.719294899388288
-100.33991691484862 25.71939287452533
-100.33979398026602 25.719488987017176
-100.33931389905511 25.71965051951617
-100.33919998271465 25.719688848846157
-100.3386598156093 25.719896906313977
-100.33817316798054 25.720096455970673
-100.33724451666558 25.720477249054095
-100.33632213427656 25.72085547156705
-100.33614282316287 25.720928998014234
-100.33540186290595 25.7211599660179
-100.33529997621402 25.721234844354573
-100.33519272168246 25.721269344290143
-100.3349328488469 25.721352936059674
-100.33405819216678 25.721618869096396
-100.33381786943563 25.72169193748441
-100.33295951885503 25.721934829417304
-100.33269096909518 25.722010822341087
-100.33169799294392 25.722288915268084
-100.33159518525665 25.72231852211708
-100.33126399661444 25.72241389876039
-100.33101384336533 25.722490826006773
-100.33035232740473 25.722835828516807
-100.33014883093868 25.722941958672003
-100.32936577394037 25.723356024956253
-100.32917485376838 25.723456980067276
-100.32878798236224 25.723626853308684
-100.32825262039012 25.723795490112163
-100.32766387598956 25.723980942159464
-100.32729304253894 25.72409634044031
-100.32689292714504 25.72422085086005
-100.3268258719182 25.724243947660415
-100.3263321225893 25.72440507797753
-100.32586698217392 25.72455687205248
-100.3251822191716 25.72478025003072
-100.32441095242822 25.72503184657615
-100.32409626150746 25.725138195410963
-100.32408796975211 25.725140997584337
-100.32385886439366 25.725252942560303
-100.32364093490632 25.72537494582031
-100.3233488721404 25.72562491280492
-100.3232365922196 25.72576743027196
-100.32315590209862 25.72586985064752
-100.3228608591004 25.72631483658362
-100.32263800457925 25.726596149978334
-100.3219914956583 25.727412250178276
-100.32194983933752 25.727464833724454
-100.32128282260848 25.72819955193737
-100.3210799840334 25.72842297841064
-100.32066088886546 25.728778929906618
-100.32029339190623 25.729009506912085
-100.3202289414457 25.729049944781885
-100.31989087134356 25.729199887719748
-100.31960085748734 25.729338841050986
-100.31931472234892 25.729366684428847
-100.31924099443648 25.729373858780576
-100.31851288643136 25.72940999409728
-100.31830985810556 25.729438865097737
-100.31823694921182 25.72941436891913
-100.31777099485184 25.729257815985186
-100.31730332011492 25.72906507820496
-100.31718388908769 25.72901585837489
-100.31685382835984 25.72892086347016
-100.31656493209076 25.728875973721056
-100.31620972247964 25.728910702393073
-100.3160638805344 25.728924961289575
-100.3156909789672 25.72900095721336
-100.31528194208327 25.729103961492417
-100.31514270711662 25.729149206374508
-100.31488184589628 25.72923397412674
-100.31458494025286 25.72935187956732
-100.31424687015073 25.72952789953786
-100.31422676482646 25.729538691803892
-100.31336583897544 25.73000082515182
-100.31328848411506 25.730041207130274
-100.31254590256242 25.73042886101668
-100.31231586588136 25.730513983901904
-100.31208006528192 25.730570600528633
-100.31202883225744 25.730582901773964
-100.31167492967116 25.730629840432773
-100.31133387933671 25.73063282066508
-100.3110408852482 25.73060786121952
-100.31100395188496 25.73060200692319
-100.31019598938964 25.7304739370303
-100.30997489340548 25.730456986959062
-100.30984113269736 25.73046383010579
-100.3097018296205 25.73047095679799
-100.30951090848843 25.730509886082483
-100.30932091867896 25.73057582372224
-100.30889996086584 25.730755941512196
-100.30886795784632 25.73076965007276
-100.30853599999551 25.730911844914672
-100.30833092276002 25.73099585021278
-100.30806586834936 25.73110183472414
-100.30774531597996 25.731207477185126
-100.30771997513742 25.73121582860982
-100.30748882086922 25.731245817197394
-100.30723289342 25.731242836965087
-100.30695796698984 25.731200927448292
-100.3065745484977 25.731109821586397
-100.30614585368662 25.73100795740652
-100.30540875426314 25.730794119642734
-100.30424986714684 25.730457918281655
-100.30411824617748 25.73041944657871
-100.3037158467706 25.730301828614664
-100.3035819225814 25.73026196800758
-100.30313488773558 25.7300738408433
-100.3030810872409 25.730026442806015
-100.30293297699689 25.729895958227573
-100.30239194442544 25.729240876052565
-100.3022879429673 25.72911495109905
-100.30214582313924 25.72896091034176
-100.3018809549931 25.728670896485543
-100.30169599432564 25.72850791503134
-100.30163099527972 25.728457907920173
-100.30133985656516 25.728233919923767
-100.30072512850602 25.72781366034828
-100.29979819544964 25.72717996145168
-100.29937681479848 25.726891884063747
-100.29874343719368 25.726440962013953
-100.29849485230062 25.726263986369908
-100.29845294278384 25.726233997782337
-100.29806383620344 25.72595199330044
-100.2978762632852 25.72581670374261
-100.29710289754948 25.725258903024915
-100.29682418548012 25.72505992596556
-100.29674284823408 25.725001857988577
-100.2964129737708 25.724733823345613
-100.29598996704794 25.72439184168857
-100.29598459791436 25.7243874513033
-100.29570386474664 25.7241578934526
-100.29511332287504 25.72373763177295
-100.29462185415524 25.723387875930698
-100.29425541786246 25.72312268103306
-100.2934418180208 25.72253386783151
-100.29303283154292 25.722237878789855
-100.29243119213 25.72182701758143
-100.29190090206043 25.721464881035647
-100.2915849016439 25.721241483850587
-100.29126592631488 25.72101598354465
-100.2906151796496 25.72055236414656
-100.29029884093178 25.720326991088548
-100.2900648926958 25.720149853530895
-100.28998982809462 25.72009397417517
-100.28986186437 25.719990969896116
-100.28977557111472 25.719930641926812
-100.28889949819786 25.719318175751056
-100.28865598787344 25.71914793668273
-100.28810348020548 25.71874233923834
-100.28723338452848 25.71810359953674
-100.28688088700656 25.7178448301072
-100.2867039357134 25.71771481747288
-100.28629413717266 25.717419707331818
-100.28550605467306 25.71685218179305
-100.2853209216592 25.716718861089323
-100.28468521081416 25.71627160820434
-100.28448086867812 25.716127843770263
-100.28389754196954 25.715706896900855
-100.28278194999952 25.714901850705637
-100.28276061233304 25.71488656896224
-100.28227791821088 25.714540870067644
-100.28196464262646 25.71430256283832
-100.28185994063004 25.714222916533565
-100.28153397772164 25.71397499845866
-100.2814408454621 25.71390682564467
-100.28104990490958 25.713618650534904
-100.28069895388258 25.71335995301664
-100.28011206459422 25.7129411489815
-100.2796128454718 25.71258490635272
-100.27923286585283 25.71231184256774
-100.27903472266482 25.712170129066855
-100.2781648251004 25.71154797177497
-100.27806989723996 25.71147243777849
-100.27800892169792 25.711423919605252
-100.27781688297875 25.711272859080275
-100.277594855672 25.71107784012879
-100.27748682225094 25.71081092307294
-100.27746610939975 25.710703069792412
-100.27744994187616 25.71061888435376
-100.27745888257309 25.710136831778367
-100.27742754670074 25.709683758286378
-100.27740486586254 25.709355824649837
-100.27736295634574 25.70895684604995
-100.27734366593349 25.708731080934324
-100.27733091884846 25.708581895573033
-100.27726386362158 25.708380916156937
-100.27715396755532 25.70823395345138
-100.27699787788832 25.708112881513973
-100.27676690988469 25.708044894964505
-100.27662799024674 25.70804458843397
-100.27634483448442 25.70804396364191
-100.27604085078929 25.70804787519681
-100.27558250629689 25.708061920280525
-100.27448952487944 25.70809541258982
-100.27388297633566 25.708113999101087
-100.27346680857364 25.70811974583957
-100.2724417771804 25.70813390019724
-100.27127752689952 25.70814997698767
-100.27027364362354 25.70816383931719
-100.26927143677544 25.708177678497417
-100.26910789912436 25.708179936740844
-100.2688098758938 25.708118841978585
-100.26868899022092 25.708070971997177
-100.26854985062516 25.707997956305697
-100.2684319451846 25.707910970775284
-100.26832689199584 25.707783938373268
-100.26831741501825 25.70776510034443
-100.26826598349808 25.70766286643586
-100.26822984818138 25.707510874588287
-100.2682369262331 25.70718398035729
-100.26823925545004 25.706608109199937
-100.268240837788 25.70621689497419
-100.268243802691 25.705666047205664
-100.26824791583972 25.70490186746944
-100.2682540002929 25.704686435683634
-100.2682870875044 25.70351491922107
-100.26831444508508 25.70254627137599
-100.26833397004756 25.701854952466228
-100.26835185803614 25.701537516465255
-100.2683559492608 25.70146491456326
-100.268369778878 25.700519947986717
-100.26838593784838 25.69941581858879
-100.26838793371545 25.69928115450134
-100.26840236776356 25.69830726803411
-100.26841592948564 25.697392238690988
-100.26842975758288 25.69645923662225
-100.26844356121484 25.6955278852625
-100.26844796393324 25.695230827373955
-100.26845183113628 25.694602233955923
-100.26845750899966 25.693679327265567
-100.26846332208332 25.69273444123368
-100.26846887706112 25.69183150895075
-100.26847087446907 25.69150684084386
-100.268474286802 25.690908492234986
-100.26847960806478 25.689975414992485
-100.26848511709632 25.689009412718715
-100.26848689321773 25.688697971896037
-100.26849147321512 25.68789320092284
-100.26849793947974 25.68675698585501
-100.26849993173406 25.68640691831127
-100.26850198064376 25.686084866957778
-100.268513901573 25.68581794990192
-100.26862643822626 25.685785621968396
-100.26919991379678 25.68562088204073
-100.26927559531656 25.68559909071561
-100.26939354522855 25.685565128859555
-100.2695104723298 25.685531461506073
-100.26962473503347 25.685498561324728
-100.2698546049488 25.685432373831723
