-78.23016907648788 0.30553090075891887
-78.22981782026181 0.30607991604685597
-78.2295051825926 0.30657371966045915
-78.22914987569638 0.3071349182829615
-78.22881534750766 0.30762227388184804
-78.22827481372954 0.30840974761962775
-78.22822190586228 0.30848682616249085
-78.22796784105824 0.3089379588277182
-78.2277770433687 0.3092295880980731
-78.22755899043885 0.30956287628925316
-78.2272559380663 0.3099948237090146
-78.2272193422666 0.31004911099402227
-78.22673886776131 0.3107618609986125
-78.22663014853676 0.310934436767317
-78.22610093212776 0.3117744899315676
-78.22575799880381 0.312318846113656
-78.22554847590327 0.3126356872628745
-78.22517797109137 0.313195965734034
-78.22505093868936 0.3134008567050291
-78.22500668331156 0.3134656739390036
-78.22485089059586 0.31369385079355205
-78.22468083108993 0.31398889379178496
-78.22463687266342 0.3140529687863507
-78.22445392188956 0.3143203727833594
-78.22427291179314 0.31458494025286154
-78.22414383048141 0.3147739987397343
-78.22385504481244 0.3152305266666307
-78.22299197069538 0.31659492067832323
-78.22212695826873 0.31790994818307344
-78.22194864717812 0.3181751645920035
-78.22148490447145 0.3188649263724296
-78.22135136562436 0.31906611881741964
-78.2207491960273 0.3199733602393789
-78.22061281399309 0.32017883629006527
-78.22017105277062 0.3208794173521006
-78.21988191202018 0.32133796039234014
-78.21958374486186 0.321784791648736
-78.21955091996978 0.3218339828066673
-78.21916982276372 0.32236986582807897
-78.21911282582089 0.32255296385034093
-78.21900749169284 0.3227184973152639
-78.21844599884255 0.3236008880347212
-78.21841491188339 0.323646783650011
-78.21792985986016 0.3243628961823038
-78.21779202755012 0.32455486503823294
-78.2176979605339 0.32468587885839967
-78.217498843763 0.3249339831978228
-78.217259866385 0.3251949397890629
-78.21710246309485 0.3253566509235946
-78.2163852346674 0.3260935086004579
-78.21568698628501 0.32681086678264365
-78.21550395076358 0.326998911656415
-78.21501095740915 0.3275024183701901
-78.21432627180464 0.32820170527864667
-78.21428987862818 0.32823887455997336
-78.21381695301422 0.32870285947701766
-78.21360859955382 0.32891647228744897
-78.21288273786617 0.32966065649631987
-78.21251086620639 0.33004191510473
-78.21228082952531 0.33024997257254957
-78.21210479722406 0.3303977193416377
-78.21206290003798 0.33043288433029244
-78.21168888088366 0.33069887006354787
-78.21161493386958 0.33074990654177755
-78.2113878774208 0.3309218286928943
-78.21131306329613 0.33097016712863714
-78.21095891023336 0.33119899029729494
-78.21052584522648 0.33145398642392426
-78.21042997362254 0.3315105506702496
-78.2103768336112 0.33154190327693306
-78.20989384971321 0.33177287128060023
-78.20953082016551 0.3319269120378847
-78.20948382027706 0.33194289386781484
-78.20878091921168 0.33218190816451404
-78.20857584197616 0.33225194362369054
-78.20847150053906 0.3322786614488022
-78.20763092207083 0.3324939012339838
-78.20742661571697 0.3325472145296822
-78.2070099161642 0.332655951365589
-78.20641398628432 0.3328082577472398
-78.20607486827839 0.3328949287435769
-78.20545393921228 0.3330559103533106
-78.20471699993425 0.33324696868465026
-78.20455549762261 0.33328942705385034
-78.20392984607659 0.3334539085653553
-78.20354986645765 0.33353698254086783
-78.20353759496182 0.3335401137194655
-78.20261447792159 0.33377565503911394
-78.20224098568204 0.3338709548235898
-78.20162572843991 0.33403652717034077
-78.20128582122815 0.3341279998599291
-78.20115897509066 0.33416283132499824
-78.20061817823259 0.3343092295431366
-78.19962010192891 0.3345794171195701
-78.19907895920602 0.33472590896619653
-78.19863255383993 0.3348454400963839
-78.19833185221997 0.33492595705969536
-78.19775862513438 0.33507943419769454
-78.19686759624136 0.33531800032238346
-78.1966809897873 0.33536796276348746
-78.19600391826043 0.33552889530797814
-78.19594377947298 0.3355450964899406
-78.19492957052039 0.33581832088449565
-78.19479394394443 0.3358548582163794
-78.19438099550563 0.3359649405471595
-78.19402793565095 0.33605731898613495
-78.1931579826733 0.33628494299094996
-78.19309468382976 0.3363013133815187
-78.19304994925223 0.33631288266881293
-78.19289590849495 0.33635795868243185
-78.19220784736144 0.33656098700823606
-78.19212231290379 0.336582973045864
-78.19118637633909 0.3368235490323511
-78.19055493601907 0.3369858563762722
-78.19029357416679 0.3370599964355018
-78.18940523191272 0.3373119909280363
-78.18850822549143 0.33756644316971757
-78.18800590607538 0.33770893523936574
-78.18777884962661 0.33777189264681695
-78.18750593699144 0.337845698392734
-78.18738694907844 0.33787787715817713
-78.18660153777951 0.3380900683203761
-78.18618386654967 0.33820290874398296
-78.18572993991665 0.33833199005570985
-78.1855872695578 0.33837018792396273
-78.18471116871557 0.3386047509040724
-78.1838012109796 0.33884837856430355
-78.18281285128324 0.33911299718423926
-78.1827268438034 0.3391359047454594
-78.18265899679048 0.3391539753784383
-78.18163938303316 0.3394106915673004
-78.18142797458384 0.3394639195381981
-78.18055497689484 0.3396841628862596
-78.1800008158386 0.3398239688535922
-78.17948818184396 0.3399561769905243
-78.17855352045304 0.3401972258527798
-78.17752083637599 0.34046355473322404
-78.17647463076584 0.34073337081256594
-78.1756269524014 0.3409519867811796
-78.17549861385457 0.3409850033367976
-78.17522294465951 0.34105592238282983
-78.174900893306 0.34117792564283145
-78.17468389514127 0.341286890386497
-78.17458375572244 0.34136751988408026
-78.17446782829913 0.34146086144732374
-78.1742899456834 0.3416428418824712
-78.17391983808398 0.342133835154783
-78.17383885453559 0.3422219472447853
-78.17373785764883 0.3423318343385719
-78.17363783360209 0.3424249665981151
-78.17346982300586 0.34249183556046714
-78.17328393101582 0.3425249906448645
-78.17302893488919 0.3425309511094753
-78.1729243141439 0.3425349664046032
-78.1718672209068 0.3425755371471784
-78.17180592205686 0.34257788976828507
-78.17162785317662 0.34256187101964364
-78.1714538821158 0.3424838261861464
-78.17132498706859 0.3423808219070916
-78.1712178849701 0.3422478290404639
-78.1711709463113 0.3421738820263866
-78.171133879672 0.34205094744378955
-78.17112587029769 0.3418898286347798
-78.17115287865295 0.34172982741288455
-78.17122999216384 0.34157988447501997
-78.17128698910669 0.3414969967640265
-78.17136298503048 0.34142081457572016
-78.17141028992805 0.34137935959678517
-78.17160699155048 0.34120698290780893
-78.17181281384407 0.3410039545820047
-78.17190687742621 0.3408819513220031
-78.1719798931177 0.34074597822307
-78.17201584216988 0.3406668158024583
-78.1720217812128 0.3406333244985588
-78.17203390982823 0.340564929110518
-78.17203092959592 0.3403078840741787
-78.17193090554917 0.3397738636979579
-78.17190426305876 0.3396667977325246
-78.17179083463083 0.3392109723212787
-78.1716845710427 0.338737569744689
-78.17167497809994 0.3386948333388902
-78.17154999460764 0.33829492341641165
-78.17142594243793 0.3380639554127445
-78.17130598808764 0.33791084597805543
-78.17118286724052 0.3378069103764052
-78.17114835943228 0.33778680795038246
-78.17102491492834 0.3377148957039765
-78.17085187519011 0.3376338706381739
-78.17065685623862 0.3375789226050434
-78.17050784462336 0.3375638351789974
-78.17033592247223 0.3375668154113028
-78.17018703908217 0.33758191288033484
-78.16936790576655 0.33766497681286134
-78.16921559314261 0.3376814343209555
-78.16831290353043 0.33777897069854224
-78.16829758501825 0.3377806795898267
-78.1672774475127 0.3378944833373919
-78.16724598036511 0.33789799372623847
-78.16657282039313 0.33798088143723193
-78.16637092672343 0.33800441136726017
-78.16613491250877 0.3380319179154616
-78.16544365600217 0.3381116332955001
-78.16470384220862 0.3381969482793722
-78.16449242790749 0.3382267623253423
-78.16406588623074 0.33828691404209094
-78.16344886362903 0.3383345962962032
-78.16341992087855 0.3383368329332061
-78.16305689133085 0.3383189515393738
-78.16249399995418 0.3382088692085937
-78.1624720225556 0.33820241350484237
-78.16158040161456 0.33794050622629357
-78.16135387483286 0.3378739656032763
-78.1607063712224 0.33768366472773537
-78.16055088849107 0.3376379684575938
-78.1597409122315 0.33740876421585164
-78.15930682776809 0.33728592851652045
-78.15886354070682 0.3371682551029938
-78.15859883633104 0.33709798761676224
-78.15827287342265 0.3369938657505929
-78.15788664784435 0.33688114225262705
-78.15774891133046 0.33684094258042296
-78.1569638165854 0.33662608920478077
-78.1565938850476 0.3365248516915333
-78.15635993681163 0.3364598453743721
-78.15602474495488 0.33636762327621966
-78.15600789687055 0.3363629878244472
-78.15508626190498 0.3361089566053211
-78.1544509117555 0.33593383437247204
-78.15437398450912 0.3359178156238306
-78.15415400258279 0.3358709748696487
-78.15405994252994 0.3358509466614786
-78.15385393397183 0.3358449861968678
-78.15365295455574 0.33586398517781463
-78.15330184593726 0.33594594156621266
-78.15312732446291 0.3360199622092834
-78.15309192582426 0.336034976006336
-78.15292689546034 0.3361309022336655
-78.15275385572211 0.33624787635165176
-78.15253089709276 0.3364518360000514
-78.15235616705425 0.33664336367359254
-78.15234295619301 0.336657844558161
-78.15185196292069 0.33720192321841247
-78.15166065955245 0.3374123203803386
-78.15107188711477 0.3380598575933246
-78.15100467034263 0.33813527388559445
-78.15042294153027 0.33878796559843344
-78.15039847568096 0.338814169420282
-78.14977790750066 0.339478820699725
-78.1497266148713 0.3395179392062573
-78.14939885920433 0.33976790323334716
-78.14913883393568 0.3398729564221119
-78.1489428836616 0.3399059252419902
-78.14880895947238 0.33992194399063164
-78.14868099574777 0.33993684515215855
-78.14846492890563 0.3399459721135938
-78.14787447647304 0.33999546936612746
-78.14771391036467 0.340008929521045
-78.14708582640631 0.34004394725063325
-78.14695819008094 0.34005850448615854
-78.14633294522017 0.3401298151939321
-78.1459829541888 0.3402218298663608
-78.14593930508987 0.34024783358486915
-78.14577284781127 0.3403469996231869
-78.14513440653998 0.34078425482677965
-78.14503989692867 0.3408489825021248
-78.144930932185 0.34092684107110294
-78.14488492484878 0.3409599961555003
-78.1442656538146 0.3414009611968577
-78.14415197396617 0.3414819093379805
-78.1434371735918 0.34198755411642706
-78.1434339242451 0.3419898526815292
-78.14342088572877 0.3419978620558499
-78.1431908490477 0.3421658726520659
-78.14269099291516 0.34252553367818267
-78.14265291711658 0.3425529303227275
-78.14189987391207 0.34308785287046617
-78.14116188029021 0.3436120849809822
-78.14045685843655 0.34411289567007636
-78.14038724439439 0.3441624738643203
-78.14002584233938 0.3444198595975308
-78.1395719813407 0.34476066844819114
-78.13941191448447 0.3448808642822697
-78.13878353422572 0.34534688861834795
-78.1386109770524 0.34547486183363635
-78.13832394342849 0.3456318828232262
-78.13802983175285 0.3457719537415792
-78.13796773049064 0.3457890192957041
-78.13762992183037 0.3458818498078402
-78.1370671763232 0.34600638899487823
-78.13672598011924 0.34608189790133903
-78.13617211279187 0.3462045931747561
-78.1361029253029 0.3462199199099821
-78.13580099051745 0.34627784817541796
-78.13529461500922 0.34640087834437955
-78.13494082096832 0.34648683696583293
-78.1343793856614 0.34659205773075036
-78.13412982525222 0.34663882881340746
-78.13365187049624 0.3467278632535308
-78.13346635316034 0.3467690893281736
-78.13313889801067 0.3468418571392117
-78.13277381955326 0.34691189259838817
-78.1325838297438 0.3469159904178081
-78.13252766948217 0.3469126986085122
-78.13247896281955 0.3469098436886782
-78.13243481812853 0.34690388322406746
-78.13236087111446 0.3469018343143575
-78.13230983463622 0.3469059321337774
-78.13223085848013 0.3469349893987549
-78.13217088130499 0.3469899374318854
-78.13212096241386 0.3470089364128322
-78.13202298727683 0.34705196351674117
-78.13188887682308 0.3470998334981464
-78.13179499950547 0.34702588648406907
-78.13179183300865 0.34692195088241884
-78.13206582811623 0.3463428544925791
-78.13223306309727 0.3459896147464294
-78.13266866040034 0.34506953044471983
-78.13307610920019 0.34420890242463226
-78.13313293754607 0.3440888675471142
-78.13317093550796 0.3440039309264108
-78.13348032508364 0.3433826799542015
-78.13392193677979 0.34249592837258536
-78.1343605596422 0.34161517833726973
-78.13442989739247 0.34147594887336974
-78.1343777722172 0.34145060679578926
-78.1335806039815 0.34106304168596396
-78.13345293998985 0.34100097434969934
-78.13285782485137 0.3406869323705196
-78.13268335913317 0.340595957816027
-78.13241488782499 0.34045596436685244
-78.13181337506917 0.34013507278393307
-78.13162195976723 0.34003295764400715
-78.1314049616025 0.33991095438400554
-78.13129599685884 0.3398498596217452
-78.13111196751397 0.33971295520021666
-78.1310114431746 0.33962326099023266
-78.13046190434237 0.3391329274877815
-78.13026991702623 0.3389609336760996
-78.13017393939586 0.3388749511288468
-78.12988187662994 0.3386169747699121
-78.1297889306349 0.3385398612590103
-78.12957578333666 0.3383440266427127
-78.12929588845289 0.3380868659485921
-78.1290198444356 0.3378149197507259
-78.12889692889676 0.33772029847404644
-78.12884587337477 0.3376809955615028
-78.1294845467736 0.33698614954319034
-78.1298708870233 0.3365658298857323
-78.12962483159359 0.3363808692182795
-78.12946296772651 0.33627991384893463
-78.1292638509556 0.33620987838975813
-78.12906850470266 0.33616306682133806
-78.12891795774365 0.33612699067876467
-78.12827683526896 0.33603795623864136
-78.12812168737678 0.3360178022232328
-78.12766886787867 0.3359589800825487
-78.12722701542661 0.3358642570808448
-78.12708585993393 0.3358339965902417
-78.12697894409997 0.3358189091641957
-78.12641493513618 0.3357049152785148
-78.1262886378999 0.33568356522656784
-78.12584086788836 0.3356078714640708
-78.12534727036335 0.3355406695160449
-78.1252539483887 0.3355279639853827
-78.12466982285686 0.33543688063554944
-78.12457091639722 0.33541490142229724
-78.12444731081735 0.3353936148430448
-78.12396090009722 0.3353098482335325
-78.12355658007426 0.33525646090655936
-78.12343190886301 0.3352399990388751
-78.12280699140148 0.3351219073337743
-78.12258621968357 0.33508482967512904
-78.1221759272108 0.3350159228224141
-78.12165110547798 0.3349208948597756
-78.12163482878286 0.33491794768537464
-78.12096986444972 0.3347739652121208
-78.12072240906566 0.3347331470790854
-78.11978746591394 0.3345789268179528
-78.11970289319089 0.33456497642170585
-78.11884195852909 0.3344491772518011
-78.11870581922022 0.3344308659679636
-78.11828486140709 0.3343749866122377
-78.11800099428001 0.33433698865034406
-78.11798512631142 0.33418428521246096
-78.1179579671761 0.3339229226244149
-78.11789296085894 0.3334539085653553
-78.11784152504546 0.3334413264506102
-78.11776221951496 0.33342192690741984
-78.11768637619701 0.3334033742830006
-78.11760038476703 0.33338233924989286
-78.11750045078794 0.3333578936213107
-78.11740007546256 0.333333340031574
-78.11729598307527 0.3333078771823915
-78.11729257630577 0.33330729343485954
-78.11717444633075 0.3332870519476397
-78.11705614988838 0.3332667819363565
-78.11696022472073 0.3332503452270886
-78.1168770405514 0.3332360916788229
-78.1168260815554 0.33322735989109525
-78.11678783622959 0.33322080658171155
-78.1167793962108 0.3332193603904944
-78.11677816878729 0.3332191500723495
-78.11677594255971 0.33321876860983685
-78.11677305046278 0.33321827305108304
-78.11675898246673 0.3332158625099628
-78.11676046687614 0.33321048768157124
-78.11676222771996 0.33320411192482147
-78.11676318379821 0.3332006501059407
-78.11677099405595 0.33317237031008656
-78.11678570862298 0.3331190910247489
-78.11680162792221 0.33306144958113
-78.11682226386006 0.33298672988197453
-78.11684392622277 0.33290829364921815
-78.11686712822276 0.33282428261606034
-78.11687688790731 0.3327889442322167
-78.11691478851853 0.3326353904687914
-78.11697095148945 0.3324078470261659
-78.11715359061063 0.33166672768712796
-78.11724792682934 0.33128392691799835
-78.11725388729394 0.3312628790273416
-78.1171598237118 0.3312189206008372
-78.11672191582744 0.3310799672695987
-78.11644410593054 0.33098453379646026
-78.1162648226976 0.33092294628000885
-78.11557525817175 0.33064262778039516
-78.1154528956589 0.3305928855521877
-78.11530593295335 0.3305409177513626
-78.11513792235712 0.3304898812731329
-78.1150049294905 0.3304859697182321
-78.11477582413202 0.3302479236628396
-78.11471793962183 0.330191307854239
-78.11463985103309 0.3301149307962119
-78.11449791746955 0.3299968390911111
-78.11389136733001 0.32979615810938573
-78.1130240517871 0.32950920123101785
-78.11296887203237 0.32949094465727236
-78.11282582088171 0.3298899232571555
-78.11264998717569 0.33009090267324975
-78.11240681500536 0.33019440767139197
-78.11215899390338 0.33029989146366473
-78.11187996965378 0.33037085824543666
-78.11150185268004 0.33037383847774204
-78.1114386466098 0.33036953093092886
-78.11109188447352 0.3303458987998791
-78.11106189588595 0.32968987516365666
-78.11097173368293 0.3295235184444203
-78.11084787795353 0.32929499438319343
-78.11075381437139 0.3290729670764424
-78.11070558854944 0.32863476289497373
-78.11069998392537 0.32858383644932143
-78.11053290465175 0.3282148464370112
-78.1105528349553 0.3277458323779516
-78.11054354585481 0.3276708849149599
-78.11052284636772 0.3275038747676583
-78.11042095967578 0.3272388203569983
-78.11024885126014 0.3270629866509807
-78.10995124595009 0.32691443200037834
-78.10980181641433 0.32683984175711517
-78.10964498168927 0.32670684889048746
-78.10945133076737 0.32619907678452903
-78.109339880407 0.32590684278101123
-78.10913796966831 0.325662836261008
-78.10885894541872 0.32550693285853266
-78.1088029895087 0.3254964912291939
-78.10833889488143 0.32540988904408863
-78.1081218967167 0.32530781608762926
-78.10798248586197 0.32495336092327926
-78.10786783191266 0.3246618507354375
-78.10776594522072 0.32405593225484935
-78.10776204901092 0.3240248621145324
-78.1077149087425 0.3236489442806455
-78.1075244779888 0.3231430336879672
-78.10744799168664 0.32293983525648345
-78.10740794481504 0.3225298670499742
-78.10726489366438 0.32236483668606364
-78.10711178868247 0.3222759790033613
-78.10702386737668 0.32222495203222973
-78.10663885861572 0.32193884973091297
-78.10658484190519 0.321813866238606
-78.10655663297999 0.3216360680751547
-78.1065399521561 0.3215309304341137
-78.1063838624891 0.3212228489195447
-78.1062796735293 0.32072532032621254
-78.10608881949086 0.31981394409717495
-78.10608152279663 0.3197966784544148
-78.10600388287017 0.3196129646810807
-78.10588988898448 0.3195678886674618
-78.10564886269678 0.319479971814453
-78.10546986249395 0.31943489580083406
-78.10538194564093 0.31932499973457307
-78.1053796551028 0.3192506687314852
-78.10536089775027 0.3186419677430831
-78.10535996233111 0.3183296227762357
-78.10535884884057 0.31795781816447866
-78.10535939716804 0.31790228754464844
-78.10536019583814 0.31782140404498943
-78.10536098414744 0.317741569813143
-78.10536142751764 0.3176966685045339
-78.10536147688445 0.317691668991983
-78.10536153612465 0.31768566957692196
-78.10536156667594 0.31768257556504265
-78.10536158607641 0.3176806108260083
-78.10536164531659 0.3176746114109472
-78.10536169468341 0.3176696118983964
-78.1053617434653 0.31766467162420825
-78.10536180221804 0.31765872157444974
-78.1053618510974 0.3176537714272012
-78.10536189890438 0.3176489298836179
-78.10536195707218 0.31764303907222213
-78.10536200429422 0.31763825676700164
-78.10536204949588 0.31763367907264894
-78.10536206197457 0.3176324153209081
-78.1053621103665 0.317627514538962
-78.10536221741367 0.3176166735803177
-78.10536226512315 0.31761184190979486
-78.10536230717824 0.31760758287677954
-78.10536237324271 0.31760089234748545
-78.10536242153715 0.31759600143859973
-78.10536247090397 0.31759100192604883
-78.1053625296567 0.3175850518762902
-78.10536257843857 0.3175801116021022
-78.10536262731794 0.31757516145485365
-78.10536268548574 0.31756927064345786
-78.10536273387768 0.31756436986151165
-78.10536294666 0.3175428208159541
