-8.449467818046944 40.584576710281105
-8.449373955638125 40.58472288216776
-8.449189926293267 40.58513285037427
-8.44915285965397 40.58527888175723
-8.449106423574595 40.58546549134329
-8.449092882478823 40.58551990804493
-8.449050972962029 40.58589299587666
-8.449041846000593 40.5861578640228
-8.449087775034071 40.58649367680526
-8.44911597927919 40.58669989377334
-8.449340986818246 40.58736187787418
-8.449384782023508 40.58743807787666
-8.449474911007469 40.58759489478756
-8.449646833158587 40.58788490864377
-8.449840920787475 40.58818889233892
-8.449991411526064 40.588362773417096
-8.450130934643692 40.58852398220875
-8.450417968267605 40.58879294817432
-8.450848718443698 40.58915811621619
-8.45146887268429 40.58968385136911
-8.451664452379974 40.58984576164883
-8.452486867502335 40.59052659644632
-8.453013936870112 40.59096292982168
-8.453343255780878 40.591230379276446
-8.454241510885568 40.591959878342976
-8.455210942331435 40.592747181783984
-8.455461825179945 40.59295093103388
-8.455939518602486 40.59349690035895
-8.456209863488597 40.593805885176494
-8.456592578545623 40.594264707457135
-8.45666788794103 40.59435499297876
-8.456837947446957 40.59459583300194
-8.456820997375718 40.59464388924786
-8.45682695784033 40.59469287681638
-8.456853966195597 40.59473683524288
-8.456899973531812 40.59477185297247
-8.45696982272647 40.59479588109544
-8.457047867559966 40.59479588109544
-8.457118834341738 40.59477185297247
-8.457170988407082 40.594728825868565
-8.45719594785264 40.59467294651284
-8.457353900164826 40.59459490167934
-8.457792925636312 40.59447885888395
-8.457971252774993 40.594440680775605
-8.458609881817026 40.59430395650053
-8.45907386673407 40.594204863776376
-8.45915526201468 40.59419797340582
-8.459414917068516 40.59417599277592
-8.460502520299965 40.594207536627906
-8.461103963727593 40.594224980344435
-8.461353930712207 40.59423187213165
-8.461721989401921 40.594242861738266
-8.46197083879942 40.594212873150695
-8.462133024698705 40.59420973631739
-8.462230864068065 40.59420784400868
-8.462322878740494 40.59420784400868
-8.462599854080375 40.59424193041567
-8.463058996119925 40.5942929668939
-8.463331873640385 40.59434884624963
-8.463429563531928 40.59436889391433
-8.46343897573886 40.59437082546288
-8.463717999988452 40.59442893999284
-8.464184965137802 40.59456882464667
-8.464544828188677 40.59467592674515
-8.464583336876688 40.59468809895263
-8.465066927635675 40.59484095710906
-8.465473915609879 40.59496985215626
-8.46563894597379 40.59511290330692
-8.465655896045027 40.59517194915947
-8.465696874239226 40.595222985637704
-8.465758900324081 40.595260983599594
-8.465833964925274 40.59527998258054
-8.465881734980881 40.595277921911475
-8.465928959830007 40.59527588476112
-8.466013896450711 40.59524384726384
-8.466271872809646 40.59525092531557
-8.466489988561495 40.59529283483236
-8.466903868322905 40.59534387131059
-8.46737195105937 40.59535784114952
-8.467489850499717 40.595344030203755
-8.46784897449275 40.595301961793794
-8.468118871780907 40.59528892327746
-8.46841987524375 40.59525595445758
-8.46882869041504 40.59520792904512
-8.4692459583859 40.595158910643136
-8.469424958588741 40.59511886377153
-8.470142905449167 40.59503443964655
-8.470989953078105 40.594934834426674
-8.471330558092417 40.59491202048537
-8.471345904574079 40.59491099256823
-8.471962998925813 40.59483890819934
-8.472566345605896 40.59475818003763
-8.473158817138348 40.59467890697745
-8.47382155651655 40.59460128096485
-8.474004830584038 40.594579814253294
-8.474145832824986 40.594579814253294
-8.47428795265305 40.59458987253733
-8.47433898913128 40.594624890266914
-8.474382947557784 40.594653947531896
-8.474568839547832 40.59469287681638
-8.474714870930795 40.59468691635177
-8.474816943887255 40.59468281853235
-8.47492795754063 40.594657859086794
-8.475000973232111 40.59464184033815
-8.475101752828978 40.59457494656392
-8.475107889066068 40.59457087355638
-8.47519487459648 40.594470849509634
-8.475352826908667 40.59438591288893
-8.475617881319327 40.59431885766205
-8.475846986677803 40.594273967912955
-8.475971970170109 40.59427285032584
-8.476104963036738 40.59427787946786
-8.476370849282405 40.594298766360055
-8.477631959564208 40.59439783381815
-8.477829160787723 40.5944132070069
-8.479155459545298 40.59451660109735
-8.480366993445372 40.59461104847953
-8.481595854794886 40.59470684665531
-8.48166505822983 40.594712595863754
-8.481716926732293 40.59471690493935
-8.482110876190161 40.59474689352692
-8.482980015079109 40.59481488886622
-8.484298184106025 40.59491801317855
-8.48563798779689 40.59502283003547
-8.48582983357824 40.59503783870573
-8.48640688105837 40.59508291471935
-8.487334604035087 40.59515590192125
-8.487462814617071 40.59516598869486
-8.488051969290941 40.595211996031075
-8.488408852109512 40.59520398665675
-8.488592783964114 40.59518302600147
-8.489629816032123 40.59506484706099
-8.489815408709644 40.59504376833875
-8.491062065463696 40.59490217907018
-8.491082865545515 40.59489981669709
-8.49112887288173 40.594893856232474
-8.49213284563444 40.59434896278777
-8.492904905071219 40.5939299373462
-8.49307999371916 40.5938079340862
-8.493160067478318 40.59373037244498
-8.493174988623894 40.593715919413775
-8.493247818050857 40.59363489434797
-8.493313941955133 40.59355684951447
-8.493423838021394 40.59345291391282
-8.493508960906617 40.593371888847024
-8.493586819475595 40.59330390229755
-8.49365089447016 40.593248954264425
-8.493761908123536 40.593166997876025
-8.493946578724003 40.593040450691646
-8.493948917700699 40.593038847886895
-8.493949749209754 40.59303839710845
-8.494136858600458 40.59293696119495
-8.494540866342355 40.5927559120824
-8.494952883458575 40.59259088171849
-8.495089702884222 40.59253192605182
-8.495386879788047 40.592403872141325
-8.495572958042613 40.59232284707553
-8.495702970676936 40.59225895834548
-8.495836894866159 40.592182962421695
-8.496015895069 40.59206598830371
-8.49611639001854 40.592000792272046
-8.496365886100364 40.59183893185494
-8.496685888544155 40.591621933690206
-8.496839929301439 40.59151185135942
-8.496976833722968 40.591382956312216
-8.497025821291487 40.591281814678354
-8.497052829646755 40.59120581875457
-8.497076857769716 40.59111883322415
-8.497136834944863 40.59081391820641
-8.497194949474817 40.59052092411788
-8.497262603547785 40.590257534511075
-8.497276905863217 40.590201852996685
-8.497294973521567 40.59008394755611
-8.49733092257375 40.59002788193586
-8.497366871625935 40.589988952651375
-8.497956957622401 40.589600963658114
-8.497972976371042 40.589570975070544
-8.498007546043352 40.58950732887577
-8.498128879773517 40.58928394144663
-8.498132977592936 40.589034905784615
-8.497822932632054 40.58865547834281
-8.49768184492771 40.58848281775004
-8.497382890374576 40.58808495673727
-8.4972269869721 40.58790185871501
-8.497199978616834 40.58784784200447
-8.497198101543077 40.58780529499932
-8.497194949474817 40.587733848118795
-8.49721096822346 40.58764891149809
-8.497253995327368 40.58756285729027
-8.497301865308774 40.58752299668319
-8.497304231467773 40.587521597426374
-8.497355256214961 40.58749142332338
-8.497357930929018 40.58748984159879
-8.497402763218659 40.58746381176815
-8.49750394439089 40.5874050655208
-8.497505824957173 40.58740397365549
-8.497519872376644 40.58739213048535
-8.497529690681123 40.58738385281907
-8.49753851068362 40.58737641680633
