35.85841900504066 56.79920163712313
35.86010130342576 56.798677852472686
35.8604189573322 56.798578950730985
35.86100587683184 56.79841485168967
35.86133967890171 56.798321892354735
35.86144397098073 56.79829284842967
35.861737677235205 56.79821777645286
35.8622419281805 56.79808888878127
35.86303783647055 56.79791584904304
35.86349446641839 56.79782381435766
35.86392594569756 56.797736848840195
35.86439589107921 56.79764688307747
35.86497983034655 56.79743193382245
35.86499094211639 56.79742794260202
35.86513592001354 56.79737586820221
35.86523091491828 56.79731589102706
35.86531287130668 56.79725591385191
35.86538793590787 56.797190907534755
35.865455922457336 56.79710392200434
35.865462814244545 56.79707281582965
35.86548199949001 56.79699588858327
35.86547399011569 56.79693088226611
35.865441952618404 56.796851906110014
35.865400974424205 56.79678093932824
35.865339879661946 56.79671388410137
35.86529089209343 56.79666694544257
35.86520781811791 56.79661795787404
35.86510984298087 56.7965579806989
35.86498346026556 56.7965052189828
35.864917990526216 56.79647788695569
35.863409356222036 56.79593070546524
35.861807931851025 56.7953498690281
35.861663363606866 56.7953010149318
35.86159186500889 56.795276853336624
35.86138883668308 56.79521985639378
35.86115898626653 56.79517794687699
35.86098184870888 56.79516993750266
35.86079688804143 56.79517496664468
35.86063092635492 56.79520793546456
35.86046794490072 56.795273873104314
35.8603008656271 56.795359927312134
35.86019599870286 56.795459951358886
35.86012391433397 56.795515830714606
35.8600559277845 56.79563783397461
35.86004195794557 56.79578293403498
35.86003990903586 56.795938837437454
35.86015986338615 56.79620389184811
35.86030374691389 56.79648947727611
35.86067581610402 56.79722797417405
35.86081217157584 56.79746738417385
35.86110292064629 56.79797787512789
35.86122883546119 56.798144954401515
35.86133369252207 56.7982791227716
35.86139432595429 56.79835670542276
35.86158199298938 56.798596832124815
35.8618379204386 56.7988689645872
35.86209496547494 56.7991148337524
35.862247208661316 56.79924745352523
35.86235797097589 56.79934393911088
35.863149967711045 56.79997388571442
35.86333697206947 56.800123932098344
35.86427792050542 56.800878919369566
35.86431393469082 56.80090781601312
35.86509587314194 56.80149697068699
35.86530466922184 56.80164168262568
35.86617490350101 56.802244822731126
35.86635340709955 56.8023713651607
35.86663497686315 56.802570971904046
35.86728187353794 56.803138892422744
35.86728335028913 56.803140374815776
35.868061949343875 56.80392194846098
35.8680973909906 56.803955156596736
35.868599881274996 56.804425980249626
35.86890663911356 56.80475472535523
35.869820642898105 56.80573424154978
35.87004995055608 56.80597998513237
35.87069589152764 56.80667252547297
35.87096395055124 56.80695992276728
35.87108781645643 56.80709291563391
35.871599518408175 56.80754718810384
35.87255588337682 56.80839621804202
35.8728968174658 56.80869888831747
35.87343884721634 56.80921688994505
35.87349343645744 56.80927351819695
35.87416192607944 56.80996697716341
35.874413550414445 56.81019613503994
35.87522586901246 56.8109359251917
35.875281135990264 56.810984496690104
35.876192954395556 56.81178585019229
35.876219684058 56.811806083061775
35.877265838025494 56.812597963495506
35.877291005643194 56.81261564209436
35.87833723034553 56.81335054624946
35.878428873682665 56.81341491967622
35.8788868981351 56.81373585344261
35.87949383553086 56.8141566137231
35.87955484270054 56.81419890703705
35.8805088895673 56.81486089113789
35.880576901286446 56.81491399167607
35.880932827612746 56.815191883188305
35.881325845748016 56.815550814916584
35.88160421837631 56.81578603201173
35.88172594193502 56.81588888501873
35.8826507823893 56.81667965405814
35.8837059337729 56.8175818432327
35.8837109352894 56.81758576320954
35.88428391257563 56.81803483854312
35.8845109690244 56.81821383874596
35.884858680249096 56.81847693901763
35.88574795169565 56.819149817954376
35.885913461436104 56.81927656145708
35.886054915623106 56.81938488377746
35.88702739503198 56.82014623143717
35.887818840618856 56.820765848921965
35.88808395293513 56.82097351727688
35.889051278162775 56.821731244573414
35.89000354175666 56.822477173758315
35.891003567649015 56.823260516210496
35.8911559557428 56.823379885182824
35.891345945552274 56.82333797566603
35.89157095309133 56.82332586847229
35.89183097835998 56.82335790596957
35.89206492659595 56.82344097994508
35.89212583509369 56.823476928997266
35.89215787259097 56.82349983953312
35.89223796633418 56.82357583545691
35.892301855064225 56.82373490535621
35.89225081858599 56.82389583790069
35.89217787578536 56.82396812118233
35.89214781430694 56.82399791085715
35.89194199201335 56.824100915136206
35.89262297509513 56.8246248772284
35.89274590967773 56.82471987213313
35.892825817156414 56.82478096689539
35.892851741008606 56.824800930428175
35.89381446941076 56.825542311757815
35.89391788603182 56.82562195119907
35.894802172415474 56.82630212650607
35.8957546837992 56.827034779111415
35.89617094165469 56.82735495628465
35.89630244371883 56.827452008334866
