24.59592336310188 52.76491627388539
24.59492384482005 52.7642859763865
24.594821187206765 52.76423549927009
24.5936288462769 52.76364922096108
24.59232867577966 52.76300992246729
24.59109575697235 52.76240369187049
24.590298896811134 52.762011872872975
24.589854665436896 52.76183610905894
24.589234953878112 52.76159091505984
24.588556951028636 52.76145997110292
24.58834169727567 52.76143109653599
24.588034851581636 52.76138993564375
24.5870429930175 52.761301832526215
24.586567605985092 52.76131699232152
24.585722936370736 52.76134392830753
24.58497728629382 52.76152137414862
24.583442619666013 52.76188658595372
24.58189981182087 52.76225373516244
24.5803379943206 52.762625408187816
24.578766477632826 52.76299938937427
24.57717902678632 52.76337716248712
24.575591574394544 52.76375493596769
24.574003039821488 52.76413296698001
24.573288848399123 52.76430292645774
24.572102682802008 52.764316435741286
24.571538893242305 52.76432285676128
24.570408210801535 52.76430166005818
24.56869656740161 52.76426957218305
24.56860783476996 52.76426790872815
24.566971873498822 52.76414385655844
24.566949855677308 52.76414199855547
24.565184328884396 52.76399301224397
24.56486391793632 52.76396597394271
24.56343120347829 52.76374132555513
24.56279694056802 52.763641873679504
24.56176958711948 52.76317632879779
24.560673897579473 52.76267981743842
24.560351558910945 52.76252649833699
24.559044828095544 52.76190495703902
24.55894797337858 52.761840748478186
24.5577089235989 52.76101933672203
24.556488220652756 52.7602100877579
24.55525426651486 52.759392054090455
24.55398558876142 52.75855100085875
24.55297380527793 52.75788025230478
24.552968879482943 52.75787698681378
24.551584215864708 52.75715105289322
24.551360857889673 52.75703395360039
24.55005953674935 52.75654466695185
24.54924899077227 52.756239907955525
24.54845612434317 52.756011870634985
24.547107406425 52.75562396416179
24.5454422039651 52.75514503316765
24.543787080858216 52.75466900110903
24.54212933516694 52.75419221476558
24.54046157060375 52.75371254688166
24.5387977701577 52.753234019122495
24.537844945591203 52.75295997603893
24.53721968321624 52.75269500275517
24.53584595477237 52.75211284500613
24.535758103023745 52.75206399058025
24.534446174449595 52.75133442607771
24.53311690251793 52.750595216920544
24.5317729116858 52.74984782257136
24.53132885392 52.74960088170173
24.53040613578862 52.74908760341516
24.529286936215435 52.74846502885019
24.528166652264577 52.74784185108094
24.527056989605395 52.74722458159312
24.525951219486668 52.7466094773998
24.52484185708748 52.74599237493691
24.52348528015446 52.74523775501552
24.522119950425132 52.744478266196325
24.521024220521827 52.74386874705048
24.5199276676134 52.74325877009347
24.518583096609746 52.74251082868271
24.517265732266708 52.74177802145831
24.516056440731617 52.74110533164549
24.51488515214226 52.74045378164364
24.51487983423948 52.74045082346613
24.513629500645333 52.73989931750124
24.512857932884796 52.73955898894874
24.512384979419263 52.739320659017594
24.5112328765604 52.73874009324308
24.51081386605234 52.73852894615819
24.510061309513468 52.738175441046835
24.508703468673534 52.73753761032911
24.50740212431676 52.736926318209534
24.506069956420735 52.73630054707328
24.50479176884581 52.73570013259588
24.50415695840471 52.735401937411766
24.50359128173656 52.73513854075098
24.502290111033066 52.73453267517846
24.50109966305716 52.73397836555365
24.49984391861859 52.73339365186376
24.498545620625546 52.73278912391462
24.497217327901858 52.732170629485445
24.49585308517246 52.73153539561484
24.494510258743308 52.73091013384011
24.493174953542233 52.73028837418323
24.49185990761703 52.729676047875685
24.490600741446716 52.72908974092101
24.49036686473415 52.7289808406453
24.48951705502275 52.72845526926293
24.48916396846989 52.72823690015607
24.488461955921665 52.727666498894806
24.48763790326501 52.726996937252515
24.487533288831532 52.726879030277
24.486722817202075 52.72596557832404
24.48598657991692 52.72513579309588
24.485204141202946 52.72425393598285
24.48439226133427 52.72333889685667
24.483568534255376 52.72241050518745
24.482742439079964 52.72147944452612
24.48189521022484 52.72052456489284
24.48105094317227 52.71957302339532
24.48020094515882 52.71861502274832
24.47934955467952 52.71765545270566
24.478506184390785 52.71670492191678
24.477671683736354 52.71576438775761
24.476841328932736 52.714828526230264
24.476004362177765 52.71388521262235
24.475161216079993 52.712934934510635
24.47431161912835 52.71197738588524
24.47345545754546 52.71101243851199
24.472648620291437 52.71010308272627
24.4718830871757 52.7092402792743
24.47117344302008 52.70844046615771
24.47037507433854 52.70754065498008
24.469626494141146 52.70669695852186
24.468902909553663 52.705881433671216
24.468083246094928 52.704957621954755
24.467299686426163 52.70407450145592
24.46659093903438 52.70327569904798
24.465837253128868 52.70242624813904
24.46505987280291 52.701550092144025
24.46428266934781 52.700674135493465
24.46350439225802 52.69979696878982
24.462719888505323 52.69891278424966
24.461930613649045 52.6980232223789
24.461166201488098 52.69716168231272
24.460413011284604 52.6963127900908
24.459652473463414 52.695455616646576
24.45893373548254 52.69464555422312
24.458202941873846 52.69382190435704
24.457407216163705 52.69292507197261
24.456658733970325 52.69208148597102
24.45594812995741 52.69128059103554
24.45524130228022 52.69048395226539
24.45485087755734 52.69004391931095
24.454449809045876 52.68970302421451
24.453997972324444 52.68931897780267
24.45340878707606 52.68892054882284
24.452706972942657 52.688445956001715
24.452161541404323 52.68815143603177
24.451306822552684 52.68768990831874
24.450927478240693 52.68754946509385
24.449549554546103 52.68703932156144
24.448721843556804 52.68673288121968
24.44813240157755 52.686596953539265
24.446647375371693 52.68625450055048
24.446553910819155 52.686232947250446
24.445065814290484 52.68607664318492
24.443572933455695 52.68591983659386
24.443464948775137 52.685917771313086
24.442004958734028 52.68588984800629
24.44184779560244 52.68590096565547
24.440238006911567 52.68601484138279
24.439629899851155 52.6860578586025
24.43863974544964 52.68625822241749
24.437006210836465 52.68658877816366
24.435328485139483 52.686928276246626
24.433617456416897 52.68727451340104
24.431895943870295 52.68762287202154
24.43042787381473 52.68791994499981
24.43015612212745 52.68797493199105
24.42840832301713 52.68832858651781
24.426649909680055 52.688684388756705
24.425241428703742 52.68896938470973
24.42349506386465 52.68932274902207
24.42174593427263 52.6896766727622
24.420009962042453 52.69002793420519
24.41827013023429 52.690379976605904
24.41770693848372 52.69049393438907
24.416585146220513 52.69062520405371
24.41542594318299 52.69076085144492
24.41502890840396 52.69075832143971
24.4134786694818 52.69074844292843
24.411815992014184 52.690737847930535
24.41003791101905 52.69072651755241
24.408178717573268 52.69071467030541
24.4063325287068 52.69070290592684
24.40484488392862 52.69069342628115
24.40333646091681 52.69068381423134
24.40148879787849 52.690672040458985
24.39964441199979 52.69066028756951
24.397879687759104 52.690649042303974
24.396261138158383 52.69063872849991
24.394507863625183 52.69062755619479
24.39299970076136 52.69061794580271
24.39140661666411 52.69060779427122
24.38967046165455 52.690596731056
24.388131371589484 52.69058692358803
24.386514151399016 52.69057661825531
24.38484507570093 52.69056598248628
24.38310707700118 52.69055490752259
24.38127007189924 52.690543201665285
24.37973705054388 52.690533432868655
24.37819394357767 52.69052359980399
24.376644785244963 52.690513728178495
24.37511383304136 52.69050397256702
24.373583932756844 52.69049422365864
24.372094236170092 52.69048473093831
24.37032636218819 52.69047346560183
24.368743068867413 52.69046337645963
24.36712377952518 52.69045305794175
24.365562761264243 52.690443110741825
24.364593983395263 52.69043693744623
24.364048628960127 52.69044182762597
24.36250940446246 52.690455629814
24.362038992986953 52.69045984798208
24.360955848091987 52.69057963058444
24.3594962531899 52.69074104396189
24.35907291678502 52.69078785980019
24.357998536290538 52.69101146046233
24.356847987104533 52.69125091339463
24.356748429629217 52.69133680553169
24.35662935842849 52.69143953292468
24.355865618919633 52.692098440940995
24.354988880939533 52.69285483716849
24.355865618919633 52.692098440940995
24.35662935842849 52.69143953292468
24.356748429629217 52.69133680553169
24.356847987104533 52.69125091339463
24.35740859917553 52.69049096365038
24.357626945323354 52.69019497983594
24.35823407540994 52.68963976033389
24.359074108971488 52.68887155097307
24.359927532486047 52.688091096521454
24.3601539960538 52.68788399594763
24.36071674895776 52.687315454606704
24.36163177934039 52.686391012285625
24.362127841162557 52.68588984800629
24.362479206403297 52.68544357735475
24.36322303489127 52.68449883727953
24.363970391932785 52.68354961557179
24.3646937882123 52.68263082654102
24.36495589535585 52.68229792302023
24.364897843273855 52.68169206289695
24.36480013264219 52.68067230661408
24.364710195377857 52.67973367702167
24.364666999086744 52.679282859249774
24.365137424216396 52.67876759602201
24.36591894844177 52.67791158160111
24.366419934475868 52.67736284458703
24.36671332992048 52.67707081072321
24.36751655310223 52.676271315115514
24.368351141540565 52.67544059981019
24.36924567622445 52.674550216456055
24.369670995392003 52.674126871096945
24.37013150822935 52.67371911331573
24.371064110164177 52.672893347636965
24.37174896236693 52.67228695017741
24.37201708327387 52.6720828661613
24.37307116368765 52.67128053796318
24.37414675358065 52.67046183752109
24.375249758346747 52.66962226986104
24.37528184150044 52.66959784931536
24.376379351333767 52.66877129761872
24.3774433943263 52.66796995031952
24.37749391892911 52.66793189945665
24.378092021632675 52.66719073243136
24.37875553146162 52.66636851309806
24.37889481437716 52.66619591413876
24.379171616049593 52.665392768443034
24.379433863895397 52.66463185097199
24.37952772767992 52.664388737816786
24.379918100028664 52.66337764867418
24.380308002388578 52.662367776832475
24.38070021122947 52.66135193105873
24.38109565800798 52.6603276988212
24.381195926245955 52.660067997725335
24.381439049448787 52.659293164652674
24.38176522508042 52.658253643685754
24.38198382516169 52.65755696574353
24.3821008202848 52.6572362578921
24.38245783653809 52.65625760243646
24.382801357335563 52.655315940818895
24.383122798009445 52.65443480539085
24.383418993281257 52.65362287283591
24.38344538592488 52.65354636544601
24.383753545040296 52.65265306919529
24.384028578211144 52.651855798927926
24.384031989813565 52.651845909323825
24.383331118314665 52.65180752173705
24.382936940705857 52.65178593214868
24.38177528040003 52.65140868080246
24.38173590708679 52.65139589424571
24.38067289547636 52.65097698534229
24.38065350227251 52.65062711216453
24.380596998977847 52.64960773509805
24.380544807452196 52.64866614674222
24.380504884880143 52.6479459028232
24.380576445041363 52.64767291991194
24.380842541561584 52.64665783272469
24.381115491927012 52.6456165999477
24.38135555228736 52.64470083375974
24.38143285471423 52.64440594563795
24.381625223954018 52.64375279478577
24.381910455276113 52.642784349511935
24.382199049599024 52.64180448584891
24.382490597705065 52.64081459321259
24.382781004176017 52.63982857676736
24.38307538225627 52.63882907552588
24.383372390919934 52.637820642670384
24.38346891217237 52.63749292427658
24.383793231833064 52.636833195017786
24.38425775115834 52.635888272377265
24.384707128577848 52.63497415131765
24.385136892686425 52.63409992754658
24.385621877880276 52.63311337334948
24.38569682208516 52.63296092226269
24.386086983691772 52.63217370237959
24.38653047176889 52.6312788869331
24.387024048470227 52.63028300884939
24.387150989185667 52.63002688355804
24.387515826112978 52.629295459809725
24.38794617053037 52.62843270688294
24.38844178250687 52.62743910579043
24.388872005890484 52.626576595511736
24.38928688442603 52.62574484852876
24.38936962537307 52.62557868353088
24.38983794703864 52.62463817376701
24.39000884570201 52.62429496551219
24.390306868932548 52.62394497448083
24.39048860386778 52.62373074972451
24.391271782745054 52.62280755736234
24.39200357957811 52.62194493291405
24.39271781542394 52.62110300893374
24.393455438683752 52.62023351643417
24.39369092271531 52.61995593354008
24.39415404242325 52.619295703194595
24.394743460454382 52.618455420080615
24.39533305722729 52.61761488214973
24.395553940435217 52.61729998776242
24.395759971007028 52.61660639765391
24.3960333693744 52.61568601772376
24.396308754239193 52.61475895036394
24.396440932075105 52.61431398125695
24.396577362479466 52.61385490404821
24.39688319057885 52.612825817380326
24.39695595347038 52.612580976171365
24.39715906070209 52.611912696379605
24.39744783173264 52.61096255864922
24.39775032299804 52.60996727749579
24.398056275359085 52.60896060836635
24.398361444793572 52.60795651528503
24.398672013649172 52.60693465659294
24.398674988717023 52.60692486778479
24.398677404022287 52.60692097141532
24.399266817804538 52.60597012934027
24.39981112323434 52.60509205604112
24.400396538720116 52.60414766401631
24.400884830971467 52.60335995115399
24.400940525351896 52.603269296142685
24.400978894553607 52.603206841719306
24.401266859500115 52.60278681522876
24.40135999175966 52.60260688370333
24.401522472822588 52.60235937363412
24.40211805371738 52.60145211548459
24.402733299489856 52.60051490150422
24.403363904703937 52.59955429023442
24.40394153291413 52.598674379703915
24.404147999081346 52.598359866403634
24.404185997043236 52.5983019381382
24.4044918981661 52.59781448333686
24.405072998939332 52.59688849666731
24.405677210234227 52.595925683278594
24.405963891877917 52.595468854802895
24.406299358068996 52.59494672619622
24.406927086105927 52.59396971338834
24.407483996618183 52.59310292288146
24.4075098902102 52.59305670908644
24.408017247177643 52.59215119968934
24.408530026896457 52.591236011993466
24.40901384164732 52.590372519755306
24.40953539919432 52.5894416657605
24.410027384203715 52.588563591588226
24.410196939338675 52.58826097670781
24.4115313216711 52.58851767340811
24.41302771433 52.588805536225664
24.414457517079352 52.58908058906391
24.416030668069887 52.58938321797209
24.41759734690019 52.58968460182318
24.419142378059657 52.58998182128635
24.420622091574995 52.59026647551741
24.42211682073751 52.5905540183262
24.422609979419633 52.5906488878425
24.42358821975782 52.59081682710324
24.424165846947563 52.590915991162866
24.42417251928762 52.59089938439435
24.424497695880476 52.59009005328107
24.42488397290322 52.589128649478575
24.42526343741791 52.58818420130833
24.42562601995683 52.58728177064042
24.42565894333256 52.58719982774257
24.426021186758863 52.586311500957905
24.426426977441903 52.585316383568504
24.42681904855772 52.58435491056891
24.427208355963636 52.58340021499398
24.427588112124464 52.58246894186434
24.427964439535344 52.58154607703198
24.42831190887791 52.58069398061992
24.428336157066244 52.580650664126765
24.42887923873007 52.57968051357992
24.428910935571288 52.57962389095777
24.430202654685655 52.57907179725919
24.431441493533853 52.57854230511648
24.432723076198577 52.577994543838095
24.434012171949934 52.57744357139117
24.434867861156192 52.57707784124638
24.435297991644045 52.576916873491975
24.436575061503255 52.57643895557342
24.438025388643517 52.57589619957375
24.439470534229553 52.57535538266738
24.440876160193177 52.57482935519132
24.441550845836495 52.57457686754861
24.442198621137948 52.574335803934176
24.44349951292378 52.57385168903327
24.44479746804473 52.57336866698516
24.446110079017163 52.57288019089685
24.446900921618212 52.572585886104086
24.44740383581975 52.572398876526925
24.447408211923097 52.57239725504843
24.447705956869704 52.57228693155096
24.448692972055493 52.57191907042668
24.448910902043675 52.57183784779544
24.44980683438048 52.571628859005024
24.450175331457476 52.57164298513223
24.45121592546737 52.57168287571556
24.45178746090048 52.57170433402844
24.453346119558866 52.571762853908794
24.4539048400649 52.5717838310849
24.454899990945258 52.57182116498118
24.456415077502065 52.57187800468808
24.457290942757375 52.57191086348692
24.457914014758057 52.57192842745073
24.45943049185082 52.57197117587906
24.460911925008418 52.57201293644338
24.460985642515237 52.57201452569333
24.462302948436953 52.57204292503095
24.462525164809797 52.57204770328025
24.463792878325123 52.572074962528234
24.464002984702653 52.572077942760544
24.463996879856317 52.57203102441772
24.46387390339093 52.57108589793189
24.463865759062553 52.57102171431277
24.46374891989862 52.570100931154954
24.463743735191308 52.57006010903416
24.463667894832817 52.56946297517709
24.46364591561957 52.56926385840618
24.463632594839083 52.56913199300562
24.463621887496604 52.56902599861531
24.463581840625 52.56875181724322
24.46350398205602 52.568311860449136
24.46348617542441 52.56821412280862
24.46342891745483 52.56789984333291
24.463351990208448 52.567360980079194
24.463345734498574 52.567245929414995
24.46333485387269 52.5670458205129
24.46348591439767 52.5664749197619
24.463575012334463 52.566273002010945
24.46380982839636 52.56574085129218
24.464013236698143 52.56534525556912
24.464285920507145 52.5648149303678
24.46456842692382 52.56444663399823
24.46480299081213 52.56414083907323
24.46530111302873 52.56358903349834
24.465490865681115 52.56337883092565
24.46609025798234 52.56282490703777
24.46633799671392 52.56259596115193
24.466420884424913 52.56251884764102
24.466956779023537 52.5620254683555
24.467014881976283 52.56197197501299
24.467669974289908 52.56134798887405
24.466925847536157 52.5613289898931
24.465982539302903 52.56130803019589
24.465968415809705 52.56130771638103
24.46548397389391 52.56129695239582
24.46448327200855 52.56127451642368
24.464187945370107 52.56126789513084
24.46448327200855 52.56127451642368
24.46548397389391 52.56129695239582
24.46557927430555 52.56129906990917
24.46560937645251 52.56129973875935
24.46571333570701 52.56130204866657
24.46573644719295 52.5613025621888
24.465842403779178 52.56130491647543
24.465864516599257 52.56130540780795
24.465968415809705 52.56130771638103
24.465982539302903 52.56130803019589
24.46609073339706 52.5613104341985
24.466105375203693 52.561310759529945
24.466208816144764 52.56131305792058
24.46622303764302 52.561313373913045
24.466325900226604 52.561315659452944
24.466328077690488 52.56131570783478
24.46641520179653 52.56131764367592
24.466435753471217 52.5613181003208
24.46648834458053 52.56131926886115
24.46655235720063 52.56132069118005
24.46655825119073 52.56132082214069
24.466631153798517 52.561322441989354
24.466660213113514 52.56132308766849
24.466713044399043 52.561324261545394
24.466754087704363 52.561325173501025
24.4667971725075 52.561326130817406
24.46682299564871 52.56132670459086
24.46686569810447 52.56132765341173
24.46687506844459 52.561327861614615
24.466884907457356 52.5613280802311
24.466888990452997 52.56132817095261
24.466892662082696 52.56132825253384
24.46689588931406 52.56132832424083
24.466903126356392 52.56132848504322
24.466906403228524 52.561328557853194
24.466908738741516 52.561328609746774
24.46691458236042 52.5613287395882
24.46691576736354 52.5613287659182
24.466918441057803 52.56132882532595
24.466925847536157 52.5613289898931
24.466925864556096 52.56132788705889
24.466925880662423 52.561326843423274
24.46692592587149 52.56132391402934
24.46692597994057 52.56132041053603
24.466926016993877 52.56131800960738
24.466926035740588 52.561316794883965
24.46692607748789 52.561314089800405
24.46692610776427 52.561312127993574
24.46692612554284 52.56131097600235
24.466926197126455 52.5613063376266
24.466926262461172 52.56130210415864
24.46692643247224 52.561291088018
24.466926680081105 52.561275043802794
24.46692701992721 52.56125302292737
24.466927498129163 52.56122203706162
24.46692814590212 52.56118006356986
24.466928901871935 52.56113107928834
24.466929734823463 52.56107710685273
24.466930737610035 52.56101212968234
24.46693178695529 52.56094413566721
24.46693285173208 52.56087514174009
24.466933793144513 52.560814141405935
24.46693473446893 52.56075314677471
24.466935505958308 52.56070315687827
24.466936030454907 52.56066917127656
24.466936323302267 52.56065019576051
24.466936553279265 52.560635294030455
24.466936837142782 52.56061690063663
24.466929447753444 52.560616941163445
24.466922661777215 52.560616978380864
24.46690698269338 52.56061706437219
24.466905229409615 52.560617073988
24.46690417242245 52.56061707978501
24.466903148534666 52.56061708540048
24.466902139485835 52.56061709093457
24.466884735643088 52.56061718638526
24.466873315338873 52.560617249019465
24.46685002043163 52.56061737677947
24.466835259075637 52.56061745773755
24.46679514361936 52.56061767774919
24.466776323233088 52.56061778096886
24.46673620777681 52.560618000980504
24.46670032941825 52.56061819775395
24.46666721339228 52.560618379377495
24.466608381422404 52.56061870203912
24.46658716054716 52.560618818424174
24.46651138931662 52.56061923398851
24.466509166895083 52.560619246177296
24.466433113724424 52.56061966328792
24.46641739696668 52.56061974948586
24.466362119502666 52.56062005265294
24.466326463728407 52.56062024820563
24.466305124141535 52.56062036524176
24.466259127885184 52.560620617506416
24.466232471378472 52.56062076370298
24.466227189845274 52.56062079266934
24.4662041917171 52.560620918801675
24.46618119358892 52.560621044934
24.466150196111816 52.56062121493845
24.466143478621618 52.56062125178026
24.466105140418264 52.56062146204463
24.466064381178253 52.56062168558708
24.466027760872024 52.56062188642971
24.46601985691532 52.56062192977865
24.466003249695156 52.5606219994398
24.465983683123262 52.56062208151435
24.46595025221833 52.56062222174466
24.465934640057903 52.56062228723191
24.46589930004441 52.56062243547022
24.46589056270591 52.56062247212013
24.465848428511062 52.560622648857525
24.465812350778226 52.560622800190295
24.465811168039487 52.560622805151446
24.465797829608572 52.56062286110125
24.46601985691532 52.56062192977865
24.4669064758817 52.560617067151775
24.466936837142782 52.56061690063663
24.466938385428744 52.56058559188407
24.466967420931127 52.55999844882086
24.46696767093429 52.559993393367705
24.46696794331747 52.55998788535568
24.46694687460559 52.559987681102534
24.46694527489209 52.55998766559392
24.466939676195544 52.55998761131669
24.46693807648204 52.559987595808074
24.46693055696841 52.55998752290925
24.466895464170474 52.55998718269793
24.466843585493105 52.55998667975389
24.466782102730296 52.5599860837019
24.46672422237544 52.55998552257389
