27.86251663431689 -26.223610264917387
27.862516139933668 -26.223608596566933
27.862514681968506 -26.223603676503433
27.862510314953052 -26.22358893953037
27.86250619107803 -26.223575023061382
27.862505748364764 -26.223573529076862
27.862484817113387 -26.22350289427123
27.862505748364764 -26.223573529076862
27.86250619107803 -26.223575023061382
27.862510314953052 -26.22358893953037
27.862514681968506 -26.223603676503433
27.862516139933668 -26.223608596566933
27.86251663431689 -26.223610264917387
27.86266381731623 -26.224106950106627
27.863744681338257 -26.22378984069684
27.864054840744767 -26.223698844545307
27.864611957921355 -26.223595840266253
27.86473944522937 -26.22357523743263
27.865427982779472 -26.223463964986745
27.8657879806976 -26.22339940049969
27.866448898608585 -26.22328086696448
27.866752882303736 -26.223230948073365
27.866785264386586 -26.223225113256778
27.867822941580776 -26.223038137757474
27.86858982299097 -26.222899956022943
27.86889710775798 -26.222844378359554
27.869880055563858 -26.222666595572544
27.870458987439996 -26.222561885920804
27.870595891861527 -26.222537857797843
27.870898130227157 -26.222478535320967
27.871950297050205 -26.22227201904399
27.87228698743031 -26.22220593442483
27.872375835605915 -26.22218991567619
27.872597976812916 -26.2230080641302
27.872808900612792 -26.223784898753127
27.8728550638437 -26.22395408387203
27.87298790081563 -26.22444092238935
27.873101038024863 -26.22487824121733
27.873142872895514 -26.22503994908273
27.873170998837896 -26.225249869195743
27.87319484069634 -26.225495924625456
27.87319688960605 -26.22564996538274
27.873192978051147 -26.225815927069245
27.873189064546665 -26.22584379824539
27.87316392078617 -26.22602286694995
27.873088856184975 -26.22637285798131
27.87304191752617 -26.226537888345224
27.87296089246037 -26.22680983454309
27.872950259814253 -26.226845674739447
27.87283982052296 -26.22721794010441
27.872803871470776 -26.22739898921696
27.872788970309248 -26.227566999813178
27.872777980702622 -26.22771694275104
27.872777421277455 -26.22778696413476
27.872776863115508 -26.22785682740487
27.872775931792912 -26.22800993683956
27.87279493077386 -26.228166957829153
27.872801822561065 -26.228268844521093
27.872822870451724 -26.228423816600973
27.87287483825255 -26.228590895874596
27.872917612190456 -26.228690134504497
27.87308084681066 -26.229068850630572
27.87315386250214 -26.22922792052987
27.87334721860115 -26.22959621786132
27.873595868205932 -26.23006983615614
27.873796955047062 -26.23041711132368
27.874196943809025 -26.23110788832101
27.87430952389935 -26.231189015880553
27.87436495440524 -26.231228960258417
27.874483977432934 -26.231236969632736
27.87463988083541 -26.23117494354788
27.874858927909855 -26.23096483717035
27.87499396968619 -26.230779876502897
27.875209851416308 -26.230531239252688
27.87525790650974 -26.23047589280775
27.875300933613648 -26.230415915632605
27.87576994767271 -26.2297688326933
27.875835266456463 -26.229678943058644
27.876088832529383 -26.22932999348633
27.87638458108535 -26.2289232320666
27.876602922602064 -26.228622933371877
27.87698591726316 -26.22809575087448
27.877123904461943 -26.227905814973393
27.877532267680632 -26.227330131250067
27.877965820088217 -26.226718937457775
27.87809043364998 -26.226544035249336
27.87810197945167 -26.22652783006119
27.878642891615097 -26.225911853296573
27.878770771157335 -26.22580614012004
27.879191999417365 -26.22545792666356
27.87952242138232 -26.225179670632116
27.879735891813095 -26.224999902211128
27.87986590444742 -26.22489093746746
27.88002497434672 -26.22475682701372
27.88030983824896 -26.224616734615015
27.88059196354282 -26.22447798902865
27.88088495763134 -26.22438392544651
27.88118298086188 -26.224313889987332
27.88130200557523 -26.224302803225907
27.881568920945423 -26.22427794093515
27.88182484839465 -26.22427589202544
27.882102941321648 -26.224298988825804
27.882327944441315 -26.224345715773932
27.88260790443289 -26.22440385575005
27.883350913599525 -26.224575964165687
27.88343528855782 -26.22459217670933
27.883891825762955 -26.224679899767334
27.88434090951847 -26.224730936245567
27.88455778466885 -26.224731462130997
27.884724986956822 -26.224731867568163
27.88510589789836 -26.224710819677505
27.885561873441084 -26.22465196008947
27.885633074889093 -26.22463353366177
27.885990840628537 -26.224540946436097
27.886514988985247 -26.224359897323545
27.88666632660032 -26.22428455637046
27.8869448874953 -26.224145879391116
27.8873889421088 -26.22387188428354
27.887593072963035 -26.223680652997547
27.888178889934245 -26.22313185534921
27.888318826946897 -26.222942273276637
27.888598916424787 -26.2225628172434
27.888796915608577 -26.22214688857228
27.88882682962627 -26.222055102704314
27.88885689278372 -26.221962859227425
27.88887589176467 -26.221759830901615
27.88898783674064 -26.22111088531712
27.889000866455984 -26.221066141514672
27.889169817175787 -26.220485967855588
27.889266665553063 -26.220096723119948
27.88935496410776 -26.219741841101836
27.889502583720795 -26.219143968697203
27.889746113701857 -26.21815765087408
27.8897789021532 -26.2180248547649
27.889936854465383 -26.217348900825133
27.8899783828672 -26.21715855531135
27.89017203141301 -26.21627096680964
27.8903049131551 -26.21566190307577
27.890398163153787 -26.215259148501293
27.8904269164151 -26.21513496075127
27.890448895628353 -26.214944970941804
27.89042486750539 -26.214768950971266
27.890375879936872 -26.214638938336943
27.890303981832503 -26.214552884129127
27.89022183917959 -26.21446887883102
27.890364890330247 -26.214336817286988
27.890448733848576 -26.214252395537496
27.890499932106582 -26.214200844188053
27.89063888543782 -26.214039911643564
27.890941937810375 -26.213618953830427
27.890987945146588 -26.21355897665528
27.89104954864383 -26.213483164452512
27.89110585058717 -26.213413876594913
27.891290997519143 -26.21322388678545
27.8914388915473 -26.213096854383423
27.89162385221475 -26.212942999890664
27.891811723060503 -26.212842550697587
27.89182799812767 -26.21283384888248
27.892215987120927 -26.212634918376093
27.892497991602824 -26.212519993167817
27.89267196266365 -26.212460947315268
27.89282026709464 -26.212439485582188
27.892886911918676 -26.21242984114058
27.893347916603418 -26.212357943036213
27.893637930459633 -26.21233596382296
27.8938712746326 -26.21235904181809
27.893959981813133 -26.212367815055725
27.89431891354141 -26.21241792021136
27.894678962856805 -26.212489818315724
27.89489142714546 -26.212559146656613
27.895270911498464 -26.21268297462202
27.89586165112194 -26.2128846131115
27.896849193145112 -26.21322169305999
27.89781590254013 -26.213551662160473
27.898041968748913 -26.213628825849938
27.898776062324675 -26.213881530541727
27.89983772416261 -26.21424699747455
27.899857861545485 -26.214253929575992
27.900842766868855 -26.214594820259503
27.901154821391884 -26.21470282706699
27.901690890677816 -26.214881827269835
27.90188260829698 -26.214947395434383
27.90284759578715 -26.215277424874664
27.90343097381512 -26.215476942408316
27.903844148859957 -26.215618755505556
27.904786658299276 -26.21594225079996
27.90575781299989 -26.21627557793991
27.90591592876425 -26.216329847641212
27.906584990916812 -26.216559884322283
27.90674183892928 -26.216613176039267
27.90741498561386 -26.21684188880418
27.907768859418116 -26.216964773728836
27.90786984356947 -26.216999841116365
27.908262861704745 -26.217123893286075
27.908451920191613 -26.217156862105956
27.908552875560957 -26.217140843357313
27.908683819517876 -26.217128922428092
27.90879297052606 -26.21708291509188
27.90941285884558 -26.21704789736229
27.9098248759618 -26.21710284539542
27.909844523098084 -26.21710936815002
27.910288860878843 -26.217256886152704
27.91076085517021 -26.21748785415637
27.91081109867977 -26.21751483621557
27.911678952984783 -26.217980896338393
27.91176699158018 -26.21802357639561
27.91242587370632 -26.218342994563496
27.91272443526281 -26.2184892811714
27.91288091792645 -26.218565953192844
27.9133439715209 -26.21873582643425
27.9137479792628 -26.218843859855323
27.913784340997747 -26.218850223158935
27.914142860043263 -26.2189129639919
27.91451985942989 -26.21897499007676
27.914790676973265 -26.21898965859637
27.914794972124582 -26.218989891238284
27.915137885104222 -26.218989891238284
27.91550687511653 -26.218989891238284
27.915764851475465 -26.218997900612607
27.91581144045653 -26.218993350376845
27.91627596131584 -26.21894798172149
27.91639982722103 -26.218935874527748
27.91690359487036 -26.218912177972925
27.917377902210756 -26.218889867191535
27.917920269606824 -26.218877570078735
27.919079698063168 -26.218851282321378
27.919094888547697 -26.21885093790705
27.91976395070025 -26.218835850481
27.92015241826499 -26.21887220345835
27.92058798493269 -26.2189129639919
27.921142099264394 -26.21901689966279
27.921738913396126 -26.21912884456952
27.92219428387277 -26.219255733085937
27.922510979827734 -26.219343980089068
27.92315489627022 -26.21962896480327
27.92325126298373 -26.219675746811404
27.924089944156034 -26.220082891436284
27.924162950192635 -26.220133884011496
27.92490596901415 -26.22065286086469
27.924969729285156 -26.220698596435568
27.925803072417168 -26.22129635775747
27.92589298470079 -26.221360852301736
27.926520986150035 -26.22199019277326
27.92685392335476 -26.222323839865417
27.927259070054777 -26.22269778599777
27.92801267857362 -26.223393358714823
27.9286558463124 -26.223986995756334
27.928764236207503 -26.224087355145045
27.929115919674544 -26.224412982711485
27.92918828686621 -26.224308617869383
27.92930590948401 -26.22413898760391
27.92965112716248 -26.223651723471725
27.92975089542011 -26.22351090364555
27.929887986106156 -26.223103915671345
27.929926056472056 -26.22275595474689
27.929951874836203 -26.222519976404012
27.929989872798096 -26.22224486370932
27.930105915593487 -26.22185296316116
27.930141823033733 -26.221797650907728
27.930340981416578 -26.221490864936055
27.930740891339052 -26.221111816639716
27.93092492201752 -26.221000576405046
27.93132483060639 -26.22075884537605
27.931808932091496 -26.220632930561145
27.931866260191462 -26.22062412413615
27.932179971013515 -26.220575933618303
27.93293003919689 -26.22052732243673
27.93336982876144 -26.220498820107405
27.933961963667617 -26.220432882467648
27.93404839720352 -26.220415635108058
27.93445295693993 -26.220334907330606
27.934915824269854 -26.220200983141385
27.935147262857814 -26.22012154752559
27.936206470686702 -26.219758000431373
27.936302936143495 -26.2197248910306
27.93697684117355 -26.219535832543727
27.93726826955856 -26.219486275767977
27.937793983618786 -26.21939687921249
27.93834482973127 -26.219340657387043
27.938596969960564 -26.21931492282409
27.939488600140766 -26.21926698328612
27.94006585195808 -26.219235946667997
27.94068396292829 -26.219158157943824
27.94110781567785 -26.21910481644656
27.94189242016768 -26.218969967519246
27.942026844815015 -26.218946864134377
27.943077213652696 -26.218717106780577
27.94315598032972 -26.21869987738207
27.944240085707456 -26.218411213915477
27.944466910015052 -26.2183508176733
27.945397383815894 -26.21809727284731
27.94655521536262 -26.21778177530426
27.947685862051905 -26.217473685363593
27.94810689124704 -26.217358959109163
27.948762791527855 -26.217217963498825
27.94914494341191 -26.217135814215297
27.94983247384344 -26.2170368294043
27.95050597825287 -26.21693986394122
27.950919249102252 -26.21691180947773
27.95177090060199 -26.21685399599792
27.95194803222716 -26.216853560963223
27.95222594482212 -26.216852878410805
27.95311087030167 -26.216879841110146
27.95324686065123 -26.216883984585493
27.954111195688856 -26.216961251156196
27.954196995963088 -26.216968921206195
27.954915730276113 -26.21706398210033
