31.268074876101497 58.551478949594774
31.26788488629203 58.55154693614424
31.26817285123854 58.551901956317614
31.268366938867427 58.55213981610849
31.26851544951605 58.55230424793386
31.268684892401502 58.55249185604956
31.269217397758943 58.55315100609083
31.269891302160666 58.55398518382819
31.26991293437584 58.55401196078983
31.270054867939383 58.554169913102015
31.27067186094349 58.554898644996626
31.271213992041663 58.555538957317296
31.271414971457755 58.55580084523113
31.271449088518036 58.5558448789836
31.271484820652415 58.55589099725837
31.27188789707172 58.55640285215682
31.272147788705254 58.556725805730856
31.27241986853823 58.55706390493506
31.27273391051741 58.5574399729991
31.2728924320756 58.55762748251487
31.273170887079186 58.55795685703957
31.27363692090594 58.558510993983845
31.27365867836495 58.55853863699219
31.274231849779905 58.55926685540229
31.27427897470323 58.55932795016456
31.27433094604816 58.55939340560028
31.27442183958937 58.55950788169
31.27454589175908 58.55966285376987
31.274562841830317 58.55968688189284
31.27493592966205 58.5601959428235
31.27497597653365 58.56024288148231
31.275016637357353 58.56028994490863
31.275680987738394 58.56105890634043
31.275793638961115 58.561196331719806
31.2764178501759 58.561957818909534
31.2765655477294 58.56213120299407
31.276871963073432 58.56249090796316
31.2773478280159 58.56308331511995
31.278014518617084 58.56391328229814
31.278742445777684 58.564819483241045
31.27874597039996 58.56482387106472
31.278848974679015 58.56495090346674
31.279473008134303 58.56569468982102
31.279899352675617 58.5662028504803
31.279906957147425 58.566211914260954
31.28061343959331 58.56604049274234
31.2807928312002 58.56599696500593
31.28122348531481 58.56590143040884
31.28170385096305 58.56579486800272
31.28195288662507 58.565736939737285
31.282211328850277 58.5656769665745
31.282918306492185 58.56551290791431
31.283884900135384 58.565288603709135
31.284490926962143 58.56514797132793
31.28457884381515 58.56512692343728
31.284597233690302 58.565122607196635
31.285523084189933 58.56490530318974
31.286213973163 58.56474314640284
31.2868199785088 58.564600912435374
31.287227711020435 58.56450964883061
31.28744992511235 58.56445991019442
31.287855346560015 58.56436338847123
31.28794985908158 58.56434088716673
31.289162999894387 58.564054971129934
31.289505183859923 58.56398358148027
31.289896882099587 58.56390186169524
31.290659821569765 58.563982886761046
31.29107933592715 58.56447849221618
31.291083945879727 58.56448393831739
31.290982347812424 58.56456382572923
31.290792814436394 58.564712857411344
31.29000958415785 58.56531951702909
31.290007895752964 58.565320824801645
31.29003734943097 58.565356653896025
31.290082224403893 58.565411242312464
31.290745714548223 58.56621834867791
31.2907660815231 58.566243124200504
31.29103793854351 58.566573826221536
31.2909694453146 58.56712950644541
31.290963333694876 58.567179089539536
31.290877937321618 58.56787190365505
31.291009942975137 58.56806182826026
31.29101067741891 58.56806288494943
31.29127486701179 58.56844299067057
31.291135913680552 58.56881794114749
31.29127486701179 58.56844299067057
31.29101067741891 58.56806288494943
31.291009942975137 58.56806182826026
31.290877937321618 58.56787190365505
31.290963333694876 58.567179089539536
31.2909694453146 58.56712950644541
31.29103793854351 58.566573826221536
31.2907660815231 58.566243124200504
31.290745714548223 58.56621834867791
31.290082224403893 58.565411242312464
31.29003734943097 58.565356653896025
31.290007895752964 58.565320824801645
31.289817905943497 58.564779912638215
31.2889161706412 58.56480570323
31.2885609929687 58.5648158616904
31.28776582973672 58.56487490754295
31.28745264735949 58.56446348635399
31.28744992511235 58.56445991019442
31.287227711020435 58.56450964883061
31.2868199785088 58.564600912435374
31.286213973163 58.56474314640284
31.285523084189933 58.56490530318974
31.284597233690302 58.565122607196635
31.28457884381515 58.56512692343728
31.284490926962143 58.56514797132793
31.283884900135384 58.565288603709135
31.282918306492185 58.56551290791431
31.282211328850277 58.5656769665745
31.28195288662507 58.565736939737285
31.28170385096305 58.56579486800272
31.28122348531481 58.56590143040884
31.2807928312002 58.56599696500593
31.28061343959331 58.56604049274234
31.279906957147425 58.566211914260954
31.280274829572623 58.56665485128734
31.280554695529897 58.56698823359751
31.281280955811912 58.567853370368574
31.28173886869264 58.568398845979544
31.282035907946337 58.56875791865856
31.282720855237265 58.56958590975968
31.282722566443883 58.56958773949143
31.282849936548992 58.56972393176833
31.282883836691465 58.569760998407624
31.28343637165779 58.5704329291674
31.28416041422396 58.57131342814258
31.28490745206576 58.572221891380586
31.285187928792563 58.57256297556824
31.285658275836216 58.573119862134185
31.28583482546735 58.57332889527073
31.286096899645703 58.573717815586576
31.286127819555876 58.57375190199357
31.286239950796364 58.573880983305294
31.287063134521407 58.57374077157223
31.287197909218023 58.573717815586576
31.28882669497537 58.57355754942872
31.289868942421727 58.573454996350144
31.29048207634833 58.57329840459192
31.291059917756765 58.57315082639048
31.29204724621006 58.57280912728209
31.29333383500577 58.57236385879734
31.29350049683793 58.57231983269012
31.29385984600767 58.5722249054661
31.29442888411348 58.57233685044207
31.295132714069915 58.572735147359545
31.29630253186317 58.5733971464927
31.29749144629284 58.57406995240008
31.29870314884779 58.57475565409282
31.29955898149816 58.57523996923655
31.299927566360463 58.57544516478705
31.30112041592213 58.57610923824069
31.302330841258787 58.57678309633605
31.30258391728812 58.57692398675361
31.30239885107708 58.57703317848351
