-52.767170116071696 47.53037771673466
-52.76702558296939 47.53045253157015
-52.766865894399885 47.530535191347504
-52.76681380216066 47.53056215591303
-52.76606968289276 47.53094733522299
-52.76586196048249 47.531054858812425
-52.76577590627467 47.53113197232333
-52.765749829242 47.53121486003432
-52.76579881681052 47.531316932990784
-52.765881890786034 47.53138082172083
-52.76595490647752 47.53142682905704
-52.76656922803577 47.531625144704385
-52.766580941526165 47.53162892606025
-52.766440870607816 47.53179786797906
-52.76641165125198 47.531850418547805
-52.76631793602522 47.53201896396322
-52.76626187040497 47.53214189854582
-52.76620096190723 47.53224285391516
-52.766150856751594 47.53231382069693
-52.76593600207741 47.53270892460056
-52.765884871018336 47.53280295132405
-52.765399765654145 47.53359391315979
-52.76527895253775 47.53379089833329
-52.76522996496923 47.53386689425707
-52.765200907704255 47.53392091096761
-52.76495187204224 47.53435490729708
-52.76486643807147 47.53449561940497
-52.76460094968828 47.5349328860998
-52.76445882986022 47.53512287590927
-52.764238356161414 47.53531484424307
-52.76420383373358 47.53534490321602
-52.76378585615276 47.53571687346064
-52.76369998820945 47.53579696720385
-52.76341090567583 47.535978947638995
-52.76333000768162 47.536025759558214
-52.76234286492339 47.53659697331332
-52.76222930493878 47.53666474387459
-52.76196083639475 47.53682496108468
-52.76176991526268 47.536935974738064
-52.76151883069095 47.53712391563782
-52.761284706358154 47.53734662870615
-52.76106788429025 47.537552882825274
-52.76061488897983 47.537986879154744
-52.760448878926105 47.53814823089367
-52.76001083314443 47.538573984918905
-52.75962709519528 47.538932945086565
-52.75956081806632 47.53899494273204
-52.75944291262574 47.53907093865583
-52.759263912422895 47.539200951290155
-52.75906498191651 47.539305818214395
-52.758806819293056 47.53944886936505
-52.75865482744548 47.5395088465402
-52.75856359357683 47.5395355875017
-52.758265907129626 47.539622840425885
-52.75814595277934 47.53965897574258
-52.75779596174797 47.539727893614646
-52.7576888596495 47.53974484368588
-52.75767693872028 47.539873924997615
-52.75768606437298 47.53990520509631
-52.757700480090854 47.53995461800883
-52.75770785863045 47.53997990950897
-52.75770740877846 47.53998035395327
-52.75770636390112 47.5399813862701
-52.75770050865209 47.53998717113296
-52.75769414301148 47.539993460251985
-52.757687777370855 47.539999749371
-52.75768670839936 47.54000080549234
-52.757672908146645 47.54001443985173
-52.7576718632693 47.540015472168555
-52.757670794297816 47.54001652828989
-52.75766654250602 47.54002072897074
-52.7576644286572 47.54002281740891
-52.757659642379664 47.54002754615043
-52.75765806301658 47.54002910652793
-52.75765327673904 47.54003383526945
-52.75764372827811 47.540043268947976
-52.75764107994355 47.54004588544682
-52.75763947648631 47.54004746962883
-52.757636293666 47.540050614188345
-52.75763471430293 47.54005217456584
-52.757621448535936 47.540065280864546
-52.75761826571563 47.54006842542406
-52.75759809982228 47.540088348902465
-52.75759173418166 47.540094638021486
-52.75757475110862 47.54011141694037
-52.757568385468 47.54011770605939
-52.757555119701024 47.5401308123581
-52.75752751919557 47.540158081076854
-52.757517436248904 47.54016804281606
-52.75747710446221 47.54020788977286
-52.75745994055554 47.54022484735157
-52.75745350560898 47.54022219872997
-52.757452093956154 47.54022161769419
-52.75744644734482 47.54021929355108
-52.757443392334054 47.5402180361098
-52.75743751401762 47.540215616596946
-52.75743140399609 47.54021310171437
-52.75742833827421 47.54021183986439
-52.75742081659984 47.54020874394604
-52.75740457188114 47.540202057625905
-52.75739119331256 47.54019655101208
-52.757372620831745 47.540188906585925
-52.75736250755682 47.54018474396575
-52.75735897842473 47.5401832913763
-52.75735543858154 47.540181834378174
-52.7573453145955 47.540177667349305
-52.75731240459235 47.54016412160433
-52.75729264145269 47.54015598710344
-52.75727595474602 47.540149118861216
-52.75726082378464 47.540142890963175
-52.75704699211673 47.540154998156915
-52.75704494320701 47.540560868544
-52.75705593281364 47.54081083552862
-52.75705868711418 47.54094946865573
-52.75706096195566 47.541063969010054
-52.757012905709736 47.54114499407586
-52.75698887758677 47.5411718161666
-52.7569618692315 47.54118988382496
-52.75677485965434 47.54126383083904
-52.75613895258618 47.541279849587674
-52.75563148494928 47.541298456055294
-52.75474699783505 47.54133088606591
-52.754347832970645 47.54134485590484
-52.75428225313218 47.54134849633997
-52.75411295341208 47.541357894421175
-52.75385683969834 47.541357894421175
-52.75355993405491 47.54134392458224
-52.753397883923306 47.541326974511
-52.75289682836602 47.54123150117416
-52.752877833386016 47.54122788178685
-52.752583907974895 47.54114387648874
-52.75231289309963 47.541043852441994
-52.75179992061406 47.54081996249005
-52.75173379477937 47.5407814038599
-52.751660967282824 47.54073893742425
-52.75164049554454 47.54075262424356
-52.75149798582862 47.54084790216791
-52.75115991572648 47.5410419897968
-52.7505979556724 47.541283947407095
-52.750527747772864 47.54132413070651
-52.74984488822173 47.54171496350426
-52.7493865022129 47.541892860373814
-52.74911584889403 47.541997899308754
-52.74893982892349 47.54207799305196
-52.74814749696511 47.54241855006021
-52.747592950185975 47.54265690317728
-52.7469264980672 47.54294725573338
-52.74665194183555 47.54306687138379
-52.74642581670938 47.54318589441149
-52.74632691024974 47.54325294963836
-52.74623396425472 47.54331795595552
-52.746118852781926 47.54340494148593
-52.74600895671566 47.54349490724865
-52.74591177456181 47.543627342904514
-52.74585491595838 47.54370482736166
-52.74567889598784 47.54380187117611
-52.745566951011874 47.54400992864392
-52.74552485523056 47.54426492477055
-52.745518626627145 47.54450986822127
-52.74551684585624 47.54457989807233
-52.745535844837185 47.54492988910369
-52.74555241392261 47.54543011448837
-52.7455818521734 47.54631886362253
-52.7455967112391 47.54641097668024
-52.74562394795471 47.54657982021376
-52.74573198137578 47.54678284853957
-52.74588881610085 47.5469998467043
-52.74611587254962 47.547216844869034
-52.74616882429224 47.54725620151672
-52.74632989048205 47.54737591476834
-52.7469119671042 47.547750865245256
-52.747108720169656 47.54789456025657
-52.74730498523947 47.54803789886917
-52.74749087722952 47.54822285953662
-52.74761399807663 47.548431848327034
-52.74773001045318 47.54870388364781
-52.74796883198549 47.5492638919338
-52.748004967302194 47.549331878483265
-52.748138431190704 47.54965407019635
-52.74850788150373 47.55054595061867
-52.74851844193714 47.55058510592193
-52.74857288782089 47.550786976906366
-52.74855090860764 47.550996897019374
-52.74847584400644 47.55123587439736
-52.748331742643686 47.551449858249704
-52.748314911461954 47.55147485177535
-52.748078914316274 47.55171382915334
-52.74748911522517 47.552187046213845
-52.74745697708704 47.55221283179997
-52.74705986113235 47.5525458727601
-52.74673799604337 47.5528718356685
-52.74663398520821 47.55299221087506
-52.74631890087542 47.5533568684762
-52.745905419520696 47.55385160886722
-52.74590092329459 47.553856988709946
-52.74563884911624 47.55418295161835
-52.74550790515932 47.55446290719053
-52.745417416877565 47.55475397017466
-52.745397822828544 47.55481699604132
-52.74530282792381 47.55553988863989
-52.7452711436951 47.55574799907201
-52.74520187255446 47.55620299032784
-52.74518399116063 47.556327973820146
-52.745184922483226 47.55662394814098
-52.745201760406104 47.55673200412053
-52.74524694856808 47.55702199541827
-52.74536187377636 47.55738688761116
-52.745491087880744 47.55764749630794
-52.745659897006895 47.557987963214245
-52.74582995651282 47.55822787191483
-52.746014917180275 47.558454928363595
-52.74614496555787 47.55858234014394
-52.746354849927606 47.55878796932373
-52.74681287438004 47.5591878792462
-52.747049294031235 47.5594150733647
-52.74717087478572 47.559531909812954
-52.74737688334383 47.55970792978349
-52.747719982587995 47.56010597706078
-52.74783965402973 47.56024573225142
-52.74804184767697 47.56048185886029
-52.74838494692113 47.56100284072018
-52.748415123388405 47.561060664413255
-52.74851384196834 47.56124982747249
-52.74863491390575 47.561541890238416
-52.74868986193888 47.5616998425506
-52.74891095792303 47.56170896951204
-52.74923096036682 47.561721821763854
-52.74945927199573 47.56173552364807
-52.74949787742267 47.56173784051249
-52.74992181546811 47.561780867616406
-52.75018295832387 47.56176391754517
-52.75090881264439 47.56184331453843
-52.751764902884474 47.5619369572834
-52.752341659458814 47.56200499477277
-52.7523838598814 47.56200997297488
-52.752639973595144 47.56205188249167
-52.75296481891643 47.56210198764731
-52.75344184234981 47.56216494505476
-52.75378876912308 47.5622280474836
-52.753914954228286 47.56225099926258
-52.754483992334094 47.56236983602576
-52.7550709843341 47.56250888621593
-52.75548888941457 47.562607882081146
-52.75634587633285 47.56282092011152
-52.75756890529921 47.56312495238613
-52.75777290381857 47.56317694894243
-52.7580548694295 47.56324881829133
-52.75900090692194 47.56348481543701
-52.75910248448667 47.563512680099706
-52.75976682662443 47.56369492181454
-52.76005795806776 47.56376197704141
-52.76038161186773 47.56383823834866
-52.76094886126255 47.56397189715442
-52.76162481520232 47.56413785884092
-52.761685467881584 47.56415274081073
-52.76188595805807 47.56420193383549
-52.76227897619334 47.5642889193659
-52.76260382151463 47.56435597459277
-52.76260616136471 47.56437113383424
-52.76261149337703 47.56440567846722
-52.7626179231057 47.56444733490088
-52.76262577247652 47.56449818880329
-52.76263046063728 47.56452856210019
-52.7626383100081 47.564579416002594
-52.76263883924422 47.56458284477702
-52.76265454265312 47.56459344281756
-52.762701591033 47.56462519519949
-52.76271641115269 47.56463519711883
-52.76271829116829 47.56463646591859
-52.762721913219735 47.564638910397264
-52.76271949211956 47.56466315903273
-52.7627188147487 47.56466994327039
-52.76271750424617 47.56468306866627
-52.76271452243607 47.56471293311657
-52.76271244419621 47.5647337478194
-52.76271036595636 47.56475456252223
-52.76271023040666 47.56475592012618
-52.76271009485696 47.56475727773013
-52.76268596416755 47.56499895971266
-52.76273085391665 47.56507290672674
-52.762915814584105 47.56514592241822
-52.76295957995313 47.56516604809887
-52.76296661377874 47.56516928263181
-52.76301788754056 47.56519286107703
-52.76309090323204 47.56523085903893
-52.76315386063949 47.56517386209608
-52.76322184718896 47.565063966029825
-52.76327083475748 47.56488682847217
-52.76329118511998 47.564813168273005
-52.763297196709 47.56479140871741
-52.76330520656006 47.56476241624989
-52.763308363580755 47.56475098909353
-52.76331054646076 47.5647430879382
-52.76331704512014 47.56471956538208
-52.76332438328287 47.564693004158485
-52.76333039487189 47.56467124460288
-52.763338740567114 47.56464103651339
-52.76334475215612 47.564619276957785
-52.76335343369551 47.56458785324634
-52.763359109440366 47.56456730931269
-52.76337014188884 47.564527376247526
-52.763376858772 47.56450306380832
-52.7633781685428 47.56449832296016
-52.76338189643436 47.56448482947893
-52.76338296599797 47.564480958085085
-52.76345199063167 47.56448931635743
-52.76366292157016 47.564514858227554
-52.76445994744733 47.564559934241174
-52.764782131983026 47.56457055570938
-52.76515490036804 47.56458284477702
-52.76539685797833 47.56459197173846
-52.76611993684143 47.56458694259644
-52.76650927229491 47.564571595018315
-52.76703188792688 47.56455099354426
-52.767589936426056 47.56455099354426
-52.767998925438945 47.56458575609894
-52.76809396821471 47.56459383438365
-52.76860898960998 47.56466685007513
-52.76881499816809 47.564712857411344
-52.76924191644584 47.56481083254838
-52.76943179830336 47.564861225822675
-52.770206952919224 47.56506694626213
-52.770542974111656 47.564655860468505
-52.77071582758536 47.564502937298336
-52.770790925704304 47.564456501511046
-52.77091494435627 47.564379816451215
-52.77106190706183 47.56430586943714
-52.7719369777725 47.563976926296434
-52.77196944852436 47.56396428092112
-52.772049854071064 47.56393296786993
-52.77280590175403 47.5636379248717
-52.77307691662931 47.563530822773224
-52.77301918557053 47.56345999038561
-52.77297596125996 47.56340695686803
-52.77247397838102 47.56278688228399
-52.7732978761042 47.562462812449915
-52.774509478582424 47.56198624381398
-52.77488386872896 47.56183898214636
-52.774296373745926 47.561130241520225
-52.774252990802815 47.56107790532137
-52.77419897409228 47.56099390002326
-52.77417699487903 47.560959999880794
-52.77376869930331 47.56027667936684
-52.773683952697006 47.56013484806124
-52.7736379453608 47.56005084276313
-52.773425976338075 47.559668814234485
-52.77336395025322 47.55955593793592
-52.773292480889374 47.5594268531508
-52.77327275705252 47.55939122883423
-52.773018988363866 47.558932883119574
-52.77295994251132 47.558883895551055
-52.772829929877 47.55873786416809
-52.77271792800859 47.55860320905254
-52.772675186855935 47.558551823170056
-52.77263193069321 47.5584998181127
-52.772251951074274 47.55804291124738
-52.77211895820764 47.55788384134808
-52.77206361145424 47.55781727308797
-52.77201781205698 47.55776218790227
-52.771847943332375 47.557557878439674
-52.77182987567402 47.55753683054902
-52.771616975328705 47.55728686356441
-52.77182987567402 47.55753683054902
-52.771847943332375 47.557557878439674
-52.77201781205698 47.55776218790227
-52.77206361145424 47.55781727308797
-52.77211895820764 47.55788384134808
-52.772251951074274 47.55804291124738
-52.77263193069321 47.5584998181127
-52.772675186855935 47.558551823170056
-52.77271792800859 47.55860320905254
-52.772829929877 47.55873786416809
-52.77295994251132 47.558883895551055
-52.773018988363866 47.558932883119574
-52.77327275705252 47.55939122883423
-52.773292480889374 47.5594268531508
-52.77336395025322 47.55955593793592
-52.773425976338075 47.559668814234485
-52.7736379453608 47.56005084276313
-52.77284307216057 47.560283684988654
-52.77160723343137 47.56064569925711
-52.771063955971535 47.56080484153639
-52.77063685142927 47.56013484806124
-52.77055567786038 47.56000703417239
-52.770340877108445 47.559668814234485
-52.7701989435449 47.559445855605134
-52.77000177991648 47.55913823695032
-52.76943996688422 47.55826168496846
-52.76928494354974 47.558019814447015
-52.76905099531377 47.55777990574643
-52.769001821480735 47.55773594731993
-52.76867733355317 47.55742503250701
-52.76866784919801 47.55741594487613
-52.76808689016298 47.55701882892144
-52.767779876591675 47.55673466340575
-52.767588818838945 47.556557824236705
-52.76743384675906 47.556368952014346
-52.767125951509016 47.55589397749067
-52.767110655256374 47.55587135751104
-52.76686685756297 47.55551083137492
-52.76668897494723 47.55523683626734
-52.766860897098354 47.55519995589256
-52.767635045754616 47.554958190308795
-52.76784381496557 47.554892991965104
-52.768411921748786 47.554737833620706
-52.76897165112712 47.55456750382538
-52.76901299735188 47.554554921862966
-52.769290904014355 47.55445284890651
-52.76952596983744 47.554364932053495
-52.76974687955707 47.55427496629078
-52.77026702469821 47.55404589521244
-52.77094381535673 47.55374783770176
-52.771182978999235 47.553638872958096
-52.77140779475389 47.55353755687427
-52.77143592621616 47.55352487907242
-52.771903822688095 47.553314958959405
-52.77257064249856 47.55301070907299
-52.77265987037107 47.55296999707006
-52.77284892885795 47.55288394286224
-52.77377181882651 47.552480626171494
-52.77472088727476 47.55206586909441
-52.775018660968875 47.55192895269319
-52.775503943313 47.551705819779016
-52.776197967231255 47.551397187239225
-52.776879879315494 47.55109394083382
-52.77731663968764 47.55090446838255
-52.77768193433468 47.550745998712166
-52.77845638879774 47.55041369859523
-52.77889395756038 47.55022594817488
-52.77910089744108 47.55014995225109
-52.77970499120204 47.54988351149811
-52.78096110103906 47.5493294934426
-52.7813319738507 47.54916591679676
-52.781496817950085 47.54909383242787
-52.78213730131763 47.54881527336232
-52.783259570909955 47.5483271758023
-52.78355895244089 47.54819696876847
-52.78430196160753 47.54789987686053
-52.784422135343824 47.547854407174846
-52.784716958956054 47.547742855870936
-52.78509582098788 47.54760986300431
-52.78551398483322 47.54746383162134
-52.78577520807085 47.54737629359176
-52.78716980800921 47.54690895182015
-52.78778790208223 47.54670182347376
-52.78847168983924 47.546463060084264
-52.78978693400265 47.54600380624234
-52.79005287863432 47.54591094432572
-52.79090392122203 47.54559690234654
-52.79114849818998 47.54550047901894
-52.79164190124665 47.54530595716773
-52.79250572392989 47.54494140116308
-52.79269895239246 47.54485985364452
-52.7936522308726 47.54444944299757
-52.79479130224076 47.54395904378383
-52.795190985393326 47.54378697001458
-52.79612271783687 47.54338143757346
-52.79734910686613 47.54284765715157
-52.79767482275534 47.5427058907458
-52.79857617772801 47.542324354687175
-52.799075904467905 47.54211282451703
-52.799776133542245 47.54180524044472
-52.80095726496881 47.54128641420997
-52.801579858397986 47.54101293253183
-52.80213231030329 47.54078006371896
-52.80335451516903 47.540264881504136
-52.804103928896126 47.539948989598805
-52.8036138465956 47.5394206474545
-52.80302787876936 47.53878893417393
-52.80286191708286 47.53860788506138
-52.80285220503453 47.538595790566895
-52.80272296375162 47.53843484532315
-52.802652928292446 47.5383309097215
-52.80259090220759 47.53822697411985
-52.80253893440676 47.53811894069878
-52.80249199574796 47.538012956187416
-52.80245790934096 47.53786096433984
-52.802439841682606 47.53771083513746
-52.80244382883359 47.53765102787288
-52.80244989996664 47.537559960877
-52.80248193746392 47.53741299817144
-52.802525895890426 47.53730496475037
-52.802578981278366 47.537197862651894
-52.80266186898936 47.537058909320656
-52.802764873268416 47.53692796536374
-52.80261399900795 47.53685792990456
-52.80244785105693 47.53677187569674
-52.80231597577742 47.536688987985755
-52.80231425797394 47.536686935001114
-52.80225488101516 47.53661597229427
-52.802214834143555 47.536527869176744
-52.80217497353647 47.53607692277603
-52.802155974555525 47.53583086734632
-52.80214290600341 47.53571340233716
-52.80213995580688 47.535686884873066
-52.802107918309595 47.53555389200644
-52.80198181723018 47.53527393643425
-52.80190284107408 47.53513088528359
-52.80180393461445 47.53499491218466
-52.801612225809 47.534786867290535
-52.801580975985104 47.534752954574365
-52.80144295397646 47.53459295335247
-52.80133994969741 47.53444692196951
-52.801205839243664 47.53426084371494
-52.80111382457123 47.53408892156382
-52.80104852231455 47.53392477543681
-52.80103186818283 47.53388291300571
-52.80096499922048 47.533636857576
-52.8009329617232 47.53340086043032
-52.80086685661019 47.53295290223537
-52.80080797823089 47.532553915662035
-52.80068177291087 47.53201840425451
-52.80065784902851 47.53191689100676
-52.80037882477892 47.53143893625078
-52.80006576250038 47.531208319471006
-52.799771974975734 47.530991901404974
-52.79958794563088 47.53069499576155
-52.79953895806236 47.53055697375291
-52.79950394033277 47.530414853924846
-52.799518134362714 47.53029933531488
-52.79962091445075 47.52946285596779
-52.79958731264461 47.52945959454847
-52.799075904467905 47.529409956844376
-52.79897997824058 47.52934495052721
-52.79893099067206 47.5292208983575
-52.79891981480091 47.52893181582388
-52.7989069625491 47.52873791445951
-52.79889895317478 47.5286129309672
-52.79890630574699 47.52857962814011
-52.79893695113667 47.528440822551566
-52.79929495154236 47.52823686290317
-52.799471902835485 47.52816589612139
-52.79992502774045 47.527998552635935
-52.80023297966047 47.52788482296209
-52.80044383109608 47.527787965412166
-52.80110041477369 47.52750043183979
-52.801322999626166 47.527402956651216
-52.80196095560404 47.527129892866235
-52.80213492666486 47.52705687717476
-52.8022291419652 47.52694965623104
-52.80225096946025 47.52692481563072
-52.80218782578829 47.5267538248022
-52.801909919125805 47.5266239984324
-52.8012029549532 47.52638674546858
-52.80037193299171 47.52610785945001
-52.79997405974231 47.52600636961811
-52.79920796601194 47.525810953806584
-52.79864560666337 47.52562501005315
-52.79849084761346 47.525573839073786
-52.79832693483666 47.52546785456243
-52.7982589482872 47.525397819103254
-52.79803785230304 47.52489490490172
-52.79795128132023 47.52471272339573
-52.79780595297678 47.52440689186171
-52.7976919590911 47.52416884580632
-52.797643902845174 47.52399189451319
-52.79716712978558 47.52404726255974
-52.79697186046031 47.52406993934668
-52.79603290101959 47.52418989369698
-52.79591499557901 47.52420498112302
-52.79581619324001 47.52421763874986
-52.7957128985758 47.52423087189118
-52.795265863729995 47.52428693751142
-52.794835965219946 47.52434188554455
-52.79442692833603 47.52439385334537
-52.794392403699995 47.524397927681306
-52.79436695116088 47.5244009313971
-52.79420583235188 47.52441788146834
-52.793927925689395 47.52444693873331
-52.7938498808559 47.52445494810764
-52.79369285986631 47.524471898178874
-52.79314598723827 47.524475995998294
-52.793008072577 47.52446990705078
-52.79289285375683 47.52446482012715
-52.79270994199909 47.52468181829188
-52.792633946075306 47.52473192344752
-52.79257285131305 47.52479488085497
-52.79243296665921 47.52486789654645
-52.792192871694105 47.525002938322785
-52.79192077122397 47.52515847723532
-52.791508908380024 47.52539390754835
-52.791059824624504 47.52564983499757
-52.79084748966211 47.52578421553561
-52.79048296340889 47.526014913454986
-52.790447945679304 47.52603689266824
-52.790009851530414 47.526236940761734
-52.78967656811834 47.52636518273927
-52.78958386457526 47.52640085353853
-52.78912695770995 47.526572961954166
-52.788782927143195 47.526717875750016
-52.78846787055214 47.52684335518542
-52.78845882687998 47.52684695706174
-52.78823083910862 47.52693394259216
-52.78801197829869 47.527017947890265
-52.787248852564 47.52728598253323
-52.787211878959965 47.52729956546776
-52.78689494997773 47.52741599516755
-52.78661983728304 47.527518999446606
-52.78628996281974 47.52764994340352
-52.78593587396895 47.52779187696707
-52.78588116555037 47.5278144454044
-52.78509693857499 47.52813795644353
-52.78471666300751 47.5282914207675
-52.7845319982886 47.5283659442149
-52.78374596201806 47.52864087064506
-52.783394402179766 47.528768138412616
-52.78294483832147 47.528930884501285
-52.78244788458454 47.529129815007664
-52.78225284809235 47.52931046755857
-52.78214986135401 47.529405859024955
-52.78188685585305 47.52973293952047
-52.78138990211613 47.530059833751466
-52.781331805992544 47.53008918394763
-52.7810138340521 47.530249823560936
-52.78058486686464 47.53041597151196
-52.78018681958736 47.530650851070526
-52.78018204197125 47.530654386152115
-52.77924328930528 47.531348993501744
-52.77867993962794 47.53176583048178
-52.77859816804999 47.53171185788904
-52.7778810676915 47.531238542263075
-52.7777709687748 47.5311658724658
-52.77760686973349 47.53097495133374
-52.77750889459645 47.53074081683325
-52.77678488441076 47.530827988628175
-52.77664829968344 47.53084289962461
-52.77640099323692 47.53086989814497
-52.77605882531536 47.53099097008238
-52.77569281553536 47.53116084332379
-52.77552387361654 47.531260867370534
-52.775426870853615 47.53132776298341
-52.7753048265421 47.53141192789551
-52.77516699079798 47.531503942567944
-52.774983892775715 47.53156187083338
-52.774625892370025 47.53163097496996
-52.774293968997014 47.531667855344736
-52.774277950248376 47.531537842710414
-52.77424181493167 47.53128992463552
-52.774248892983394 47.531087827632305
-52.774248892983394 47.53102393890226
-52.77425895126743 47.530827988628175
-52.77426114485163 47.53081194082797
-52.77435096593986 47.5301548286562
-52.77428391071299 47.52992199800734
-52.77423688483741 47.52984914542085
-52.77414383979463 47.52970499984261
-52.77374691010446 47.52934197029491
-52.77349899202955 47.529181969073015
-52.77328888565202 47.529092934632885
-52.77324860816931 47.52908243398562
-52.77318886160528 47.52906685760021
-52.77286587892918 47.52905288776128
-52.77264888076444 47.52904692729667
-52.7723478773016 47.52910187532981
-52.77190196004291 47.529260945229105
-52.771851231004675 47.52928001235038
-52.771739909911304 47.52932185372685
-52.770607980428814 47.52974188021739
-52.77000690482572 47.529971916898454
-52.76982287548086 47.530041952357635
-52.76935578042277 47.53023800236938
-52.76893886407328 47.530412991279654
-52.76817797351281 47.53073783660094
-52.76810573424452 47.530773658709265
-52.768064910949725 47.530793902221184
-52.767942179988665 47.53086026849997
-52.76785730914494 47.53090616207096
-52.76728092358889 47.53121784026663
-52.76699871224266 47.53136406131551
-52.76694695130617 47.53139088000486
-52.766809202718065 47.531480469162915
-52.76675366669196 47.531516588776846
-52.766580941526165 47.53162892606025
-52.76656922803577 47.531625144704385
-52.76595490647752 47.53142682905704
-52.765881890786034 47.53138082172083
-52.76579881681052 47.531316932990784
-52.765749829242 47.53121486003432
-52.76577590627467 47.53113197232333
-52.76586196048249 47.531054858812425
-52.76606968289276 47.53094733522299
-52.76681380216066 47.53056215591303
-52.766865894399885 47.530535191347504
-52.76702558296939 47.53045253157015
-52.767170116071696 47.53037771673466
-52.76734069529362 47.53028941961641
-52.76778998451955 47.53005685351916
-52.76802255371787 47.52996439643214
-52.768115286812986 47.52992753070828
-52.768199952726064 47.52989387206496
-52.76833294559269 47.52987990222603
-52.76847394783364 47.52989796988438
-52.76857099164808 47.52998383782768
-52.76890667124413 47.53037543569567
-52.76893886407328 47.530412991279654
-52.76817797351281 47.53073783660094
-52.76810573424452 47.530773658709265
-52.768064910949725 47.530793902221184
-52.767942179988665 47.53086026849997
-52.76785730914494 47.53090616207096
-52.76728092358889 47.53121784026663
-52.76699871224266 47.53136406131551
-52.76694695130617 47.53139088000486
-52.766809202718065 47.531480469162915
-52.76675366669196 47.531516588776846
-52.766580941526165 47.53162892606025
-52.76656922803577 47.531625144704385
-52.76595490647752 47.53142682905704
-52.765881890786034 47.53138082172083
-52.76579881681052 47.531316932990784
-52.765749829242 47.53121486003432
-52.76577590627467 47.53113197232333
-52.76586196048249 47.531054858812425
-52.76606968289276 47.53094733522299
-52.76681380216066 47.53056215591303
-52.766865894399885 47.530535191347504
-52.76702558296939 47.53045253157015
-52.767170116071696 47.53037771673466
-52.76734069529362 47.53028941961641
-52.76778998451955 47.53005685351916
-52.76802255371787 47.52996439643214
-52.768115286812986 47.52992753070828
-52.768199952726064 47.52989387206496
-52.76833294559269 47.52987990222603
-52.76847394783364 47.52989796988438
-52.76857099164808 47.52998383782768
-52.76890667124413 47.53037543569567
-52.76893886407328 47.530412991279654
-52.76817797351281 47.53073783660094
-52.76810573424452 47.530773658709265
-52.768064910949725 47.530793902221184
-52.767942179988665 47.53086026849997
-52.76785730914494 47.53090616207096
-52.76728092358889 47.53121784026663
-52.76699871224266 47.53136406131551
-52.76694695130617 47.53139088000486
-52.766809202718065 47.531480469162915
-52.76675366669196 47.531516588776846
-52.766580941526165 47.53162892606025
-52.76656922803577 47.531625144704385
-52.76595490647752 47.53142682905704
-52.765881890786034 47.53138082172083
-52.76579881681052 47.531316932990784
-52.765749829242 47.53121486003432
-52.76577590627467 47.53113197232333
-52.76586196048249 47.531054858812425
-52.76606968289276 47.53094733522299
-52.76681380216066 47.53056215591303
-52.766865894399885 47.530535191347504
-52.76702558296939 47.53045253157015
-52.767170116071696 47.53037771673466
-52.76734069529362 47.53028941961641
