37.52076170021314 55.80335387132236
37.52235373657064 55.802969030220865
37.52270592427342 55.80288389629611
37.523926251218086 55.80256149608453
37.52443185130727 55.80242792075339
37.525476981523866 55.80210884963219
37.52548506807865 55.80210677868523
37.52564499212008 55.80206582252829
37.527077044703354 55.80169835703393
37.52717590020245 55.80167299065753
37.52861170447947 55.80130793191318
37.52984693340615 55.80099387022094
37.53025058652536 55.80088365379626
37.53042882376378 55.80083498658616
37.53097495133374 55.80066697598995
37.53147395398037 55.80050287694863
37.53177776020546 55.80038232998317
37.53220485595327 55.80021286309241
37.53285696803459 55.799954886733474
37.533111816789955 55.79984261424968
37.534397253503016 55.79927632083253
37.53577883748162 55.7986676701659
37.537178535294885 55.79805103953011
37.53858863338216 55.79742982709993
37.53997068129659 55.79682097204844
37.54110587852685 55.7963208659661
37.541381795027625 55.796195473836825
37.54277081034996 55.79556422638197
37.54301583490556 55.795452873307156
37.54415223897791 55.79494484113726
37.54551220176173 55.794336866508466
37.54608696429626 55.79407991753697
37.54614098100679 55.79405588941401
37.54881654948221 55.792877066495485
37.551324908837486 55.79177191388097
37.55152542295541 55.791684356949744
37.5528315667819 55.791114013343126
37.55422895895457 55.79050382503503
37.554289662889985 55.79047725097905
37.555588573983584 55.78990863321352
37.557035859261426 55.789275062428864
37.55833299886516 55.78870722015953
37.5591059228578 55.78836886111726
37.55957996605888 55.78815782341714
37.559807616138194 55.788056864931704
37.56110801800486 55.78748016140799
37.56194291774801 55.78710989923276
37.562466552416296 55.78688112337853
37.56384335499533 55.78627959867972
37.56415387758957 55.786143931436776
37.565233101954334 55.78564669747492
37.56661991670965 55.785007746560105
37.56765695440002 55.78452994937889
37.56799709226112 55.78437314645982
37.569388350869986 55.783731778838046
37.57077617217349 55.783091995807624
37.57144892747959 55.78278185686727
37.57215700572794 55.78245867604453
37.57350825947207 55.78184193729034
37.57378896863287 55.781713816114824
37.57408587427629 55.78156890231897
37.57485789806704 55.78121143998013
37.57626984962368 55.78055767838391
37.57723896005539 55.78010896101838
37.57753183819372 55.77997262259979
37.57887324470645 55.77934818117282
37.57991781636889 55.77886192006309
37.58023072258913 55.77870471804775
37.58077388809861 55.77843183528852
37.58087484346795 55.77838489662971
37.58146351372795 55.778102122876774
37.58279910468801 55.777460558160776
37.58350191824515 55.7771229545129
37.58353283815532 55.777108984673966
37.584064269651165 55.776845006471504
37.58430192435463 55.776726956145325
37.5851769950653 55.77629295981585
37.58527999934435 55.776240992015026
37.58540859781358 55.77616943567983
37.58582296041749 55.77593887096507
37.58659677891299 55.775508221285
37.58669784486363 55.775451975512176
37.58776339786965 55.7748376640618
37.58823992881715 55.774562934962574
37.58883988683313 55.77420884611179
37.58899064657718 55.774120141713425
37.590180459885424 55.773420076358846
37.59062597730665 55.77315794169511
37.59096684137658 55.77295994251132
37.59139405507079 55.772711762307885
37.59196689557955 55.77237898347629
37.5925232464627 55.772053269374474
37.592803968328326 55.771888921526575
37.593701657355005 55.771362110610795
37.594047842786786 55.77115895087627
37.59490010466946 55.77065529385403
37.59495495099473 55.77062288159034
37.595707832180885 55.77017081760252
37.595835982170016 55.77008290074951
37.59608557240465 55.76991218102902
37.59648790798682 55.76963698349082
37.596616989298546 55.76954291990868
37.5967609717718 55.769447925003945
37.597318834006465 55.76913891216678
37.59733235920043 55.76913149033883
37.59806594099252 55.76872894396027
37.59866786887348 55.76839229341136
37.599152980725904 55.768120976569975
37.599529980112536 55.76790584105043
37.59966781585666 55.76782295333943
37.599955471293335 55.76765944630076
37.60085897745622 55.76714588181255
37.60126753940292 55.766926719443795
37.60150587413101 55.7667988710135
37.60261266705575 55.76620510558897
37.60313494361493 55.76592491788994
37.60331990428239 55.76582582516579
37.60391914007547 55.76547598091648
37.60424992302619 55.765282864092654
37.60516895216336 55.764763931142475
37.60521177181423 55.76474224299962
37.6055558235695 55.7645679808684
37.605644858009626 55.7645279339968
37.60574786228868 55.764472985963664
37.605839876961106 55.76441394011111
37.60626601683041 55.7640807406092
37.6063668192856 55.76400192299489
37.607211372000855 55.763343235343115
37.60740785168278 55.76318999595619
37.608228905682914 55.76251385575191
37.608262423157264 55.76248669543279
37.60850290079049 55.76229182844517
37.6090788306835 55.7618159225989
37.60927986130683 55.76164525374348
37.60960297904021 55.7613709366628
37.60982984922446 55.76116194787238
37.6101883390732 55.76079033102444
37.61053690933891 55.76042899698978
37.61105325320121 55.75989654268084
37.61172490444165 55.75920393524775
37.61192513676127 55.75899342738553
37.612254826998445 55.75864681807116
37.61242581782697 55.758474895920045
37.61275289832248 55.75818786229613
37.61280032950115 55.758151235242515
37.6131658467613 55.75786897743946
37.61334093540924 55.75775889510867
37.61390611235115 55.75745882693848
37.6141359123767 55.75733681970843
37.61475188914132 55.757012905709736
37.6148258361554 55.75697490774784
37.614894940291975 55.75694398783767
37.61495398614453 55.75692293994702
37.61501191440996 55.75690990143068
37.615058853068774 55.7569139992501
37.61525089178795 55.756997818283686
37.615476830649605 55.757091881865826
37.61556919480736 55.75712717368629
37.61570984756298 55.75718091630595
37.61612894273093 55.757416913451635
37.61675945421833 55.757796802311375
37.61721281596749 55.75806995685555
37.61782096962231 55.7584558969391
37.61800190688958 55.75851933795981
37.61801487098668 55.75852388348856
37.61827899407474 55.75856784191507
37.618389821463595 55.75858590957342
37.61861482900265 55.75862390753531
37.61866791439059 55.75863284823223
37.61888193232302 55.758669914871525
37.61902386588657 55.75869282540737
37.61956339630031 55.75878161868808
37.62006284937403 55.758863816235895
37.62021689013132 55.75888989326857
37.62035081432054 55.758912990068936
37.62118198235149 55.75905902176396
37.62155091661701 55.75912384150454
37.622131875652045 55.759218836409275
37.62269197306094 55.759293901010466
37.62276182225559 55.75930284170738
37.62285194935636 55.7593138928909
37.62379782551075 55.7594298741094
37.62454964056793 55.75952232987736
37.62479899730084 55.759552994956515
37.62489399220558 55.75954982845969
37.62501096632356 55.75953790753047
37.625267825095385 55.7595069876203
37.62541497406546 55.75948295949734
37.62557683793255 55.75944999067746
37.6256759306567 55.759420933412486
37.62577185688403 55.7593859156829
37.62582382468486 55.75936393646964
37.62591397671209 55.759320909365734
37.62596829846951 55.75929046975204
37.6260389602044 55.75925087390656
37.62610098628925 55.75921585617697
37.62631090640227 55.75909497050408
37.62673391312511 55.75885282662927
37.62712435102697 55.75860714385604
37.62725992412701 55.75852183457885
37.62757582875138 55.75832197274987
37.62768889131447 55.75824094768407
37.62787292065932 55.758111866372346
37.62815091193672 55.7578975005104
37.62815287623151 55.757895985794725
37.628236056718315 55.75787436487397
37.62841085259045 55.757828930567854
37.6286358601295 55.757726857611395
37.62907581692358 55.75744299048431
37.6294620415431 55.757174393027086
37.629541850750336 55.75711889022109
37.62974096752124 55.75698999517389
37.63007382221685 55.756769830512326
37.63010883994644 55.75675083153138
37.630154847282654 55.756734999047254
37.63019899197368 55.756726989672934
37.63024984218739 55.756722891853514
37.63029882975591 55.75672494076323
37.63034092553722 55.75673090122784
37.630386932873435 55.756739841924755
37.63042995997734 55.7567539980282
37.630726865620765 55.756874883701094
37.63090083668159 55.75692983173422
37.63097585001432 55.75696062668134
37.6313078246558 55.75709691100784
37.63148682485864 55.7571628486476
37.63160081874432 55.75720196419661
37.63166191350658 55.75722189450015
37.63169898014588 55.75723288410678
37.63174088966267 55.7572438737134
37.63186792206469 55.75726790183637
37.63232184869771 55.75735283845707
37.63254542393357 55.7573903042994
37.63256082607569 55.75739288532867
37.63275584502718 55.75742585414855
37.63317698910483 55.75749086046571
37.63351394161986 55.75753593647933
37.633563860510975 55.75753984803423
37.63370896057134 55.75755586678287
37.63380898461809 55.7575649937443
37.63391496912945 55.75757095420891
37.63412842380677 55.75758338501375
37.63413885908139 55.75758399272525
37.63447190004152 55.757600942796486
37.6347859420207 55.757615843958014
37.63522887904709 55.75763484293896
37.63563083787928 55.75766185129423
37.63577903271102 55.75767249294439
37.635840944256806 55.75767693872028
37.63602981647916 55.75769090855921
37.6362859301929 55.757715868004766
37.63638986579455 55.757723877379085
37.6364928700736 55.757732818076
37.63659587435266 55.75774492526974
37.63671396605776 55.75775982643127
37.63682591103373 55.75777789408962
37.63700286232687 55.75781384314181
37.6372979053251 55.75787791813637
37.63733842666584 55.757887030906375
37.63775592977753 55.75798092241543
37.63806587393729 55.75804686005518
37.6384348639496 55.75813086535329
37.6386358433657 55.75817799027662
37.63899046947529 55.758261789320336
37.63918998030998 55.75830893423354
37.63976199864809 55.758441927100165
37.63988884478559 55.75847284701033
37.64019599497756 55.75854381379211
37.64027683377885 55.75856299903757
37.640438883910456 55.75859391894774
37.640577645369824 55.75861857631491
37.6407428676056 55.758647935658274
37.640985942803006 55.75868295338786
37.6413254657988 55.75873910833693
