37.3652501744134 55.81811404901247
37.364657872125306 55.81816596876456
37.3645708865949 55.818159822035426
37.364527859490984 55.81815497915793
37.36448390106448 55.81813989173189
37.36440194467608 55.81810599158941
37.363605780884455 55.817772705555775
37.36271289801701 55.81739893147496
37.36249496852968 55.81731697508656
37.36197827532432 55.817720081326534
37.36132485482078 55.81822985749461
37.36116783383119 55.8183518607546
37.36103133235653 55.81846427373374
37.36095884504077 55.81852396917024
37.36041793287735 55.81891382080869
37.360078931452605 55.81906190110136
37.36030886368693 55.81926526046047
37.36046896935557 55.81940686299071
37.360746876018055 55.81966297670446
37.36104285033888 55.82003084912965
37.36110891151316 55.820123624224706
37.36145095590019 55.82060398505488
37.361626975870735 55.82101581590658
37.36166687814256 55.8211092054985
37.36187098239074 55.8215869029221
37.36205840910486 55.822039868503005
37.36219992553144 55.82238187988956
37.36245047846665 55.8229181534849
37.36254097586589 55.82311185053986
37.362803981366845 55.8234899675136
37.36293585664635 55.8236499687355
37.363022491667344 55.82377855595863
37.363065869280675 55.823842938777275
37.363580890675955 55.824347901888515
37.36381532716073 55.82455811157962
37.36435593733987 55.825042854809226
37.36467582338642 55.82533672141658
37.36548488659005 55.8260799756515
37.36553760889557 55.8261222203741
37.366365917765336 55.82678591817884
37.366512518759016 55.82692032359593
37.36658086702036 55.82698298604003
37.36682599112748 55.82715881974605
37.36727190838617 55.82743393244074
37.36750921148908 55.82754833146309
37.36764089839848 55.82761181505647
37.36810283440581 55.827783923472104
37.36856290776796 55.827954914300626
37.36881110422896 55.828028434861736
37.36909990837648 55.82811398419992
37.369783871690565 55.82829093549306
37.37026360706932 55.828425408841966
37.371092938730705 55.828657876595656
37.37127193893355 55.828721951590225
37.371641860268454 55.828855875779446
37.371716924869645 55.828874874760395
37.371722682937616 55.82887627568894
37.37321164426664 55.82923853755075
37.374273964187665 55.82949699825414
37.37477717419947 55.82962257211345
37.3764802271967 55.8300475615462
37.37765596906072 55.830340962790125
37.378000930950066 55.83041584112679
37.37819556424921 55.83046778389581
37.379731303741494 55.830877634430514
37.381099813754105 55.83124285559154
37.38125891634656 55.83128261066249
37.3814598630695 55.83133282135426
37.382631839423595 55.831581857016275
37.38291517821374 55.83163507673612
37.382983879364666 55.83164798092055
37.38351287059887 55.83171596747002
37.38452516596414 55.831793548355826
37.38532596942766 55.831854920801256
37.38596783696043 55.8319148979764
37.38619621599667 55.83194178047398
37.38631596534661 55.8319558761706
37.386655898093935 55.832000952184224
37.38671817856316 55.83199753914202
37.38687068408015 55.83198918166218
37.38700621987447 55.8319817541429
37.38703997553229 55.83197990429356
37.38709754626067 55.831957948272986
37.3871239808304 55.83194786679629
37.387181483950265 55.83192619335404
37.38726614956164 55.83189428212483
37.38734117999618 55.83186600248029
37.3874254772603 55.83183423008446
37.387428895848146 55.831832941588
37.38743709784215 55.83182867565437
37.387448333744075 55.83182283175693
37.38745389439064 55.83181993961276
37.387457273093595 55.83181818231782
37.3874610584321 55.83181621352794
37.38747955971866 55.83180659083614
37.387482711459974 55.83180495158607
37.38748952447834 55.831801408071634
37.38750785779955 55.83179187274018
37.38751416114726 55.83178859431022
37.387522569934674 55.83178422082141
37.38753181119273 55.83177941435685
37.38754301462952 55.83177358734482
37.38754416396621 55.83177298956408
37.38754669693294 55.83177167214445
37.38754951854259 55.83177020459894
37.38755091586729 55.83176947783733
37.38756006735583 55.83176471806273
37.38756827388596 55.83176044976982
37.38757750144934 55.83175565042799
37.38758107902573 55.831753789697125
37.387592515493 55.83174784148377
37.38759555643845 55.83174625985966
37.38760268632287 55.83174255154024
37.387610732513515 55.83173836664139
37.38761269681326 55.83173734499077
37.38761796543304 55.831734604732446
37.38762135570967 55.83173284141794
37.38763200755802 55.83172730129221
37.3876431233463 55.83172151986698
37.387648884558224 55.8317185234069
37.3876512626903 55.83171728651821
37.387658007394585 55.83171377853457
37.38767593238832 55.83170445557805
37.38769401772153 55.83169504922746
37.387703428207786 55.83169015474574
37.387719902949335 55.831681586078915
37.38774191688204 55.83167013642707
37.38777165745436 55.83165466807787
37.38778319582879 55.831648666861646
37.38780791958224 55.83163580780675
37.38782019684487 55.831629422287875
37.38783204601653 55.83162325942312
37.38783342075784 55.83162254440733
37.38783480650887 55.831621823665294
37.38783773891437 55.831620298493824
37.387840808512 55.83161870196744
37.38784230887181 55.83161792161631
37.387844181710115 55.83161694753563
37.38784611128884 55.83161594394373
37.38784782378766 55.83161505325711
37.38784957044352 55.831614144805094
37.38785140856082 55.83161318878314
37.387853728260545 55.83161198228566
37.38785540547438 55.83161110995109
37.38785654605728 55.83161051672328
37.38785773067896 55.831609900590486
37.38785884811452 55.83160931940183
37.38786038263135 55.831608521285304
37.387861647704774 55.83160786330881
37.38786313098605 55.83160709184038
37.387868841526384 55.831604121735054
37.38786986086771 55.83160359156612
37.38787368586811 55.831601602147714
37.387875644099026 55.83160058365354
37.38787792907775 55.83159939521478
37.38787916606295 55.83159875184724
37.38788048900473 55.83159806377287
37.3878823673479 55.83159708682906
37.38788597526839 55.83159521031594
37.38788769327206 55.8315943167662
37.38788927958844 55.83159349170825
37.38789054522584 55.83159283343843
37.387894623155105 55.83159071246936
37.387896747794336 55.83158960742467
37.387900957410906 55.8315874179638
37.38790591928153 55.831584837248585
37.38791231678085 55.83158700208959
37.38793033785271 55.83159310021533
37.38795065260351 55.83159997449593
37.38797112759685 55.83160690300078
37.38799884652087 55.83161628276939
37.388020375661576 55.83162356798571
37.38802709958672 55.83162584328551
37.38802812546154 55.83162619042988
37.38803032644837 55.831626935218786
37.388031554974575 55.83162735093808
37.38803347475422 55.83162800056967
37.38803454303786 55.83162836206471
37.388035889397784 55.831628817657595
37.388037516964886 55.83162936840779
37.38803962525963 55.83163008183075
37.38804261332293 55.83163109295738
37.38804480017349 55.831631832962735
37.3880466948115 55.83163247408669
37.38805329777201 55.83163470845342
37.38806621148047 55.83163907830548
37.388101095779376 55.83165088275544
37.388125733948016 55.83165922003146
37.38815677555671 55.831669724158765
37.38815984217582 55.83167076186779
37.38816143046502 55.831671299326786
37.388172182464544 55.83167493768113
37.38817330103147 55.83167531619145
37.388175608846666 55.831676097129865
37.3881771295854 55.83167661173056
37.38818179862999 55.83167819168214
37.38818989718759 55.831680932141914
37.388202810896054 55.83168530199397
37.38820523654498 55.831686122805976
37.38821160070712 55.83168827636606
37.38822482076441 55.831692749883075
37.388231555694915 55.83169502890695
37.38823489251585 55.8316961580492
37.38824863257868 55.831700807530176
37.38825680969211 55.83170357457235
37.38827288271177 55.831709013499385
37.388274417586786 55.83170953288363
37.38828439351522 55.83171290862435
37.38829135936964 55.83171526579024
37.3882989374168 55.83171783011521
37.388245690413015 55.83175901308648
37.38824430943849 55.831760081177265
37.38824330680775 55.831760856644614
37.388241958933385 55.83176189913466
37.38823998677207 55.83176342446861
37.38823822745377 55.831764785182834
37.38823534253314 55.83176701647464
37.38823425003097 55.83176786145149
37.38823164415367 55.831769876922074
37.38822974280862 55.83177134748442
37.38822675858753 55.83177365557844
37.38822535394189 55.83177474197724
37.388222166503915 55.83177720724584
37.38822066255781 55.83177837044686
37.388218591096035 55.83177997258304
37.388217054049775 55.8317811613848
37.388215767365544 55.83178215654839
37.388213804830364 55.83178367443718
37.38821227741023 55.831784855793785
37.38819885042768 55.83179524066049
37.38819558274441 55.83179776799342
37.388189235761345 55.83180267695735
37.388187377142586 55.83180411447379
37.38818475221012 55.83180614468226
37.38818224563328 55.83180808335064
37.38817732235103 55.83181189117787
37.388175444677096 55.831813343432195
37.38817439490122 55.83181415536314
37.38817303278475 55.83181520886848
37.38817161871008 55.83181630256001
37.388169982363365 55.831817568163984
37.38816769363971 55.83181933833759
37.38813779887933 55.83184245992135
37.38813622912713 55.831843674018955
37.3881204472206 55.83185588026075
37.38810456080635 55.83186816733223
37.38809996430387 55.831871722417326
37.388087256489875 55.83188155105559
37.38807520606297 55.83189087124921
37.388068523462415 55.83189603979067
37.38806538316959 55.83189846859567
37.38805797698163 55.831904196783256
37.38804781827364 55.8319120538597
37.3880463847496 55.831913162594
37.38804508942476 55.831914164440526
37.38803938578381 55.83191857582266
37.388038383153074 55.83191935129001
37.388036846106814 55.83192054009177
37.38803085399352 55.83192517458784
37.38802489498038 55.83192978348317
37.38802266744686 55.83193150633032
37.38801394648468 55.831938251407216
37.38800240680218 55.83194717657444
37.38800100637829 55.831948259708
37.38799886527655 55.83194991570599
37.387997825916266 55.83195944834623
37.387995199877665 55.83198353343161
37.387993200765344 55.83200186857373
37.387990836222265 55.83202355531583
37.38798710563518 55.83205777092419
37.38798433025406 55.832083225725675
37.38798338251941 55.83209191800845
37.38798119135258 55.83211201460568
37.387979142431035 55.83213080658013
37.387975381668184 55.83216529894985
37.38797390583099 55.83217883479995
37.387972637330925 55.83219001451387
37.38797080116625 55.83220619724523
37.38796843637229 55.83222703896267
37.38796637419648 55.832245213605454
37.387963525025995 55.83227032429466
37.387961515425864 55.8322880355705
37.38795993599206 55.83230195564707
37.38821586344129 55.83234982562847
37.388439939657744 55.832418929765055
37.388643899306146 55.8324828184951
37.38865946921941 55.832486168110904
37.389443905415625 55.832654926910735
37.389769868324024 55.83267988635629
37.39002896227007 55.83267094565937
37.39020498224061 55.83265585823333
37.39022329071506 55.83265301872456
37.3903659147851 55.83263089878777
37.390605823485686 55.83259290082588
37.391017840601904 55.83252696318612
37.39139782022084 55.83247890694019
37.39183652612237 55.83244255268084
37.39209687096097 55.83242097867476
37.39225091171826 55.832399930784106
37.39242581410168 55.83236491305452
37.392592893375294 55.832321885950606
37.392760903971514 55.83226786924007
37.39289687707045 55.83221497011665
37.39302390947246 55.83216281605131
37.393212967959336 55.832060929359365
37.39325108438977 55.8320402552804
37.39400384710738 55.83163196217191
37.394375430902485 55.83139256474326
37.39457195389059 55.83126595239191
37.39464292067236 55.83117486904207
37.39467793840195 55.83105286578207
37.39466788011792 55.83087181666952
37.39459281551673 55.83050990470893
37.39456622142112 55.830426709276146
37.39455798405166 55.830400939965266
37.394536936161 55.8303338847384
37.3942745993889 55.82948393120328
37.393984086529834 55.82854268903741
37.39387085424075 55.82817582402026
37.39375499770988 55.827816892291985
37.39368483312134 55.82757426383837
37.39364193514679 55.82742592306642
37.39355494961638 55.827019866414815
37.39349300582238 55.826680528343296
37.39347392455058 55.82657599806583
37.39334087004995 55.82571953613821
37.39325096592123 55.82514082994627
37.393171989765136 55.8247839471277
37.393165044156426 55.82475670058702
37.39304886891802 55.82430096322971
37.39290904510752 55.82383436494711
37.39286483957317 55.82368684911028
37.39262868111776 55.822938570261435
37.392337055470826 55.82201454108363
37.392203973059445 55.82159286338671
37.39203902580126 55.821070247601725
37.391859942492694 55.82050284342102
37.39174974780787 55.820154153267694
37.391477913964046 55.819293986692145
37.391463210601046 55.81924774823155
37.391156160451274 55.81828215102406
37.390858446570824 55.817345914087504
37.39053900838829 55.816341359563566
37.39048195758049 55.8161619488037
37.39023433646581 55.81536269758549
37.39006397999966 55.81481283489197
37.38992364411356 55.8143722590664
37.38988497979682 55.81425087483788
37.38977694637575 55.81390982450343
37.38975198693019 55.81382991702475
37.38964898265114 55.81362092823433
37.38953445944393 55.81343956971693
37.389530890946034 55.81343391865717
37.3894349647187 55.81331284671976
37.38931892192331 55.81322492986675
37.38921088850225 55.813158992226995
37.38837195310828 55.81277193455633
37.38827929576384 55.812739121806054
37.38815998408556 55.81269686995514
37.38799588504425 55.81265198020604
37.387870901551935 55.812649931296335
37.38778298469893 55.812649931296335
37.387730830633586 55.812656823083536
37.38765185447749 55.81266390113527
37.387570829411686 55.81267284183218
37.386713826359376 55.812754984485096
37.38661723982377 55.81276382707449
37.385130950476174 55.812899898280946
37.38503653160394 55.81290838191333
37.38473085428918 55.81293584733313
37.38459096963535 55.81294683693976
37.384494857143494 55.8129619243658
37.38442891950374 55.81298092334675
37.38438384349012 55.81301798998605
37.3843318756893 55.81304592966391
37.384240978603984 55.813075918251485
37.38411599511167 55.81308895676782
37.38399697208398 55.81307796716119
37.383887821075795 55.8130438807542
37.38380698227451 55.81299191295337
37.38353989608351 55.81275631774013
37.38334094844775 55.81258082715975
37.382846974943135 55.81213584122365
37.38263518455471 55.81193591068175
37.38179206631198 55.81114000540765
37.38132687020288 55.81070085936861
37.38123187529814 55.81059897267667
37.38117692726501 55.81051291846885
37.38112495946418 55.810395944350866
37.381099813754105 55.81031883083997
37.38108866912221 55.81028210552447
37.38102791564974 55.810081902371685
37.38100891666879 55.80998597614436
37.38100090729447 55.80990383349144
37.38098898636525 55.80982988647737
37.38095992910027 55.809749978998674
37.38092193113838 55.8096799435395
37.380879835357064 55.809606927848016
37.38089585410571 55.80953093192423
37.38006888072559 55.80963241302339
37.3796329806663 55.80968590400411
37.379264921976585 55.809752959230984
37.378965967423454 55.80983882717428
37.37873891097469 55.80989992193654
37.37855705221691 55.80996907880782
37.378041909144265 55.8101649763472
37.37739985534697 55.810290891162104
37.37704413571143 55.81037594941328
37.37627891547111 55.81055892580507
37.37593190467206 55.81061592274791
37.37541185413477 55.81070681983322
37.37538794394872 55.81070404801317
37.37523993198365 55.81068688952968
37.37512090895595 55.81062188321252
37.37508682254896 55.81041196309951
37.37499550783471 55.80980031604893
37.37490782234612 55.80921297839015
37.3748780504363 55.808784393754365
37.37487392220364 55.808724965350144
37.37476330590564 55.80777742196726
37.37471596989146 55.8073719398835
37.37468281480706 55.807153824131646
37.37463308801184 55.806814915344745
37.37459098639915 55.80652797534752
37.374516853120554 55.80602785511377
37.37449029219773 55.80584735677907
37.374422975802936 55.8053898991359
37.37423873958842 55.80488051168536
37.37406888695215 55.80441089282358
37.3739278847112 55.80410299757353
37.37384674258767 55.803925151823336
37.373723925062805 55.80365596272773
37.37350189775605 55.803172978829735
37.37344183873089 55.80303008671953
37.37339088410267 55.80290885574167
37.37331786841119 55.80273786491315
37.3732398235777 55.802533905264745
37.373041225528745 55.80208513082463
37.37298091589617 55.8019488484103
37.37264010091042 55.80107728790406
37.372393996396525 55.800447928915496
37.37215103064108 55.80017788933396
37.37213490245048 55.800159963968994
37.37126618277942 55.79939626351999
37.37029004048735 55.798538126733646
37.370191977251885 55.79845191832897
37.36897362032928 55.79788850552137
37.36754179022024 55.79722637490368
37.36714487598415 55.79704282724208
37.36629957714656 55.796657714007445
37.36491901113312 55.796028736160295
37.36360883035381 55.7954318254165
37.36357921717639 55.795418531597335
37.36283583259961 55.79508481461745
37.36219109563954 55.79484595122562
37.36203191493523 55.79478697765143
37.361577988302216 55.794649886965374
37.361045830571186 55.794521923240765
37.36067880269062 55.794421815208295
37.360392973431786 55.79434385436052
37.3597538998668 55.79410096542763
37.35934393166029 55.79390687779874
37.359316374398446 55.79389307226694
37.358866908226915 55.79366790042075
37.35836697425768 55.79333597704774
37.358221115362355 55.79315463234734
37.35781190599081 55.79264586700452
37.35826899912065 55.79247785640831
37.35896188086861 55.7922900270188
37.359072916785024 55.79225992692098
37.35999995529651 55.792009959936365
37.36044057997841 55.791906870388146
37.36054291636965 55.791882927534346
37.36112182649497 55.791759992951754
37.36146082791971 55.79169498663459
37.362108967509506 55.79164795001425
37.36213585053688 55.79164599906607
37.36281385338635 55.7916189907108
37.363678517376975 55.79142621477773
37.36412385174909 55.79132692794487
37.36524907583083 55.79109005927074
37.365729824432655 55.790988857842734
37.36681295261114 55.790753978284165
37.36704862228687 55.79070832448299
37.36857434232529 55.79041276282847
37.37009795800001 55.79011760883013
37.371966058315515 55.78975572145488
37.372186870251305 55.78971294588699
37.37329886943025 55.78948793834793
37.373739279069696 55.78940617642025
37.375387247839846 55.789100231474144
37.37696697660462 55.78880695526615
37.37709567755095 55.78878363385712
37.37879667853425 55.78847540193789
37.37898682904959 55.78844094548615
37.38056530826981 55.78815682664476
37.381364868164766 55.78801290962129
37.38223204038759 55.78786767380518
37.38349685185023 55.7876558405382
37.383885653456296 55.787586784452365
37.38427394742386 55.78751781852956
37.385530410448695 55.78728367670793
37.38650092601406 55.78710282118103
37.38714083476628 55.78691061807626
37.38794894638544 55.78666789352896
37.38829781982968 55.78654291003666
37.38856220100516 55.78643810520968
37.38892859476495 55.78629286100109
