60.64322230924414 56.792118365387985
60.64366498538103 56.791695917957185
60.64396692016647 56.791393983171744
60.644103952393586 56.79125064086956
60.64450894991701 56.79082699397565
60.64496171168659 56.790346066257634
60.64558984292127 56.78967885948
60.64572239530034 56.789531611076285
60.64646640238159 56.78870511625341
60.64723322246124 56.78785327916494
60.647474839854425 56.78758487375643
60.64780788081455 56.78726095975774
60.64793286430686 56.78715292633667
60.64796788203645 56.78711883992968
60.64808451586978 56.78700712575836
60.64825491566036 56.7868439134995
60.64849389303834 56.78661592572814
60.64894342981353 56.78622309522591
60.64906386246675 56.786117854404104
60.64968691728309 56.7856659766808
60.65004693069013 56.785405680454325
60.65007695518606 56.7853839721989
60.65103862583989 56.78468711338607
60.65202901310556 56.78396944555307
60.65203385022358 56.7839659404151
60.652088984521235 56.7839258935435
60.652148961696376 56.78388193511699
60.65310967379792 56.783188573327195
60.6532948610178 56.78305492065225
60.653598844712945 56.78283494225521
60.653812862645374 56.78267997017532
60.65386985958822 56.78263899198112
60.65411715183646 56.782449878129576
60.654545999792504 56.78212192167614
60.65513151336484 56.78170384962388
60.655468940484575 56.781462917807616
60.6555036863123 56.781470957038344
60.655658930294045 56.78150687623412
60.65574796473417 56.78151786584075
60.65656492091488 56.781619938797206
60.65690442618234 56.781662123975984
60.65853418516193 56.78186462944647
60.65897089970792 56.78191889335034
60.659497842032415 56.78201481957767
60.660230268931365 56.78214469932736
60.6604179887567 56.782177987296386
60.66113995003268 56.782349909447504
60.66155792761351 56.782449933494256
60.66180866982452 56.78247279528408
60.66212789704191 56.78250190129508
60.663434904311075 56.78264764028546
60.66349098079259 56.78265389314265
60.66411887848643 56.782797875615906
60.664404980787744 56.78294092676656
60.6649200086326 56.78314330137036
60.66570287195674 56.78345091901982
60.66607186196905 56.78364891820361
60.66623047990141 56.78369131937731
60.666606999932384 56.78379196935427
60.6675899177996 56.78411588335296
60.667696929331 56.78415100813935
60.66772384198883 56.78415984177947
60.667838953461626 56.78419783974136
60.66890289639465 56.78453795875321
60.66920438671409 56.784626448119695
60.67040884503146 56.784979964457
60.67072348159583 56.78508075110951
60.67222253744809 56.78556093948678
60.67327787741895 56.785898993594174
60.67347084746072 56.7859548729499
60.67371001709737 56.78602463927187
60.67526419673543 56.78647799697458
60.67630597970574 56.78678188741465
60.67618695667804 56.78702496261205
60.67604966892579 56.7873332272916
60.67589396258952 56.78768284889347
60.67571086456726 56.788083876403064
60.675661916695546 56.7882105409513
60.6756439956049 56.78825691614129
60.675663925908445 56.78837687049158
60.67575687190347 56.78850185398389
60.675828956272355 56.78856686030105
60.67595990022927 56.78868290309644
60.67606428528946 56.78865304781261
60.67622886619483 56.78860597585006
60.677402234519555 56.78826924446537
60.67881794301014 56.78786296668343
60.679028930578255 56.78780474986286
60.67942684172303 56.78769495608721
60.68065913054738 56.78735748074295
60.68217924635932 56.786941180930114
60.6822059083478 56.78693387926222
60.68374533693731 56.78650229038587
60.68442096600877 56.786312873355584
60.68536493348455 56.78606258285266
60.68578591240464 56.785950961395
60.686991264836294 56.78560134291695
60.687716916674006 56.78539086398611
60.68856589054728 56.785154033582046
60.69014385453947 56.78471384353423
60.690935940092864 56.78449288273959
60.69170685946931 56.78427777342782
60.69324838635738 56.78384764182379
60.69363081515501 56.78374093287604
60.69475911164583 56.783424612297225
60.69508982513301 56.78333189599213
60.69570785080734 56.78315382711188
60.696263097332256 56.782994466660774
60.69757887790155 56.78261682650336
60.69807333256983 56.78247729022141
60.699549126791304 56.7820608175864
60.699601896843355 56.78204592575236
60.70122235679779 56.78158184652596
60.70181583691722 56.78141188132938
60.70293492869792 56.78107114399706
60.703575850358064 56.78087599830797
60.70434791678968 56.78062193350394
60.70458096482849 56.78055027607372
60.70515481468636 56.78037382916452
60.70611159245798 56.78000268466638
60.7066678413749 56.77978690966488
60.7074242887182 56.77943954070102
60.7081268513529 56.77911691618972
60.70879045419756 56.77879942507352
60.70956499970477 56.77842885505621
60.71012401728347 56.77811408576756
60.71114191512336 56.77754093209373
60.71145620664887 56.777365656700624
60.712016985834026 56.77705291905372
60.71273058964727 56.77665092590407
60.7132258425629 56.776371935971945
60.71398838418975 56.77596008897084
60.714521871086696 56.77567195390922
60.71522733597935 56.77533044044636
60.71590395381832 56.77500289175666
60.71671048713039 56.77466071561065
60.71720482521962 56.774450989986605
60.71799589063218 56.77413899691714
60.718236512915865 56.7740493059358
60.7188119154903 56.77383482695747
60.719651027484346 56.7735323750771
60.720073857607105 56.77337996900186
60.72106199088086 56.77304394780943
60.72121600430577 56.7729937024919
60.7220948276392 56.7727069952944
60.722881762381725 56.77247238223372
60.7229838681888 56.77244194088374
60.723792814995186 56.77218899366682
60.72457449136497 56.77194708258707
60.72531794887747 56.77171699937546
60.726353662563056 56.7714021973189
60.72661099716897 56.77132398124018
60.728095396614954 56.770856557644144
60.72851983596056 56.77072290563709
60.729744398359735 56.77033479296413
60.7297469466123 56.77033398532124
60.73127487446237 56.76981393478395
60.73133111029595 56.76979478200005
60.73290929059824 56.769257285810134
60.73335693925672 56.76910482575979
60.73455150111977 56.76868922842582
60.73514191214312 56.76848381985315
60.73593588181465 56.76820644069734
60.73625782287697 56.76809396821471
60.73767052724889 56.76762248132385
60.737905891341846 56.76754392908984
60.73941247903678 56.76707495515294
60.741050967746624 56.766564922777526
60.74114142435423 56.76653605175736
60.74290625222115 56.76597277194517
60.743895972011146 56.765656883246976
60.74466180189607 56.76541623524486
60.74556993124418 56.76513087224508
60.74644622864892 56.76486142383696
60.74688384116181 56.76472686450318
60.74821635073754 56.76436762141184
60.7486159149248 56.76425989935383
60.74957890248847 56.76401086369181
60.749926270158056 56.76392870140679
60.75081290492742 56.7637189871904
60.751648080469245 56.76354186778618
60.7526239548465 56.76333490975205
60.75339204204226 56.763186440573016
60.75434690164805 56.76300186879192
60.75511772380843 56.762871542689965
60.75570085843729 56.76277294969796
60.756809903105015 56.76259538175661
60.75706897132998 56.76255390262352
60.75857745321691 56.76236441701111
60.75885282662927 56.762329826407054
60.76033137648231 56.76216350518028
60.76083486737687 56.76210686777771
60.76210018786802 56.76200117646807
60.76399190598783 56.76184316261549
60.76416192421679 56.761828961115235
60.765967944993854 56.76167790059025
60.76597246852809 56.76167754730914
60.76791165199755 56.76152610004327
60.76827185083043 56.76149796906481
60.76968685948493 56.76138242372989
60.77077189320561 56.761293823151895
60.77135307175992 56.76125622592196
60.77265782146136 56.7611718198919
60.7733356911081 56.761157329275534
60.77447892966447 56.761132890607406
60.77511968095922 56.76113181653504
60.77625682449915 56.761129910375104
60.776940694475535 56.76114872001784
60.778037885830656 56.76117889794362
60.7787573680059 56.76122181355283
60.78062425331753 56.76133316936293
60.78073592738962 56.76133983048811
60.7825109825032 56.76152512120932
60.783160905163605 56.76159296396955
60.78417995834753 56.761655921377
60.78444433854974 56.76167937974711
60.78553186622706 56.761775875727295
60.786377783935826 56.761796194746395
60.78723786295737 56.761816853921495
60.787698867642106 56.76179897252766
60.78826405806866 56.76176340590504
60.789242786501 56.76170181592904
60.789844821166504 56.761663930751325
60.789987877822206 56.761646503023535
60.790939591106415 56.76153056154585
60.79148692916677 56.76146388265782
60.79163504680785 56.761432902228606
60.792721336639765 56.76120569279562
60.793202984181114 56.76110495092954
60.79323957935104 56.761095522950995
60.79421277289187 56.76084480003196
60.79479310187542 56.76069529043223
60.79484490591686 56.760681944206695
60.79561647017737 56.76041560615908
60.796193183543146 56.760216529141466
60.79620091161581 56.760213861470234
60.796981795475695 56.75988789055616
60.79726690345854 56.759768875534135
60.79766727753198 56.75956874042661
60.79798495317962 56.759409943805856
60.798194692174576 56.75929316748377
60.79868381765523 56.759020837225485
60.79892689643083 56.75886304384678
60.79897792933087 56.758829916093426
60.79943623156635 56.75847873898504
60.79950785188767 56.75842385944181
60.79993197619763 56.75808485801708
60.80000114723914 56.75801564484946
60.80017065969973 56.757846029153534
60.80023782253797 56.75777882541222
60.80027763124421 56.757730546768485
60.80030785799715 56.757693888791515
60.80071902409016 56.75720351789872
60.80097120957542 56.75690275277323
60.8010968745 56.75675288044109
60.80117491933349 56.75648987494014
60.80116461069108 56.75630134908992
60.80116392972687 56.75628889552405
60.801120902622955 56.756137834999066
60.801011937879295 56.75601490041647
60.80083684923135 56.75587296685293
60.80060793013739 56.755752826238115
60.80029984862283 56.75566695829482
60.79993085861051 56.7556209509586
60.79991476736725 56.755620884328195
60.79966096132236 56.75561983337148
60.79937187878874 56.755640881262146
60.79912489203643 56.75567794790144
60.79891590324601 56.755734944844285
60.79869983640387 56.75581094076807
60.79849885698778 56.755925865976344
60.798457801466206 56.75596654262985
60.79827682968103 56.756145844373386
60.798217970093 56.75630193404038
60.798211823363864 56.756470875959195
60.79824590977086 56.75662398539388
60.79839399006353 56.75684284620381
60.79846274086206 56.75690522627197
60.798586960105304 56.75701793485175
60.79880786982494 56.757184827860854
60.79947076765765 56.75761067166282
60.79964699148343 56.757723877379085
60.80003701100066 56.75797115779465
60.800060321113214 56.757985936886634
60.80036224656098 56.758177363845775
60.80055652715796 56.758300541750046
60.801236945418346 56.75873194095638
60.801377980644574 56.75862759351866
60.80217194447531 56.758040165160565
60.8024778396445 56.75781384314181
60.80317893929434 56.75729491019163
60.80320326263246 56.757273230694615
60.80329889364464 56.75718799435767
60.80339090831706 56.757092999452944
60.803448836582504 56.756990926496485
60.80346485533114 56.75689388268203
60.80345088549221 56.75680484824191
60.80338885940736 56.75668284498191
60.80322699554027 56.75655599884441
60.80301782048534 56.75645597479767
60.80287290668949 56.75641089878405
60.802742759948586 56.75637871045734
60.80269893562866 56.75636787168014
60.80244487082462 56.7563499902863
60.80225897883458 56.75636284253813
60.80209283088355 56.7563909684805
60.8018659606993 56.75646882704948
60.80166287618755 56.756584875341915
60.80164691362486 56.75659399680631
60.80139787796284 56.756818818080845
60.80127367542614 56.75697853280874
60.8010403968789 56.7572785107374
60.80101286920189 56.75731390917258
60.80055391342686 56.757786834786536
60.8005414804078 56.757799698386336
60.80046785921904 56.75787586922666
60.80024114401242 56.75809150289644
60.800159463577174 56.75816919090097
60.80014394522035 56.75818395074123
60.799714978032895 56.75851494279165
60.79965126283019 56.75856328323892
60.79920088796022 56.758904980694616
60.79912403083986 56.7589546756489
60.79889783558766 56.75910093096869
60.79837488442198 56.75939045017678
60.798039901212746 56.75957590549236
60.79783819322053 56.75967397014259
60.79735295766636 56.75990987777509
60.79714123901543 56.760003263753674
60.79639183274787 56.76033381582052
60.7963488197355 56.760349059632105
60.79577365005254 56.76055289976775
60.79499484885473 56.76082890691226
60.79493964272462 56.76084529413336
60.794458965833314 56.76098797681155
60.79435768668079 56.7610138088784
60.7933818149396 56.76126271285728
60.79303199335259 56.76135193768185
60.79284731515877 56.76138277480563
60.79183393996583 56.76155198577535
60.79171875827391 56.76157192401762
60.791002678601814 56.76169587922052
60.79057497808133 56.76176991526268
60.7900485628498 56.76182290257636
60.78961087293053 56.761866959077125
60.78928141793887 56.76188903199302
60.788306322423054 56.76195436170985
60.78777598115301 56.76198989365973
60.7878519770768 56.762300955406594
60.78787924836087 56.762400498059215
60.78805798563491 56.76305290527015
60.78814319627669 56.76336451968629
60.78842797395533 56.764405948646306
60.78867124372049 56.76529558360562
60.7889173015739 56.76619541457412
60.78916353516816 56.76709588822508
60.789167935904146 56.76711198167008
60.7893968549981 56.76791589933446
60.78941820850536 56.76799099320085
60.78970324816817 56.76899339201508
60.789870898199176 56.76958296678029
60.78993981607124 56.76985398165555
60.78997708609363 56.76998585249989
60.79024921354517 56.770948708825046
60.79049488433811 56.7718179547448
60.79044612185898 56.77182528858997
60.78911894833563 56.7720248946255
60.78867641155371 56.77207919291288
60.78840089861455 56.77211299774303
60.7878139791149 56.77215881881473
60.78729392857762 56.77217297491818
60.7870219404645 56.7721780400517
60.786763819756295 56.77218284693769
60.78519404700213 56.772183778645726
60.78488087173285 56.77218396452481
60.784439983616174 56.77221991357699
60.78402591759024 56.77232589808835
60.78475542811633 56.773081372510774
60.78556670476104 56.77392152317714
60.786019879267066 56.77439082654694
60.78635555092506 56.77474413827211
60.78711783637017 56.77554648300175
60.787915776232 56.7763863558431
60.787979940801414 56.776453892360344
60.78872248951537 56.77722098600396
60.7895124038192 56.77803701090586
60.78958591348498 56.77811295043185
60.790297990458306 56.77885769778711
60.7909378213645 56.77952688439623
60.79108755739325 56.77968352801828
60.79158788453611 56.780206936155416
60.791862586100294 56.78049757856608
60.79186392855341 56.780498998921345
60.79225284886925 56.780909898450446
60.79260021337537 56.781320676876014
60.792756880657905 56.78150594491152
60.79325998112395 56.78213496019248
60.79327946529545 56.78216308105634
60.79368187025968 56.78274385890537
60.79386373115575 56.78303052612243
60.79412983642808 56.78344998769723
60.79437647309797 56.783904020081856
60.79444592731698 56.784031878054854
60.79482583383384 56.784816588309624
60.79484099436196 56.78484790291297
60.795111822972714 56.78550485787179
60.79517305345058 56.78571139407613
60.795392896132014 56.78645294427394
60.79543799136919 56.78667068984774
60.795542839069874 56.78717695445963
60.79558877848202 56.78763624671987
60.79562684436799 56.78801682117619
60.795651782231545 56.78854841121258
60.79566391100728 56.78880695526615
60.79565422833285 56.789451928968504
60.795653852723255 56.78947694874131
60.795604865154736 56.79013185479042
60.795562493930504 56.790399360441995
60.79555196603131 56.790465827073135
60.79548193057214 56.790898892080016
60.795406865970946 56.791195983987954
60.795367928960424 56.79131147589184
60.79508798111427 56.79214183521588
60.79504766603224 56.79225074364809
60.794996897764435 56.79238789064559
60.79476797867048 56.79301094546194
60.7946803101087 56.79320003703726
60.794513913866446 56.79355893567709
60.794227926862874 56.79408443858626
60.79376997337721 56.794925930982664
60.79372901112427 56.79499817194339
60.79350287005684 56.795396993951435
60.793222377660406 56.79589394150841
60.79316591754181 56.79599397173511
60.792827847439675 56.79659094951877
60.79273360471205 56.79676667049511
60.792303885347486 56.79756790692139
60.79222666779374 56.7977159142807
60.79213382584156 56.797893869829785
60.79195594322583 56.79823696907394
60.791776704505445 56.79858235209131
60.79171882849303 56.798693875939264
60.79133451651196 56.7995022442384
60.79130997787364 56.79955385922389
60.79104585478557 56.80021398067953
60.790960362973266 56.800454842912416
60.790794956478365 56.80092085452946
60.790653180433615 56.801410736011746
60.79061986783042 56.80152584168745
60.79047681667976 56.80225394969256
60.79044362965739 56.80241760034108
60.790327991329015 56.80298783189776
60.790270825585885 56.80340651380048
60.7902609410347 56.80347890825327
60.79023485906947 56.803669932566656
60.79021287985622 56.803867931750446
60.79030787476096 56.80409089037979
60.790376978897534 56.804309937454235
60.790464719006174 56.80438725906336
60.79053698011943 56.80445093969519
60.790686923057294 56.80451985756725
60.79094694832594 56.804593990845845
60.79120790491718 56.80464595864667
60.79155398439365 56.80467091809223
60.79181698989459 56.80466793785992
60.79212693405435 56.80462099920111
60.7922753379835 56.804580145366586
60.79241787923316 56.804540905457905
60.792712922231395 56.80439785430725
60.79292898907354 56.80420283535576
60.79302193506856 56.80405494132761
60.793067942404775 56.80390797862205
60.793066824817664 56.80376194723908
60.793050863483415 56.80372201159308
60.79302081748145 56.80364683576629
60.79292395993152 56.8035259500934
60.792768987851645 56.803408975975415
60.79254286272547 56.80331193216097
60.792237947707726 56.80324692584381
60.79175496380974 56.80323798514689
60.791641862311934 56.80325201151375
60.79099798480417 56.80333186246452
60.790397532903526 56.80346581077122
60.79003011064016 56.80354777502177
60.78843796525384 56.80390294948003
60.78839176308199 56.80391326796508
60.7870409813607 56.8042149425495
60.78650025277849 56.80434357958352
60.784922345894074 56.80471895693225
60.78472887988528 56.80476498167437
60.783353416199866 56.805084233500814
60.78181154558634 56.80544210918647
60.78043790415908 56.80576093805792
60.77996114521808 56.80587148066024
60.77813523532622 56.806294841008
60.77665096022154 56.806638989000895
60.77629553674704 56.80672361473842
60.774659198542864 56.80711322414044
60.77378695697606 56.80732090340527
60.77289915987388 56.80753200397712
60.77139383043484 56.80788994151108
60.77125863647942 56.80792187029629
60.76971503879093 56.80828642209081
60.76867995639175 56.80853087772125
60.76819402798452 56.808643804138406
60.76762998329766 56.80877488424126
60.766750814767576 56.80897586365735
60.76651421315958 56.80903014284978
60.765420886101296 56.80928096493962
60.764877274306826 56.80941010958268
60.76335882120907 56.809770845102605
60.76222589080541 56.81003999285489
60.761737496041704 56.81015563855632
60.76021305197137 56.81051660762666
60.75998792260858 56.81056991541169
60.75903983620643 56.81079492295075
60.758636152498816 56.810890929420594
60.75701077021413 56.81127748754112
60.756239907955525 56.81146081860648
60.75538754403417 56.81166143784667
60.75386894689208 56.812018867105664
60.7537230059866 56.81205296865451
60.7520836203341 56.8124360387042
60.75055612208874 56.81279296437807
60.75046198257346 56.81281496166024
60.748962227400405 56.813168762635335
60.74761399807663 56.813486817780586
60.74724836194848 56.81357217998354
60.745513212649534 56.81397727169961
60.74510799523684 56.81407187463504
60.74392593214513 56.81436770282252
60.74316991291575 56.814556907442736
60.74219530953816 56.81478562792248
60.74102693962366 56.81505982164427
60.74065042472084 56.81514884260967
60.739296914770385 56.815468858528185
60.739120772311786 56.8155102105688
60.737406549146776 56.81591264974513
60.736212933127874 56.81619286871388
60.735721738476954 56.81630768905166
60.73398439096851 56.81671380672294
60.73296187221174 56.816952827951745
60.73246195136168 56.81706389143043
60.73088703439766 56.81741377833083
60.73020683370993 56.81756489316147
60.72911971074057 56.81782891350803
60.728386843093936 56.81800689886526
60.727521673581464 56.818216783050296
60.727116891602805 56.818314980379824
60.72581047782283 56.81862016396014
60.724125297753424 56.81901382888847
60.724043899566915 56.81903284383639
60.72250267087313 56.819394568353914
60.720715505252485 56.819814013971865
60.72017891079587 56.81993995204434
60.71900232595495 56.820212163107286
60.71728953201784 56.82060842986343
60.716716998444134 56.82074088947641
60.71567772955327 56.82098534219443
60.71545393874021 56.82103798138435
60.71396714936785 56.82137534489016
60.71385485784385 56.821400824667535
60.71217853753594 56.82176149398328
60.71180483054678 56.82184189904873
60.71053627413242 56.82208226371234
60.709545814459304 56.82226993491359
60.70883962152465 56.82238638259481
60.70810896995907 56.82250686338187
60.70719738183968 56.82263474284684
60.70587696222686 56.82281997403845
60.705600918209576 56.82285387418092
60.705345680311105 56.82288313661405
60.70382190578778 56.82305783382933
60.70345903429205 56.82309466373541
60.703298875018184 56.823110919217264
60.70222692271084 56.82322193287064
60.701544540368985 56.82329806955983
60.700039990992245 56.82346593939064
60.69969480146728 56.823514118963914
60.69849995594844 56.82368088864567
60.6978762866536 56.823763525753655
60.6978729895772 56.82376396262118
60.696659848764384 56.82395693266295
60.69615395433055 56.82404391819337
60.69604524157285 56.82406280536194
60.695336998149834 56.82418585175691
60.6942296730916 56.82440094731148
60.6937049484336 56.8245028739684
60.693089902991574 56.82463288660272
60.69246043497281 56.82477249237484
60.69167392011748 56.8249469285819
60.69075885794635 56.82516477101546
60.69057384186775 56.82520881649573
60.68950989893474 56.82549398747446
60.68924381002765 56.82557373162012
60.68758803837331 56.826069949585104
60.68740790383684 56.826123934078005
60.686107920867435 56.82653712214557
60.68463115161636 56.82700650016624
60.68316822027172 56.82747147993098
60.68271087145904 56.82761684419848
60.68245494400982 56.827700849496594
60.681623476261905 56.82795886060776
60.68010913098729 56.82842877409264
60.68001189857747 56.82845894608928
60.67861862937019 56.828912796780216
60.67808089430811 56.82908796137023
60.67713339585111 56.82938842202596
60.67695194505793 56.82944596177591
60.675598862204595 56.829890800987776
60.67452193814193 56.83024485029827
60.67416016692033 56.830384017295614
60.67387988434464 56.83049183705058
60.67317189290759 56.83081183949437
60.67271700321616 56.831068780069366
60.6726548226026 56.8311039022603
60.67197085928852 56.83157887678397
60.67171497890155 56.83179394912263
60.67152587335242 56.8319528959383
60.671155952017514 56.83230586720197
60.67091790596212 56.832579862309544
60.670903461369875 56.832598403307166
60.670691967100474 56.83286987616576
60.67054798462722 56.83309693261453
60.67034998544343 56.833476912233465
60.67032324032892 56.8335592590334
60.67007394142614 56.83432683723405
60.66998499757351 56.834617151255735
60.6696623233778 56.83567036449854
60.669558920030866 56.836007874518806
60.66931371407276 56.83671065230943
60.66926685726494 56.836844947267586
60.669069975668265 56.837406907321665
60.669038869493576 56.83754697824002
60.66900641613181 56.837691848564454
60.66879612889265 56.83863056119372
60.668777912902335 56.83871187654238
60.668777912902335 56.83911085514227
60.66880082343818 56.83924198536371
60.66887702755025 56.83953208158302
60.66895896201489 56.83984399228939
60.669020988099746 56.84041582436299
60.66902949793485 56.840484884947834
60.66905488824222 56.84069093705768
60.66909698402353 56.84122383984678
60.66911890021627 56.84145510332414
60.66913982486293 56.841675903834606
60.6691659018956 56.84218291585556
60.6691396065568 56.84244370737843
60.66905488824222 56.84328392542788
60.66904389863559 56.84340387977817
60.66904256807295 56.84341561351449
60.6690059006737 56.84373896964801
60.66882059376261 56.84443831519531
60.66880398993501 56.84450097779559
60.66881729670944 56.84541265817912
60.668818891096535 56.845521893624706
60.66880407009258 56.84632150486262
60.66879598056069 56.84675794497336
60.66886899625217 56.84729587690448
60.66887032779572 56.84730570455493
60.66889786725263 56.84750896351432
60.669038869493576 56.847833995100125
60.66919819349557 56.84820718645613
60.66922494774815 56.848269854074786
60.66953489190791 56.848834980625696
60.669607907599385 56.84893798490475
60.66976421050646 56.84915710342284
60.66996385909536 56.849436987551385
60.67045953172216 56.85010080473344
60.670511849310515 56.85017086975658
60.67064987131915 56.85036085956605
60.671122983197634 56.85101390296997
60.671149114475426 56.851049981243094
60.671748831981766 56.85187798407401
60.67177397769184 56.85191188421648
60.671812974041806 56.8519647803824
60.672340966887944 56.85268097041579
60.67246185256083 56.852788817572346
60.67251729043405 56.85282370560208
60.67268294854499 56.8529279571681
60.672957874975154 56.85304399996349
60.67308993651919 56.85308386057058
60.67326595648973 56.853149984474854
60.67339596912405 56.853220951256624
60.67348183706735 56.85331184834194
60.67350996300973 56.85341988176301
60.673511234025646 56.853595917467125
60.67351182565492 56.85367785812194
60.67346693590582 56.8539399323003
60.673390939982035 56.85441695573368
60.67339596912405 56.854520891335326
60.67340237965764 56.854579562980774
60.67350986594788 56.85556331845638
60.673532873545575 56.855773892755224
60.67362422212991 56.85646284180403
60.673745678530096 56.857378863349176
60.67375694976204 56.85746387073689
60.673856872157245 56.8582916438076
60.673910990519325 56.85873996895715
60.67406484501209 56.85929783119182
60.674082978853654 56.859352322045794
60.67425390349896 56.85986593797503
60.67452584969683 56.86026491657491
60.67460871069148 56.86034663290503
60.67525395770193 56.86098296629599
60.67552305446894 56.861277713534726
60.67568385621199 56.86145384300024
60.67622793487224 56.86205696751305
60.6762966576356 56.862222714630995
60.67641699335911 56.86251294305577
60.67653992794171 56.863029827096234
60.6765079001619 56.86321650753504
60.676378995397215 56.863967855214355
60.67630486211862 56.86420087212773
60.676300310557785 56.86421920711737
60.67619291714265 56.86465181852843
60.67599994710088 56.864963997862425
60.67580528092578 56.8651883324118
60.675790958310465 56.86520483788561
60.67508594710572 56.86594784705224
60.67501168284072 56.86604535348662
60.674960963613415 56.86611194609356
60.674874909405595 56.866293926528705
60.67486298847637 56.86643287985994
60.674915887599795 56.86677895933641
60.67488887924453 56.86693486273888
60.67488378604825 56.8669467975421
60.67483896035341 56.86705183685687
60.674754955055306 56.86724089534374
60.67468398827353 56.86744094343724
60.6746743986915 56.867515649374674
60.67466089147317 56.867620874962675
60.674687899828434 56.86777286681025
60.67471442588616 56.867824794940205
60.67475383746819 56.867901948121975
60.67484398949543 56.86802097114968
60.67501088250453 56.868124906751326
60.67523086090157 56.868242998456424
60.67554993202276 56.86838884357487
60.67578763532615 56.86849771219846
60.675826603828696 56.86851555985634
60.67641699335911 56.86878595952956
60.67708007195342 56.86906805419056
60.67712889635106 56.8690888256376
60.677157586596934 56.869100284578174
60.67756494159024 56.869262982962944
60.67833197887984 56.86956789798069
60.67844449312236 56.86959956366571
60.67858082827734 56.86963793343986
60.678799875351785 56.86958093649702
60.67890194830824 56.86950792080554
60.67895093587676 56.869421866597726
60.67895298478647 56.869306941389446
60.67889804801597 56.86928245737421
60.6781969371035 56.86896998887442
60.67765934836775 56.86872585070633
60.67762617620459 56.86871078604704
60.676998883716735 56.86842591021417
60.67639778929829 56.86814284304113
60.67636955856218 56.868129548632766
60.67514833740324 56.867554451592234
60.675111882082085 56.86753728406517
60.674849949960034 56.86741393508197
60.67442584292544 56.86721305083713
60.67389014271964 56.8669593089217
60.67339298889174 56.866723825038754
60.67262669602691 56.8663620911734
60.67137703524793 56.86577218012932
60.67009432465117 56.86516666768937
60.66882345950011 56.86456674697428
60.66844692085192 56.86438899929201
60.66757275050389 56.86397557595794
60.66702590883581 56.86371695690715
60.66631131165666 56.863374839765726
60.66578091679024 56.86312091044607
60.66568332002981 56.863074532141795
60.66558697540028 56.86302874885429
60.665498810451865 56.86298685257837
60.66541121507766 56.862945226966005
60.66533122981035 56.86290721770168
60.66525295326563 56.862870020428005
60.66518114767944 56.86283589817527
60.665110145043954 56.86280215748738
60.66505278445505 56.86277489954528
60.66501755405731 56.86275815794342
60.664989961500666 56.862745045868984
60.66497279918775 56.86273689028096
60.664958718122314 56.86273019891196
60.664952816738015 56.86272739455456
60.66495110801541 56.86272658256392
60.66495009942238 56.86272610327716
60.66494839069977 56.86272529128651
60.66494021101867 56.86272140427492
60.66491396325276 56.8627089312495
60.664881011151806 56.86269327230183
60.664853390860976 56.86268014704802
60.66481681567253 56.86266276639715
60.664774778118584 56.86264279001209
60.66472238540794 56.8626178928222
60.664673560316416 56.86259469097677
60.66464243937784 56.862579902203535
60.66462284252539 56.86257058971425
60.66462137529489 56.86256989248145
60.664619287749936 56.86256890047317
60.664618076902 56.862568325074214
60.66461661644642 56.86256763106088
60.66461477850913 56.86256675766698
60.664612851991045 56.862565842179194
60.66458296508567 56.86258621524652
60.66458154687759 56.8625871819993
60.6645802981329 56.86258803323362
60.66457802621841 56.862589581934174
60.66457685205684 56.86259038232727
60.66457528650807 56.86259144951807
60.6645735745314 56.86259261652467
60.66457095821348 56.86259439999541
60.6645694778528 56.86259540911587
60.66456491702943 56.86259851810158
60.66456067392293 56.86260141050859
60.66455886945596 56.86260264056324
60.664554707322 56.86260547777353
60.66453142354324 56.86262134967416
60.664500858963514 56.86264218469314
60.664496995460176 56.86264481833528
60.66446743282957 56.8626649455977
60.66444144927949 56.862682636098185
60.66441389784379 56.86270139406947
60.66438360260826 56.86272202011468
60.664362302617555 56.862736521885786
60.664343027092976 56.86274964533026
60.664324862873485 56.86276201215976
60.664300883692064 56.86277833801667
60.66427215634215 56.86279789659107
60.66425596917248 56.8628089173766
60.664239574182425 56.86282016884036
60.66421797121058 56.86283499440927
60.66420590435774 56.86284329994408
60.664177842659605 56.862862614624895
60.664150471968114 56.862881453690406
60.664121940911706 56.8629010914274
60.66409925948022 56.86291670290634
60.664085909666554 56.862925891494584
60.663827933307616 56.86309185318109
60.66368283324725 56.86318498544063
60.66358606916763 56.86324746798825
60.66351091109613 56.86329599909401
60.66301991782382 56.86360389434406
60.662843897853286 56.863720868462046
60.66258182367493 56.86389483952287
60.66249983144943 56.86394899555028
60.66244082143398 56.863987971782414
60.66137398837455 56.86464278309013
60.66021216773701 56.86535589680955
60.66006892904793 56.8654438152636
60.659109853039155 56.865798835436976
60.65878759905771 56.86591656964383
60.657346859366 56.866442938143976
60.65733930870299 56.86644569666894
60.65618084347652 56.866868925099126
60.655955552959654 56.86695118085118
60.65455337883113 56.86746312822054
60.65354892582183 56.867829863753094
60.653177336746495 56.867966340834506
60.65315385877685 56.86797496381346
60.65301397412301 56.86802581402717
60.652999989577175 56.86803099158996
60.65296939503477 56.86804231874826
60.652948365235794 56.86805010470756
60.652936087846015 56.868054650222106
60.652913525690394 56.86806300351286
60.65289710355375 56.868069083556115
60.65288068141708 56.868075163599386
60.65287266929088 56.86807812996576
60.6528678507087 56.86807991397163
60.65286650901135 56.868080410714406
60.65286491550325 56.868081000686246
60.6528621736052 56.86808201583179
60.65285943170714 56.86808303097733
60.65285208479487 56.86808575105849
60.65284320287787 56.86808903945151
60.652839804756965 56.86809029755346
60.65283640663608 56.8680915556554
60.65282752471908 56.86809484404842
60.652804411892994 56.868103401216445
60.65279779362451 56.868105851528455
60.65276816949877 56.86811681940492
60.65275990931898 56.86811987760931
60.65273306080402 56.86812964769928
60.652726239157495 56.868132130074954
60.652703355712994 56.86814045728828
60.652676333755025 56.86815029049361
60.65266375751832 56.86815486694651
60.65265892363728 56.86815662598058
60.652638502556634 56.86816405714747
60.65263556601574 56.86816512574544
60.6525648903675 56.86819084439108
60.65257285746005 56.86811596126086
60.65257298890075 56.86811472584279
60.6525731804923 56.86811292506355
60.652573541111614 56.86810953558319
60.65257379466768 56.86810715239616
60.65257442490893 56.868101228724875
60.65257582540071 56.86808806542747
60.65257624461428 56.8680841252167
60.65257669571692 56.8680798852787
60.65257694020472 56.86807758732489
60.652577119857376 56.8680758987598
60.65257754399784 56.86807191224089
60.652577658587155 56.86807083520975
60.65257799510049 56.8680676723029
60.652578336797745 56.86806446067202
60.65257892945191 56.868058890283784
60.65257941762758 56.86805430189454
60.652580343424795 56.86804560027684
60.65258203505973 56.868029700509354
60.65258330592449 56.86801775558338
60.652584669343256 56.86800494073723
60.6525863474971 56.86798916767929
60.65258728677541 56.86798033935205
60.65258812001861 56.867972507654535
60.65258900124556 56.86796422495522
60.6525894800671 56.86795972448577
60.65259027623729 56.8679522412395
60.65259120203451 56.867943539621805
60.65259254860191 56.867930883162586
60.6525933953262 56.86792292475552
60.65259432112342 56.86791422313783
60.65259514088552 56.86790651814985
60.65259603972055 56.867898069951245
60.65259636822255 56.86789498234334
60.652596500934024 56.867893734981095
60.652596965517766 56.86788936833354
60.65259774483659 56.86788204347422
60.65259864704188 56.86787356359822
60.65259912173646 56.86786910191852
60.65259991453637 56.86786165034964
60.652600826852485 56.86785307544149
60.65260177961189 56.8678441204047
60.652604070156265 56.86782259145534
60.65261228541418 56.86774537580564
60.65261955983715 56.86767700311393
60.65262607853324 56.86761573353985
60.652631868464624 56.867561313664304
60.6526375388798 56.86750801712803
60.6526428810788 56.86745780551309
60.65264852790205 56.867404730718526
60.65265503311704 56.867343587853995
60.652661528221216 56.86728254002162
60.65266803343619 56.86722139715708
60.65267493919972 56.867156489515345
60.65268144441471 56.86709534665081
60.6526829820726 56.86708089412185
60.65272489158939 56.86672997176789
60.65274389057034 56.86655786335225
60.65278281985483 56.86624698786989
60.65279037397183 56.86619077044811
60.65291335208162 56.86527557251498
60.652915998985975 56.86525587436384
60.65292698859261 56.86515585031709
60.65288134541982 56.86516090436798
60.652709990427866 56.86517987844005
60.65226593581436 56.86522886600857
60.65166486021127 56.86529387232573
60.65124986373312 56.865339280934705
60.65061283820747 56.86540898379853
60.65036082231315 56.86543599215379
60.649822890382026 56.86549485174182
60.649588799298854 56.86552058099701
60.64933990648404 56.86554793712976
60.64864383597621 56.865624864376144
60.64792667347055 56.86570187385748
60.647217981082605 56.86577797381083
60.64623455760915 56.86588738459285
60.64563585025749 56.865953993781375
60.64492282967842 56.86603185235035
60.64457831797025 56.86607177017973
60.64372198232387 56.866170991946106
60.64298288471213 56.866263937941135
60.64294713361875 56.86626721468069
60.64273291772752 56.86628684847698
60.6424769902783 56.86631087659994
60.64180885944833 56.86637383400739
60.64160788003224 56.86638892143344
60.641433908971415 56.86640382259497
60.64127422004249 56.86641755889536
60.63975790082867 56.86654799133274
60.63953603864603 56.86656346698709
60.637741216377115 56.86668866204614
60.637279837666746 56.86672084480645
60.63672085784497 56.86676685214267
60.63665883176011 56.86677188128469
60.63613598725504 56.86681490838859
60.63608294031332 56.86681924607126
60.63443150902715 56.86695428467354
60.63406994120933 56.8669838503074
60.63383599297336 56.86700284928835
60.6338188566376 56.8669389605583
60.6337339200169 56.86660983115308
60.63360264324367 56.86609995051977
60.633436828108955 56.865455922457336
60.63335695641364 56.86513426131056
60.6331289328589 56.864215959553775
60.63311957231339 56.864179016600815
60.63311496301997 56.86416082525613
60.63312489872459 56.86415952354662
60.63329694345512 56.864136983397685
60.633418946715125 56.864124876203945
60.63343291655406 56.8639419644462
60.63350481465842 56.86393693530419
60.63401962534925 56.863899720073526
