39.57069619277774 50.18763913095299
39.5701579280978 50.18746797414425
39.569402756971456 50.1872061208308
39.56938493034359 50.18719993950128
39.5688639484837 50.187018890388735
39.56811885872902 50.186800239841446
39.56806990283883 50.18678587347536
39.56754482315954 50.1866428223247
39.56683825243783 50.18642266718256
39.5661489568535 50.18620789467263
39.566092891233254 50.1861529466395
39.56605787350367 50.185953829868595
39.5663568280568 50.1855859574434
39.56641313395638 50.185532485249894
39.567011920370426 50.18496383394965
39.56727082805196 50.18500499840837
39.56750291364274 50.18505398597689
39.567554932047265 50.18506724218722
39.56783986615777 50.18513985392019
39.568386925050326 50.18526893523192
39.56878981520511 50.18537287083357
39.56893918576712 50.18540322918969
39.56923796763803 50.1854639541834
39.57007392279969 50.18571690140032
39.570229754035864 50.18588124982466
39.57100462059199 50.18669846786585
39.57179211000137 50.18752899868112
39.57190397169971 50.18764697434709
39.5720658355668 50.18778387876862
39.57213493970338 50.187875893441046
39.57218690750421 50.18794686022282
39.57225472249036 50.187922223082346
39.5723878869203 50.18787384453134
39.57264288304693 50.187762830877965
39.57308190851842 50.18759593786886
39.57336980448431 50.18747864691979
39.57360493928801 50.187382851259024
39.57384596557571 50.18728394479939
39.57395586164197 50.187246878160096
39.574066875295344 50.18721986980483
39.57415386082576 50.18723383964376
39.574327831886585 50.18727593542507
39.57445784452091 50.18737391056211
39.57464299145288 50.18759984942376
39.57483093235264 50.18776897760709
39.57485329808044 50.187792601161405
39.574936916864 50.18788092258306
39.574963925219265 50.187908862260926
39.575138827602686 50.187979829042696
39.57537594233549 50.1882238355627
39.57562497799751 50.18848795865077
39.57567200554533 50.188538193469896
39.57585985755607 50.188738856957976
39.57603997534603 50.18894281660638
39.576055994094666 50.18896088426473
39.57608989423714 50.18899999981374
39.57621394640685 50.18916596150024
39.57635792888011 50.18933881497395
39.57641017825944 50.18939659794908
39.57670791991147 50.189725872644615
39.576765848176905 50.18978584981976
39.57704282351679 50.190069903211366
39.577163421545784 50.19019559917554
39.577183825757736 50.19021686591693
39.57739188322556 50.19042697229445
39.577997874736745 50.190997461272666
39.578313892595034 50.1912949649534
39.57836790930557 50.191374872432085
39.57847594272664 50.19142888914262
39.57858788770261 50.19148588608547
39.57866593253611 50.191501904834105
39.57937901663191 50.19122089379552
39.58000591948642 50.190973844922496
39.58028587505861 50.190843832288174
39.58043991581589 50.190795962306765
39.5806971297764 50.19069696761705
39.5816638599708 50.190324899337995
39.58196154537515 50.19021528649531
39.58262498488929 50.18997099675173
39.582758909078514 50.1899169800412
39.582863962267275 50.18987898207931
39.58316999487214 50.189767968425926
39.58329525798262 50.18972215346378
39.58373884671343 50.18955991095811
39.58400296980149 50.189464916053375
39.584546861026304 50.1891912544953
39.584799995678665 50.189063888543785
39.58518686708481 50.1888688695923
39.585656629534 50.188507608347955
39.585827989559505 50.18837582741027
39.58642086952376 50.18788185390566
39.58657882756422 50.18768920275247
39.586716843844584 50.18752087326767
39.58725219319134 50.18686864315054
39.58727992148578 50.18683486104388
39.587484998721294 50.186608922182224
39.58787689926945 50.18628687082872
39.5881476911056 50.18614190972868
39.588369941451475 50.18602293400518
39.58894289111218 50.18586386410587
39.58938899463539 50.18578283904007
39.58945555031625 50.18577211618038
39.589891908836925 50.18570181397427
39.590985840357526 50.185498971912985
39.591005244861456 50.18549598913648
39.5923934726725 50.18528259675591
39.59274287356607 50.185228888360314
39.59394108990155 50.185048413403806
39.59402492163906 50.18503578669464
39.59533320735545 50.18483873312362
39.595499419696296 50.18481369827465
39.59684090918394 50.18461164356235
39.59696693666869 50.1845926613434
39.597356831968355 50.1845339354396
39.598440539279466 50.18437931761997
39.59844833172289 50.184378205833966
39.59910883603488 50.184283968454984
39.59998913240609 50.18416262386586
39.60005041277734 50.18415417666363
39.60082898886865 50.18404685372219
39.60005041277734 50.18415417666363
39.59998913240609 50.18416262386586
39.59910883603488 50.184283968454984
39.59844833172289 50.184378205833966
39.598440539279466 50.18437931761997
39.597356831968355 50.1845339354396
39.59696693666869 50.1845926613434
39.59684090918394 50.18461164356235
39.595499419696296 50.18481369827465
39.59533320735545 50.18483873312362
39.59402492163906 50.18503578669464
39.59394108990155 50.185048413403806
39.59274287356607 50.185228888360314
39.59290506487526 50.185735743814725
39.59322262934733 50.18672814769628
39.59323889598039 50.18677898168815
39.593564820113365 50.18771815137866
39.59373584971731 50.18821098331089
39.59387395031806 50.18863977908804
39.594145817923824 50.18948391503432
39.59419448954876 50.18960536924552
39.59440789210218 50.190137889760834
39.59453820134075 50.19056572639519
39.59467685806774 50.19102096984582
39.59471895384905 50.191097897092206
39.594800771855176 50.19153841867356
39.59484598625107 50.191781860406294
39.59491285521342 50.19202083778428
39.59505111607387 50.19245295193242
39.59517586071437 50.19284282310701
39.595191879463016 50.19293185754713
39.59387801355987 50.19297990318315
39.59239711649009 50.193034056838734
39.59149899910761 50.19306689932347
39.59080947151827 50.19312090603812
39.59068092533978 50.19313097431804
39.58982187337775 50.19316990360253
39.58936858736904 50.19318254605743
39.588492876034074 50.193206970241825
39.58848691556946 50.19320790156442
39.58829487685029 50.193211999383834
39.58828686747596 50.19350294456265
39.58828183833395 50.19366685733944
39.58827672311914 50.193790216225295
39.58826097670781 50.1941699578055
39.588257996475505 50.19433889972431
39.58830996427633 50.19455887812135
39.58833399239929 50.1946188552965
39.58844980769803 50.19480668804671
39.5885029343181 50.194892850404074
39.58864896570107 50.19509792763959
39.58885497425918 50.19536689360515
39.58893693064757 50.1955069645235
39.58901197930385 50.19565598715362
39.58901497548107 50.19566193660338
39.58904496406864 50.1958368389868
39.58904198383634 50.1960378184029
39.58893395041527 50.19638184896965
39.58887695347243 50.19655693761759
39.58887077702469 50.19657650276263
39.58884696488485 50.19665193252232
39.58880598669065 50.19674692742706
39.588742843018686 50.19685682349332
39.58844850464381 50.19755936075874
39.58837497059349 50.19773487443629
39.58809023414437 50.198432340308315
39.58787689926945 50.19895490703631
39.587880997088874 50.19898191539158
39.58770049760822 50.19943319831762
39.58738981755205 50.200209957365914
39.58734082998352 50.20033382327111
39.587329840376896 50.20036194921349
39.58729068209981 50.20046380676379
39.58710799933466 50.200938996693615
39.586949148589134 50.20133508999403
39.5869219210801 50.20140298161066
39.58688124062519 50.20139700086014
39.58604929357812 50.20127468984502
39.58604685740413 50.20127433168411
39.58604408038406 50.20127392341277
39.585853880327655 50.20124596062107
