7.382166517745939 52.106006483311326
7.3814648922115165 52.106405841702355
7.380863088535616 52.10678721833554
7.380842954982287 52.10679997742474
7.380473964969977 52.10703299433812
7.3797359849453565 52.107546898146275
7.3796400834374145 52.107613530292255
7.379574866136347 52.107658843122245
7.378701844335389 52.10826792809966
7.378469328149836 52.10844777095712
7.377540857587923 52.109165909346174
7.377362419478076 52.109314567985514
7.376426995763787 52.11009387918026
7.3762997421443375 52.110206480070715
7.375826851483289 52.11062491932418
7.375315085472182 52.111122033186646
7.374746889801626 52.11167396109568
7.374417482410034 52.11203385689775
7.373653571847789 52.1128684714557
7.373450861277823 52.11308994396977
7.372870070568712 52.11379744947398
7.372831904280899 52.11384394274303
7.37258286861888 52.11421293275534
7.37237089959616 52.11451784777309
7.372185938928707 52.114764834525396
7.372150871702833 52.11481226180067
7.372000978261254 52.11501498777453
7.371546218331772 52.11570527114304
7.371402882890468 52.11592284104056
7.370934065462533 52.11667139176179
7.370931819921698 52.11667497716863
7.370758966447986 52.1169938620253
7.3707129591117715 52.11707786732341
7.370519989069998 52.117431956174194
7.370397912312829 52.117706534352145
7.369930240718395 52.11875843331523
7.369617910004062 52.119460935580605
7.3694881488492285 52.11982900086939
7.369134926106072 52.12083091111848
7.369116604374196 52.12089191788878
7.369082958305246 52.12100395085672
7.368810349717184 52.121906253948886
7.368677832976233 52.12234486912962
7.368609846426767 52.122604894398265
7.368565797815134 52.122820144291694
7.368346739280321 52.12389060541467
7.368277923053754 52.12422688583047
7.368178830329601 52.124710987315574
7.368165000802788 52.12479019747847
7.368128911438485 52.12499690335237
7.368011997325313 52.12576728584211
7.367869136812519 52.12670863701477
7.367738873535519 52.127566981186725
7.36771310099556 52.12777723563313
7.367594814980801 52.128742222421096
7.367467535447153 52.12978057905689
7.367356598143636 52.13068561446959
7.367315866812673 52.13101790393184
7.367223584074027 52.13168640620697
7.367067282890632 52.132818662338885
7.3669398070580945 52.1337421057187
7.366899938141553 52.13403091879258
7.366890997444637 52.13408195527081
7.366825991127476 52.13443492653448
7.366788994129688 52.13463842419741
7.3665886610507965 52.13574033288728
7.366582915930068 52.135771933252485
7.366375976049363 52.13679787822361
7.366369058487668 52.136831370582435
7.366248943647346 52.13741292366563
7.366164530263476 52.137727118640626
7.365996927753022 52.13835095178375
7.365992829933602 52.13837199967441
7.3659171515707005 52.138629136520905
7.365859837066974 52.13882387739771
7.365617554822687 52.13953084262348
7.365306415650579 52.140438728282625
7.365262859283303 52.14056582318021
7.3651259548617745 52.14097187983182
7.364956361035588 52.14136625575138
7.3647888160822275 52.14175586719265
7.364570886594897 52.14223791976805
7.364529068895842 52.14231862165558
7.364185877833945 52.14298092893468
7.364039739080255 52.14324922802128
7.363849856641512 52.1435978370219
7.363519704322504 52.14413630668909
7.363007941015242 52.1449709790566
7.36299486185536 52.144989075547834
7.362507820781495 52.14566295174501
7.36240891432186 52.14579985616654
7.362280520460509 52.145978105091075
7.362233825673919 52.146042931363944
7.361855894964693 52.14650784760359
7.361581026283981 52.14684705656465
7.361504972610734 52.14694091261046
7.360793007346001 52.14774258125224
7.360076436763936 52.148549435453866
7.360005915761127 52.148628841682424
7.359188065522713 52.14938712828394
7.358647861152467 52.14988798983145
7.358216796000578 52.150257135241894
7.357256282640295 52.15107967702488
7.357192948993883 52.151133913199615
7.356102232030264 52.15192071272401
7.355932869522263 52.15204288405276
7.3556659524664125 52.152235854094535
7.35532397080937 52.15248284084685
7.355083572024105 52.15263800650591
7.354027240662674 52.15331981673932
7.353851922315029 52.1534329761587
7.353669941879883 52.15355088159928
7.353520930264613 52.15364699409113
7.35272640244415 52.154098625809034
7.351782896037017 52.15463494110036
7.351510455690059 52.154774907328616
7.350739814730133 52.155170824121775
7.350579999772758 52.1552529667747
7.350146767911891 52.15547544859532
7.349623903996287 52.155743960047005
7.348744343692091 52.15615574510011
7.348476887087752 52.15628096065553
7.34766384246194 52.15663095168689
7.347273271502845 52.15678465394545
7.346845954958631 52.15695281677588
7.346653916239453 52.157028998964186
7.345768287609547 52.15734954408587
7.3452258261716175 52.15754588300464
7.344255804832778 52.15787614491123
7.343389816806983 52.1581709867307
7.342932909941664 52.15831794943626
7.342742760310435 52.15837836379426
7.342602849213843 52.158422816360506
7.342284895679762 52.158524889316965
7.341717906483663 52.15868787077117
7.341178947581599 52.15882572329562
7.340814896095132 52.15891883877483
7.340231888150392 52.15904792008656
7.339916914848616 52.159105848352
7.3395828477790275 52.1591725599162
7.339305967226013 52.159227851612
7.338712900997241 52.159335885033066
7.338051848219004 52.15945099650586
7.337976130407633 52.15946105583596
7.336862921793675 52.15960894881805
7.336407148611644 52.159664700459786
7.335653878800285 52.15975684284621
7.335315994962662 52.15978888034349
7.3346367392402625 52.15984787480912
7.334543928531049 52.15985593557035
7.334170840699319 52.15988387524822
7.333421871068072 52.15990194290657
7.332923744207588 52.15991009055508
7.332510851305221 52.1599168440681
7.33157096054191 52.15990399181628
7.33131007152566 52.15989381008847
7.330544829306263 52.159863944944675
7.329773880461764 52.15980992823415
7.329768153233015 52.159809424864434
7.329010940991586 52.159742873007275
7.328196933298764 52.159659637384586
7.328101970138444 52.15964992701225
7.327060937741271 52.15953891335887
7.326730064974647 52.159505558901806
7.326345868252498 52.159466828989984
7.325916901065042 52.1594308799378
7.3254929630196015 52.15940498916965
7.325246092683612 52.15939443593391
7.324882946719593 52.15937891213698
7.324329927362426 52.15937090276266
7.323754928792006 52.1593899017436
7.323239907396732 52.159417841421465
7.322937972611292 52.15944484977673
7.323187939595907 52.15933495371047
7.323362841979328 52.15925988910928
7.323464914935788 52.15918799100491
7.323519862968919 52.15911292640372
7.323549851556492 52.159025940873306
7.323557860930812 52.158932994878285
7.323532901485255 52.15881397185059
7.3234628660260785 52.15870984998442
7.323357999101832 52.15863087382833
7.323152921866319 52.1585388591559
7.322562835869853 52.158351849578736
7.322519027539054 52.15833806455731
7.322492986675195 52.158329870365485
7.321948908014944 52.15815794821437
7.321567997073412 52.158016945973415
7.32144189599399 52.157966840817785
7.321363851160493 52.15798490847614
7.321275934307485 52.15798490847614
7.3212118593129185 52.1579718699598
7.321149432414826 52.15794405279277
7.321139961208552 52.15793983246252
7.321106992388673 52.157911892784654
7.321086139410145 52.15791921734333
7.321009948574229 52.157945979191645
7.319845981594458 52.15837084855968
7.319635897883431 52.158448518492655
7.319031819381531 52.15867185202252
7.3184318613655535 52.15885886159969
7.318169629466199 52.158953243903696
7.316733937831955 52.15946997693511
7.315240254864335 52.16000758216273
7.314741961242452 52.16018692762078
7.313796502873045 52.160527916834894
7.312335078063268 52.161054994613785
7.312010950863606 52.161171894397704
7.310854172840404 52.161589266192074
7.31041987934157 52.16174596164553
7.310325815759431 52.1617759502331
7.309361264358308 52.16211621530509
7.307851886550813 52.16264867894334
7.307632989606999 52.16272589928044
7.307269960059299 52.16284995145016
7.306463652631751 52.1631326767793
7.30560196129088 52.16343482204008
7.304926996245034 52.163675751655525
7.303611372862034 52.16414536506393
7.302407897317586 52.16457494716141
7.302336503086353 52.16460072536097
7.301075919741599 52.165055882149694
7.301064780246762 52.16505974634568
7.299754036627236 52.165514432155256
7.299628830692816 52.16555786502863
7.298460632972757 52.1659829054485
7.297660946048668 52.16627386584
7.297181288083699 52.16644849744451
7.295885317644506 52.166920328235896
7.29459132721399 52.16739143815508
7.29426590265928 52.16750991718866
7.293895981324375 52.16769096630121
7.293575978880583 52.1678479872908
7.293190758305356 52.168071513221186
7.29296093343856 52.16820487010937
7.292206517780903 52.16879742123804
7.291189930391087 52.16959589353791
7.29118122860699 52.16960300086336
7.290878868644212 52.16984995834194
7.290176924293832 52.170410262933416
7.289263799396528 52.17113913563148
7.288348863783945 52.171869453675
7.287805876608324 52.17230287579379
7.287443114092393 52.17259192405017
7.286979979730695 52.17296094833972
7.286844937954357 52.17307382463829
7.286513898639538 52.17335150023928
7.285588782988386 52.17412748675485
7.285305834233146 52.174364824020074
7.284485111101456 52.17481231169767
7.283524959166161 52.175335820958075
7.283297132303764 52.17545365056692
7.283031916984139 52.175590817084704
7.28277896976722 52.17572399621585
7.28210196198702 52.176078262753485
7.280910693899107 52.17670163287307
7.279621401678861 52.17737629733664
7.278422360264448 52.1780037351044
7.277142152037966 52.178673646070145
7.276682904586559 52.17891396236973
7.2758349622925955 52.17935826946321
7.274787849369374 52.17990693852097
7.274684933621073 52.17996035049161
7.274581840811264 52.18001385435493
7.2743609310916275 52.180132877382626
7.27417690174677 52.180005844980606
7.273507839594211 52.17949697031447
7.273468510721079 52.179466785049385
7.273249863235277 52.17929897113068
7.27248163878506 52.17871632279496
7.272211997334927 52.17851181727302
7.271523918628429 52.17798916840099
7.270453748848057 52.17717629187494
7.269311339487526 52.17630854381351
7.268193125807408 52.17545917423838
7.267947843699481 52.175272863550624
7.267180312531344 52.1746895844054
7.266177481171268 52.173927490769614
7.265178239936241 52.17316812542051
7.264204740009999 52.172428321972234
7.263271028568568 52.17171875546334
7.26294086716192 52.17146785195472
7.262874929522162 52.17141793306361
7.262304680123549 52.17099437349236
7.262147939104168 52.17087795222278
7.261808937679431 52.17062891656076
7.261460995557777 52.17042290800265
7.261222368906369 52.17025710085294
7.26096292423374 52.170076828526184
7.26075095521102 52.170027840957665
7.260614982112087 52.170038830564295
7.259903824178215 52.17038882159566
7.259713516405025 52.17049445654154
7.259602820715371 52.170555900869275
7.2594118995833075 52.17073993021413
7.259358814195368 52.170910921042655
7.259423820512529 52.17104186499957
7.2595618425211725 52.17115492756266
7.259616263899539 52.17118299589534
7.259691855155495 52.17122198278953
7.259843847003069 52.171245824647976
7.260137958678707 52.17126799012575
7.260405993321672 52.171246942235086
7.261396920563212 52.17097592735982
7.260782992708303 52.17122291411213
7.259639976439855 52.171707310612355
7.259180931579641 52.17190184828419
7.2585511183398435 52.17220854664031
7.25780890713205 52.17256997911416
7.257375411801267 52.17279676047384
7.256032404088916 52.173499349621736
7.255776947493336 52.173632990724585
7.254834391322893 52.174133181087136
7.254674820333902 52.17421786131452
7.254323897979942 52.17442182096292
7.25360686946856 52.17484008759456
7.252564815861691 52.17544795219857
7.252382829368728 52.1755572485842
7.2511425870570525 52.17630210607205
7.249852764473007 52.177076740190465
7.248671887412784 52.177785944442135
7.248536105162365 52.1778674697207
7.247254303350405 52.17863707877836
7.245952714104485 52.17941856844678
7.244782870518779 52.18012095645341
7.244651539213762 52.18019631731691
7.243726936960077 52.180726874933995
7.243330648682884 52.18095083754747
7.242997897632373 52.181138892050214
7.242031063134251 52.181705076018225
7.241426942678398 52.18205885250998
7.240723568565942 52.1824419224055
7.239410155259486 52.18315723036065
7.239059893169848 52.18334798924658
7.238041144053221 52.18386223354254
7.237403815330651 52.18418394440824
7.236644911432255 52.184532657414664
7.236428906837752 52.18463191057664
7.235954863636677 52.18485188897368
7.235208462668921 52.185185548395935
7.234173988569691 52.185647983528256
7.233758128476632 52.1858258346921
7.232637865080786 52.18630493848707
7.2322946866103806 52.18643968105733
7.231636879555215 52.186697956622346
7.230779902922729 52.18701879050243
7.230624904423019 52.18707681865417
7.229926971270002 52.18732492299359
7.229223878720051 52.187561958711846
7.228194897507017 52.187908862260926
7.227657176538504 52.18808348237716
7.226503988202751 52.1884579700632
7.226084661679414 52.188577561734135
7.224901927074088 52.188914876928514
7.224496582755951 52.18902266127944
7.224017915666503 52.1891499427516
7.222880215226064 52.189443636667214
7.221685883887542 52.18975194967729
7.221407977225065 52.189819936226755
7.221222221557521 52.18986348203192
7.220827949512629 52.18995590932569
7.220216815625507 52.19008797086972
7.219536546638811 52.19022577953395
7.219234829080883 52.190286901376105
7.218242970516748 52.19047093072096
7.2178366386091986 52.1905445280477
7.216823821145828 52.1907279757573
7.21612990965652 52.190847709504474
7.215398897574818 52.190973844922496
7.2144139093591 52.19113040575424
7.2136938321671 52.19124485979776
7.212679760972903 52.1913974555419
7.212038871915017 52.191493895459786
7.210923149284148 52.191653469074986
7.210591969130753 52.19170083534049
7.210240860512275 52.19175094049612
7.209162150785384 52.19190504940979
7.207400546050512 52.19215671951644
7.206425976896867 52.19229595047897
7.205821921061469 52.19237995577708
7.205653519470616 52.192404659298326
7.203925608383894 52.19265813367488
7.202216659551135 52.19290882640049
7.202201870133025 52.192910995921
7.200507288514155 52.19314530041937
7.199772980804138 52.193246830848906
7.198765867452377 52.19337891128848
7.198704940051696 52.19338690176726
7.198210966547078 52.19344799652952
7.197814968179501 52.19349791542064
7.196986848796675 52.19358036573473
7.196961876682085 52.19358285204134
7.196044896454622 52.1936439468036
7.195199121579879 52.193677777798584
7.1951228870851445 52.193680827178376
7.194341879956616 52.19369889483673
7.193413496791885 52.193690985146226
7.193051998161942 52.1936879052301
7.192078952314234 52.1936439468036
7.191634176680743 52.193614316722496
7.191312846347231 52.19359291032537
7.190816823932905 52.193550814544054
7.1899808687712445 52.193463829013645
7.189892948409187 52.1934521890902
7.18920284187502 52.19336082473459
7.188156597833819 52.19324403070188
7.186936934000334 52.19310787751767
7.186420290574878 52.19306147511723
7.185868893247893 52.19301195129034
7.184888955612979 52.19293781801174
7.184665606790101 52.19292910398429
7.183685873084199 52.19289087935293
7.1832069870056285 52.19289199694005
7.18289497129999 52.19289485782904
7.182556923834016 52.19289795740466
7.181125263518199 52.1929615229072
7.181071836823341 52.192963895044414
7.180650879010205 52.192993883631985
7.179360906362739 52.19314026350688
7.179258924259073 52.19315183594417
7.177625270811098 52.19337260486297
7.177593905722959 52.19337684348323
7.175895530205076 52.193648277196345
7.174170427554817 52.19392398242933
7.172439846640532 52.19420056319635
7.171191994201958 52.194399994486574
7.170698247875946 52.194485276389194
7.170653876006317 52.194492940481595
7.168965476723395 52.194787114019576
7.167226793058485 52.19509004871655
7.166923929011611 52.195142817388685
7.165476700166205 52.195364355043054
7.164296854234417 52.19554496248539
7.163759853625891 52.195614997944574
7.163723875838189 52.19562007817467
7.1632928884765406 52.19568093558433
7.162619914769081 52.19576698979215
7.162043984876066 52.195831996109305
7.161944642149471 52.19584419828665
7.161303955941736 52.19592289319462
7.160310979790486 52.196021985918776
7.160143008873199 52.19603419030665
7.159141983668699 52.19610692253948
7.158417973483011 52.196144920501375
7.158314727864084 52.196150038235245
7.157489817384403 52.196190927837584
7.156491680066896 52.196230679866886
7.156460892180969 52.196231906031784
7.155467916029719 52.19624289563841
7.154675903411398 52.196227792958766
7.15462786304864 52.19622687688977
7.152865986962602 52.19618589869557
7.152858903644611 52.19618546419817
7.151951986967444 52.196129833075325
7.15104340761491 52.196073666351715
7.151029977597966 52.19607283613249
7.150736983509443 52.19604992559664
7.150353837393682 52.19601490786705
7.149269880778784 52.19591451740902
7.149112943167529 52.19589998265877
7.1480478826473925 52.19578095963108
7.147509636640606 52.195709556937
7.146539885100869 52.195580911537576
7.145756389552524 52.195460962417854
7.144899826010313 52.19532982696585
7.144013456584588 52.195179464794286
7.142284255095745 52.19488612605381
7.140539533412938 52.19459015449455
7.1387700029251135 52.194289974412655
7.138380940371325 52.194223974516035
7.137007790162017 52.19398789227723
7.136716853157807 52.19393787221472
7.136506933044797 52.193905834717434
7.135406854795073 52.19373391256632
7.135253850256709 52.193710902611606
7.133510520037318 52.19344872771262
7.132473933677538 52.19329283818512
7.13176862802161 52.19319634304268
7.130031860995907 52.19295873034224
7.1298939838236715 52.19293986692145
7.128286721983763 52.1927636805597
7.128187987093359 52.19275285734429
7.127228911084583 52.192653950884655
7.126529447448472 52.19260922902112
7.126086923318064 52.19258093519317
7.124783558835924 52.19247200574881
7.124292823470223 52.19243099225531
7.123044765387623 52.19234577367064
7.121815877895412 52.19226186407198
7.1212886295572595 52.19223315210197
7.120676870361199 52.19219983798712
7.1195171497535155 52.19215739248672
7.119256975932203 52.1921478701863
7.117737856393204 52.192128176041535
7.116713906453116 52.192114901366416
7.11596434162754 52.19212245764059
7.11512488384079 52.19213092011506
7.114196466967591 52.192158177267665
7.1124236893428066 52.19221022379077
7.1122318233303385 52.19221585673576
7.110880846773405 52.19229688180157
7.110656249106005 52.19231184986211
7.109245816824864 52.19240584654523
7.108874674086959 52.19242583085627
7.107460843938459 52.19250195903708
7.107058993177744 52.19254085251137
7.105271065552694 52.19271389863675
7.103494062659181 52.192885887402504
7.101798961351789 52.193049949252234
7.101711898867583 52.193057866938965
7.099921910965754 52.19322065305274
7.09811789402768 52.19338471500323
7.09724796035695 52.193463829013645
7.096300660076798 52.19353630340135
7.095219912273137 52.19361898735804
7.094492447547061 52.19366403559833
7.092701258251655 52.19377495496376
7.092587994618445 52.19378196881224
7.090930369842968 52.19385423614059
7.089857915562195 52.19390099183994
7.089150841256884 52.193925085470646
7.087982976913072 52.193964880569986
7.087363181024537 52.193981190988104
7.087338874206071 52.19398183064122
7.086152928013047 52.194009956583606
7.085566768471826 52.194019816989346
7.084314869738702 52.19404087649377
7.083771256867308 52.194045532902315
7.082096831845421 52.19405987547472
7.081981017163045 52.19405927506829
7.0801991032242615 52.19405003727064
7.0784031213080345 52.1940407265418
7.078036824122894 52.19403882758406
7.0766067888252895 52.19402683684847
7.075659902594833 52.19401889728052
7.074826908374993 52.19401931482148
7.073801914016945 52.19401982860312
7.07304969954395 52.194031295428694
7.071262425514266 52.19405854079593
7.070783870014187 52.19406583593933
7.069463378130751 52.19410680841107
7.068946929326957 52.19412283288217
7.06764867327882 52.194182691231894
7.066817925873799 52.194220994283725
7.065980853125025 52.194294941297805
7.065843041802634 52.194305000774854
7.064054565667018 52.19443554980617
7.062250341520597 52.19456724835663
7.061596931403807 52.1946149437416
7.060430395455034 52.19469322106075
7.058632474639579 52.194813865796675
7.056865045793415 52.194932464449394
7.05669482179049 52.1949438868823
7.055103539388954 52.195021272224466
7.053329738063793 52.19510753360859
7.052293949998035 52.195157904814735
7.051540676073088 52.19517598087712
7.049745786510839 52.19521905224151
7.049165823664497 52.195232969415926
7.047962757702776 52.1952626315841
7.0471789400394025 52.195281956984445
7.0461948059898285 52.1952895041228
7.044416023177608 52.19530314527259
7.044312887884219 52.195303936197696
7.042641431652298 52.19526908855589
7.040853391604621 52.19523181029641
7.039058305443066 52.19519438513482
7.038746931524878 52.195187893402306
7.037258281208281 52.19514348346929
7.037235953746049 52.195142817388685
7.036637858375263 52.1951038881042
7.035470409002839 52.19504300467903
7.034394861036424 52.19498691398621
7.033691622405622 52.19494378831586
7.032453984747543 52.19486789095851
7.031928416582355 52.19483546709753
7.031804852898527 52.19482784408691
7.031176955204687 52.194791895034726
7.0301707017500155 52.194731264040435
7.028802827644411 52.19464884388407
7.028401900197726 52.19462863934488
7.028070994348921 52.19461196350929
7.027775951350688 52.19459184694123
7.026607406656434 52.194585743837685
7.024813008728931 52.19457637201271
7.023959950148164 52.194571916637685
7.023021747861287 52.19457594722121
7.021878816676411 52.1945808573346
7.021413900436771 52.194600973902666
7.021218364646434 52.19461238107408
7.020420924285522 52.1946589021681
7.0194322520000885 52.194741884394254
7.017645792487304 52.1948918272919
7.017262995628931 52.19492395657876
7.015850875321563 52.195020057893615
7.014766864808653 52.195093829820166
7.014098920243209 52.19511189747852
7.014066697756566 52.19511157340179
7.013709999927356 52.19510798592362
7.0122846284973885 52.19509890940676
7.01148693289206 52.195093829820166
7.0105424056889545 52.19509224341265
7.008895382293933 52.19508947710769
7.007300380858726 52.19508679817769
7.005737352363007 52.195084172948754
7.004117364525625 52.19508145205213
7.002614967583455 52.19507892865864
7.002452097728064 52.19507885212924
7.000850087414445 52.1950780993756
7.000632926835856 52.19507799733604
6.999294988795258 52.19509587872988
6.999244741787638 52.19509525526544
6.99760541350027 52.19507491449383
6.99663792543049 52.19506290991
6.9959773638767055 52.195048648659395
6.994877911989642 52.1950249119481
6.994400701734131 52.194986374178825
6.993094988012947 52.19488092947485
6.992805728082522 52.19484502841966
6.992779828446652 52.19484181392584
6.99191593360713 52.19467790114905
6.9914828686002535 52.19458793538633
6.9912610547755705 52.19454131934023
6.989698582063655 52.19421295252146
6.988119790322458 52.19388115612105
6.986544289623726 52.19355005136097
6.984994662757386 52.19322438420499
6.9842878427569834 52.193075840020384
6.983428631232146 52.19290614953894
6.981870500428057 52.19259842558662
6.980702995822646 52.19236784858334
6.980305402174943 52.19229559251502
6.979503824848767 52.192149919096
6.978744683836658 52.19202666587405
6.978530965265579 52.191991966783824
6.977192840960462 52.19179899674205
6.97718041688786 52.19179740125216
6.976545944285674 52.191715922766534
6.975876882133116 52.191647936217066
6.975596740091441 52.19162869845568
6.975046887436067 52.19159093927423
6.97423887195227 52.19154083411859
6.974023061813566 52.19153505228933
6.9736409628460025 52.19152481536995
6.973024986081384 52.191520903815054
6.972624889894386 52.191520903815054
6.972450643103425 52.1915256788084
6.972223862384793 52.19153189342168
6.971493891734493 52.19156896006098
6.97103996510148 52.191591870596824
6.970875779322036 52.19160442323063
6.970581940649046 52.19162688832641
6.969761817971508 52.19170884471481
6.96931332531223 52.191766925753114
6.968918971022642 52.19181799572299
6.968080966951272 52.19195396882193
6.967791960659091 52.192010964428185
6.967452882992913 52.19207783472712
6.966859816764142 52.19220281821943
6.9663194333365706 52.19232886497625
6.965602903789347 52.19249599857247
6.964845646704704 52.192693045671405
6.963965824931096 52.19292198552762
6.963397139689967 52.193086809035805
6.962285905233456 52.19340888098051
6.961990053689472 52.19349518852433
6.960576102101846 52.193907674756296
6.960187821690466 52.19402094619023
6.95913896618349 52.194316920511056
6.959133659484493 52.19431834656386
6.95802994723685 52.1946149437416
6.957644301911788 52.19470626445524
6.9568728720442845 52.194888938849175
6.956101939919975 52.1950575339905
6.955999850243327 52.195079859981234
6.954848921779892 52.19531697471403
6.954527623423476 52.195373928540334
6.9529648561693325 52.19565094699676
6.9529252686594605 52.195656779220734
6.951749852711331 52.1958299471996
6.951314840632253 52.195891261571
6.950508958485178 52.19600484958302
6.9497125131747985 52.196098531927866
6.948119627176903 52.19628589607379
6.94795787963177 52.19630492172327
6.946510348385678 52.1964728236617
6.946388973587505 52.19648690215841
6.94502998765625 52.196672980412984
6.944916299247821 52.19669122987403
6.943958966671503 52.1968449025641
6.943357885605011 52.19695622393702
6.942722915322846 52.19707382165806
6.94182647684916 52.19726784708324
6.941419995011836 52.197355826139955
6.940389952221288 52.197599832659954
6.940365119303453 52.19760613640064
6.939711949371814 52.197771941075594
6.93883184951913 52.1980189278279
6.938695804389206 52.19805957960376
6.937750956514872 52.198341910504
6.93709351633626 52.19856000824483
6.936855955500661 52.19863881614742
6.93610791719201 52.19890387055808
6.935539095240898 52.19911356339599
6.9350089565294 52.199308995887094
6.934036456671847 52.19968544744486
6.933882987511523 52.19974485486176
6.933237953481926 52.199992959201175
6.932571476106536 52.20025039736726
6.93227496591825 52.2003649294458
6.931189486684583 52.200743080338974
6.930569900510532 52.20095892699716
6.930210968782253 52.2010909885412
6.92975678827912 52.201241881793365
6.929590894198214 52.201296997099305
6.928878991206266 52.201509897444616
6.928420911118534 52.20162765442046
6.928252956157617 52.20167082998911
6.9281169830586835 52.2017058477187
6.928171033688457 52.201778130737935
6.928194841627661 52.201809969584865
6.928277915603174 52.20190291557989
6.928345902152641 52.20195395205812
6.928437916825069 52.20201188032355
6.9286249264022315 52.20208098446014
6.9290708436609245 52.202227947165696
6.92928393027076 52.2023128837864
6.929436132801036 52.202395410820614
6.929508937809816 52.2024348870464
6.929583816146489 52.20250585382817
6.9305093220911225 52.20312215340864
6.931636351918023 52.203872648868455
6.932731028167354 52.20460159990018
6.932846984256364 52.20467881570784
6.9338248729815675 52.20533092778915
6.933903491671518 52.205383259365696
6.934186971206672 52.20557195407685
6.93447884770808 52.20578094286727
6.93473794165413 52.20596497221213
6.935024337341945 52.20617932897614
6.9356169239196985 52.20662285849354
6.935993923306329 52.20692293063379
6.93609458950452 52.207003478014435
6.936253948574974 52.20713098810161
6.936456976900778 52.20730197893013
6.936750902311896 52.20754691677273
6.9370139078128465 52.20779688375734
6.93706050305954 52.20784285356448
6.937235935119598 52.20801593083179
6.9374859021042115 52.20829793531369
6.937690979339726 52.20855498035002
6.93782000570914 52.208736026874725
6.937866999310263 52.20880196710233
6.938010981783516 52.209019896589666
6.938118828940067 52.20920988639913
6.938218852986817 52.20940192511831
6.938326886407887 52.20961594305074
6.938350804865939 52.2096730890129
6.938426910454636 52.209854920428725
6.9385019750558286 52.210059997664246
6.9385729418376 52.21028481893878
6.9386219294061195 52.2104928764066
6.9386355748273125 52.21057133757846
6.938650986671098 52.21065995568022
6.9386919648652965 52.2108959528259
6.938719904543159 52.2111408906685
6.938730894149785 52.21135099704603
6.938730894149785 52.211548
6.938730894149785 52.21162387456649
6.93873387438209 52.212429841140576
6.9387343504187555 52.212448596985176
6.938745981575831 52.21290686457396
6.938769823434274 52.21335296809717
6.938773837642468 52.21342611589092
6.938784910860321 52.21362789452734
6.938789940002335 52.21371897787718
6.938799998286367 52.21371786029006
6.938852897409787 52.21372382075467
6.938900953655711 52.21373797685813
6.9389389516176045 52.21376181871657
6.938962979740567 52.213790875981545
6.938970989114888 52.2138158354271
6.938970989114888 52.21382291347883
6.938962979740567 52.2138558822987
6.9389389516176045 52.21388493956368
6.938900953655711 52.21390785009953
6.938852897409787 52.213922937525574
6.938809870305878 52.21392796666759
6.938813968125298 52.214014952198006
6.938840358072373 52.21436819594741
6.938844888035466 52.21442883195942
6.9388698474810235 52.21474790308061
6.938899836068597 52.21505281809836
6.938931236989094 52.2153486640258
6.93893783403049 52.21541081850404
6.938970989114888 52.21565482502404
6.939074924716538 52.21610782033446
6.9391061360474575 52.21629337026506
6.939135833214279 52.21646991855956
6.939247964454769 52.21707788594986
6.93927916291172 52.21723980594144
6.939303843810495 52.21736789980608
6.939318931236541 52.21745991447851
6.9393278719334575 52.21750890204703
6.939337930217488 52.21757297704159
6.939285508285988 52.217575961920254
6.939180909227898 52.217581917738514
6.9389408142627955 52.21759886780975
6.937949955898458 52.217669853216286
6.937809816102903 52.21767989287555
6.936913883766097 52.21774191896041
6.93647502391852 52.21777455897612
6.935811942871182 52.217823875348806
6.935541859318507 52.21785982440099
6.9351019025244245 52.21789595971769
6.9348558470947115 52.21791682134383
6.934843974630573 52.21791772355529
6.934578871754829 52.21793786923448
6.934182873387252 52.21796990673177
6.933860822033751 52.217974935873784
6.933550877873992 52.21798983703531
6.933252224758393 52.21801084914382
6.932086838753972 52.218092841314366
6.931733564499717 52.218117774909665
6.931632912120959 52.21812487881165
6.931182897042846 52.21816287677354
6.9307129516611905 52.21820199232255
6.930271542785143 52.21824180567216
6.93023797713752 52.21824483316194
6.929639881766734 52.218299967459586
6.9293869345498145 52.21832492690515
6.929088911319276 52.21835491549272
6.928796407489767 52.218381894691774
6.927939845501032 52.21846090000408
6.927340587836876 52.21851434130198
6.926784819218177 52.21856390428314
6.926562978175945 52.21857899170918
6.926415829205867 52.218586814818984
6.926254896661376 52.2185948241933
6.9258497178178615 52.21861246644811
6.925745835730713 52.21861698967108
6.924633836551767 52.21869782847236
6.924279840155051 52.21872107236632
6.9236579967362735 52.21876190346692
6.922804905238857 52.21882188064207
6.9227909394844085 52.21882287762011
6.921836888533165 52.218890984778646
6.921610949671513 52.21890793484989
6.921406990023113 52.21892991406314
6.921194834735874 52.218952824598986
6.921159304996422 52.21895758061535
6.920416994104169 52.21905694646516
6.92026388466948 52.219077994355814
6.920113941731616 52.21911096317569
6.919933823941659 52.21913592262125
6.919628733455423 52.21917372221154
6.919279849215147 52.21921694768705
6.91895090607444 52.21925587697154
6.918760916264972 52.21927897377191
6.918553976384267 52.219293874933435
6.918392857575257 52.219293874933435
6.918151831287559 52.219286983146226
6.918088201584163 52.219280267900714
6.917828848611463 52.219252896739235
6.917176922794661 52.219166842531415
6.9168658610477864 52.219107982943385
6.916543123143146 52.21901985172048
6.916425904253704 52.21898784232857
6.91601295581489 52.21884292853272
6.915679914854763 52.218669888794494
6.915382435349798 52.21848173002884
6.91512186635558 52.21831691753083
6.914761817040186 52.218100850688685
6.9143879841503795 52.21791197846633
6.914196303248001 52.21782702127267
6.913913940949304 52.2177018720888
6.913412889392962 52.217528832350574
6.912874611717931 52.21736678179446
6.912758914666449 52.217331950753895
6.91250391853982 52.21725595483011
6.912270901626443 52.21718685069353
6.912015905499814 52.21712296196348
6.911650827042404 52.217046966039696
6.911487069806062 52.21701660955154
6.911250917119926 52.2169728327611
6.911129845182519 52.21694899090266
6.910861996804074 52.21690186597933
6.910642949729628 52.21686684824974
6.910096822159666 52.21678582318393
6.909936029765277 52.2167657708404
6.909615887171385 52.21672584600879
6.909002890639072 52.216638860478376
6.908361954428895 52.21658596135496
6.9083050303615385 52.216584367736054
6.9078629517822625 52.21657199151603
6.907500853557159 52.2165639821417
6.906808438774116 52.216554112010705
6.90672990471266 52.21655299253508
6.906011854991582 52.21656584478689
6.90546181586672 52.21657683439352
6.90527679259926 52.21657852949841
6.90479089106897 52.21658298112265
6.903927927552043 52.21660682298109
6.903780561137985 52.216620782301185
6.902405960166588 52.21675099171887
6.902202353392816 52.21677602594569
6.901381877840651 52.21687690653377
6.901026857667271 52.21695197113496
6.900724015743474 52.216991529293615
6.900467877845493 52.217024986826445
6.900312905765613 52.21702182032962
6.900318866230224 52.21710992344715
6.900325944281949 52.2172129277262
6.900348854817797 52.217558820938144
6.90034111878058 52.21786289877435
6.900334884978865 52.21810792874041
6.900312905765613 52.21833386760206
6.900300984836392 52.21845493953947
6.900252928590468 52.21855198335391
6.900198134319967 52.218837361083445
6.900065919013305 52.219525960524216
6.900034999103136 52.21973699822434
6.900042793890627 52.21981157716566
6.900100936742893 52.22036787615048
6.900096838923473 52.22066291914872
6.900095564266558 52.220756758176854
6.900092927368572 52.220950884095224
6.9000828690845415 52.221154843743626
6.900052880496968 52.22138283151499
6.899988991766922 52.22157282132446
6.899944159405352 52.22166662549882
6.8998699687392255 52.22182185698647
6.899753925943835 52.2220738728808
6.899689850949269 52.22221487512175
6.8996229819869175 52.22236295541442
6.899558893953873 52.22254652638432
6.89943485482264 52.222901818668134
6.89927988274276 52.22330396376485
6.899244865013172 52.22339094929526
6.89923294408395 52.223417957650526
6.89922934406583 52.2234286469351
6.899220836890209 52.22345390670271
6.899207984638393 52.22349097334201
6.89917594714111 52.223631975582954
6.899061953255429 52.22363793604757
6.898796898844769 52.22366196417053
6.898343903534351 52.223738891416914
6.8980849958528205 52.22374988102354
6.89794437101781 52.22373510522566
6.897827950816481 52.22372287266827
6.89744890252014 52.223664944402834
6.896919911285935 52.223590997388754
6.8965479410413195 52.22356492035608
6.896455254167751 52.223562867406464
6.896320884592553 52.22355989121407
6.895979834258106 52.2235699494981
6.895622951439536 52.22357684128531
6.895522927392786 52.22357982151761
6.895363857493487 52.223573861053005
6.894927451634971 52.223495973265585
6.894669835895371 52.22344999514781
6.89408887686034 52.22335388265597
6.893879606978028 52.22331725258286
