138.48167091939607 36.18268
138.48167091939607 36.18275492301781
138.48162812159543 36.1836012558566
138.48160796198863 36.18399991506338
138.48157983604625 36.184253979867414
138.4815764197721 36.18453005175188
138.48157294425903 36.18481091077948
138.481552827691 36.1853458624783
138.48152915942606 36.185450218009954
138.4814339909278 36.18586982457049
138.4813538971846 36.18619988529831
138.48133694711336 36.18626992075749
138.48131070765177 36.1863522237681
138.48130286070636 36.18637683659144
138.4812749210285 36.18655099391679
138.48122593345997 36.18670298576436
138.48121196362104 36.18679295152708
138.4810728240253 36.187217820895114
138.48105644044844 36.18726778374268
138.48089997055158 36.187744949484134
138.48075230838506 36.188222548416626
138.48069098176117 36.188420903423896
138.4805589202171 36.18885992889538
138.48053191186187 36.18899497067172
138.48049694984417 36.18913854944563
138.48047081709962 36.18924586897893
138.4804689544544 36.18925294703065
138.4803439709621 36.18977690912285
138.48026705230808 36.190082627307255
138.48020483136634 36.19032992848001
138.48018993020483 36.1904049930812
138.4801839697402 36.19042995252676
138.48012194365535 36.19074492582854
138.48006945971807 36.19098420910472
138.4800589862479 36.19103195945245
138.479859869477 36.1915438143509
138.47968302713548 36.191897499033935
138.47961083381497 36.19204188567494
138.4794558617351 36.19236095679613
138.47919076337055 36.19278838736278
138.47912095812978 36.19290093763696
138.4786409544641 36.1934409184778
138.47853660016895 36.19354783886218
138.4783228146655 36.19376688138619
138.47778692772886 36.19421762109205
138.47773198361097 36.19426383512312
138.47723894142894 36.19472688871757
138.47701199639843 36.19491709264732
138.47618753124434 36.19560808161458
138.4758859159623 36.195860867109765
138.47539172235977 36.19628616864891
138.4746379436844 36.19693486832682
138.4745093025562 36.19704413071976
138.47373703690974 36.197700060854174
138.47315788581577 36.19819196756613
138.47292099531566 36.198393093312205
138.47250894023125 36.19874293801359
138.47205969349153 36.199124427853555
138.4711998741292 36.199854566376445
138.47101584384626 36.20001084059501
138.47052987971597 36.20042285771123
138.47036720628333 36.20059605957777
138.47003199465644 36.20095296653255
138.47003087706932 36.20095389785514
138.46969607063147 36.20137354418364
138.46961997754022 36.201468919250416
138.46910203287663 36.202160261750414
138.4688048840047 36.2025568903064
138.4685623497935 36.20294322375666
138.46842695329548 36.20315889723209
138.46818182918835 36.20365398832382
138.46809633356136 36.20383140066806
138.46804790499914 36.2039318949863
138.46791994127452 36.204190988932346
138.46773240209248 36.20468307742259
138.46739921885344 36.20555732479466
138.4670364790547 36.206509126321905
138.46692491621357 36.20680185869638
138.4666877338981 36.207441866008075
138.46633924154514 36.20838222976791
138.46617892681462 36.20881481935415
138.46600422175328 36.2092710524686
138.46566435638684 36.21015859306661
138.4655638813726 36.21042097830223
138.4653629019565 36.21094996953643
138.4652979064638 36.21108297139057
138.4649929806216 36.211706948542
138.4648447819265 36.21194139276635
138.46433317615913 36.2127507319932
138.46390892112052 36.21342188596923
138.4637668895412 36.21364636295522
138.46319437385267 36.214551208179024
138.46265404078915 36.21540518965346
138.46237894436075 36.215839971956015
138.4620918197319 36.216292491586614
138.46153727052712 36.21716648279493
138.4610199906035 36.21798173616034
138.46081488119398 36.2183049966016
138.46048344455332 36.21882729248696
138.45995103254606 36.219666296286185
138.45940441130338 36.22052769177147
138.45889095497634 36.22133682417877
138.4588749999271 36.22136205756111
138.4587618736646 36.221540970091695
138.4583648027779 36.22216199848861
138.45784771965472 36.22297072890377
138.4573028636866 36.22382289671502
138.4572782457557 36.22389003652664
138.45722295620791 36.224040826202355
138.45699385084944 36.22466797883811
138.456960965766 36.2247526626801
138.45686495580222 36.22499990221112
138.45663656113035 36.22575538877709
138.45650490648683 36.226190877546166
138.45640752491755 36.22677082224558
138.45638383454943 36.22691190749955
138.45625188816825 36.22781208774053
138.45621191239832 36.22808481517624
138.45618490404303 36.22847895089863
138.45618935614132 36.22870975704696
138.45619198209477 36.228845892001225
138.45619067200056 36.22961003421747
138.45618993318504 36.23004096515568
138.45622197068235 36.23046993234314
138.45623835023187 36.230576152072786
138.45633298433572 36.231189844709405
138.45640287052385 36.23148176439601
138.45651496477086 36.2319499902118
138.45613796538422 36.23205597472316
138.45561295066693 36.232225681713665
138.45501199636635 36.232419935593455
138.4545362679822 36.23257154972988
138.4537349668235 36.23282692356766
138.45348425427443 36.23290867345592
138.4527689990275 36.233141896869434
138.45285691588052 36.23330189809133
138.45303889631566 36.233646859980674
138.4531211223231 36.23380619269036
138.4533769664178 36.2343019522943
138.45361134281427 36.23474221734841
138.45398381622098 36.23544189115111
138.45404250374318 36.23561036742989
138.45416393401095 36.2359589614561
138.45423098923783 36.23628585568709
138.45425742446977 36.23656585871601
138.4543058675745 36.23707897000936
138.45434602475004 36.23750841682527
138.45437590303368 36.23782793964061
138.4543538457539 36.238420819137936
138.45431814439 36.239380439132134
138.45428207132426 36.240350050130374
138.454261909148 36.240891990979584
138.4542658207029 36.24113487991247
138.45427576016152 36.24127929439979
138.45428481968383 36.24141092392976
138.45429785820016 36.24190582875697
138.4542631134138 36.242301320847005
138.4542589289157 36.24234895204788
138.45449399473878 36.24273284322172
138.45453199270068 36.24279188907426
138.45457185330775 36.24284087664278
138.4548120689897 36.24315397698171
138.45501385901153 36.24341699280032
138.45546862705783 36.243904768204814
138.45572985982292 36.24418496141251
138.4561709342041 36.24461485992256
138.45623108085806 36.24467174953751
138.45642891056303 36.24485886644256
138.45688395478317 36.24510194163997
138.45705382802458 36.245186878260675
138.45722615072432 36.245289684416775
138.45764391402105 36.24553891820175
138.45788698921845 36.24575181854706
138.4579888759104 36.245941994621056
138.45800180538853 36.246053849641136
138.45801290403335 36.24614986582436
138.45799893419442 36.24660192981218
138.45798836822743 36.246961497796526
138.45798682700067 36.2470139469284
138.45793994336162 36.247027478233456
138.45751893052875 36.24714898870473
138.45696497984898 36.247328920230174
138.45687935281882 36.24736775389737
138.4563698647105 36.24759881751833
138.4562029717014 36.24770889984911
138.45603384351807 36.24779588537952
138.4559861719533 36.24789795043142
138.45591891830978 36.24804194080923
138.45582299208246 36.2482699285806
138.45573284005522 36.24840199012463
138.45566988264775 36.248449860106035
138.45525488529924 36.24846382994497
138.4550712036183 36.24844977188528
138.45481194827286 36.24842992980249
138.45428481968383 36.24838094223397
138.4538684882305 36.24836358869128
138.4537798565726 36.24835989434332
138.453661951132 36.24835989434332
138.45342781663152 36.24840385276982
138.45324881642867 36.24850387681657
138.453163879808 36.24861582179254
138.45312085270407 36.24875496138829
138.45314190059472 36.249022996031265
138.4531463093495 36.24905597351707
138.45316984027258 36.24923198482168
138.45323186635744 36.249384907991846
138.45354590833662 36.24962798318926
138.45388043595156 36.24980623639329
138.453905957652 36.24981983564391
138.45391681524833 36.24983504174861
138.45405385168016 36.25002696178914
138.45412891628138 36.25020894222428
138.4541408372106 36.25051087700973
138.45408998699688 36.250742962600505
138.45406344009135 36.25085166402946
138.45391098679403 36.25147591348311
138.45388192952905 36.25176890757164
138.45386837696128 36.25182730158072
138.4536979001842 36.252561835629386
138.45363813591968 36.25281433080604
138.45363494277674 36.25282782136264
138.4535788771565 36.25307089656005
138.45346898109025 36.25356188983236
138.45339003235677 36.253819953504866
138.45331996947496 36.25404897154977
138.45323093503484 36.25453884723497
138.45322683721542 36.254593981532615
138.4532169651959 36.25471784743781
138.4532126186494 36.25473754886983
138.4531798985566 36.25488585803403
138.45314897864645 36.25520697806493
138.4531239075098 36.25568082254752
138.45312290161377 36.25569983398243
138.45318287878894 36.25620181686137
138.45317691832432 36.25634486801203
138.4534829509292 36.25648698784009
138.45351419249775 36.25649529559211
138.45379885555354 36.256570993138205
138.4544649374738 36.25674384661191
138.45467809636196 36.256800024253856
138.4551179808777 36.25691595502755
138.45561493461463 36.25706589796541
138.45584474449586 36.257116193057264
138.45611281967416 36.25717486270908
138.4563739625299 36.25731381604032
138.45654588468102 36.25748685577855
138.4567232070268 36.257733179645854
138.45705997475372 36.258200993944726
138.45734314430183 36.2585833017099
138.45760796496887 36.258940836614535
138.45769383291216 36.25906991792626
138.4577469183001 36.259208871257506
138.45772587040943 36.25936384333738
138.45769339755165 36.25954040628482
138.45767986307322 36.25961399658651
138.4575988380074 36.25989283457159
138.45743274912144 36.26050113941489
138.457418906482 36.260551838440115
138.45724270453812 36.261464106978
138.45723096558223 36.26152488428782
138.45722613027664 36.261581452163874
138.45721672487855 36.26169148520828
138.45720731948046 36.26180151825268
138.45719876482045 36.261901598576
138.45719195891562 36.26198122034468
138.4571859564699 36.26205144250474
138.45718515385786 36.2620608322029
138.4571830268714 36.26208571565735
138.4571817027794 36.26210120611016
138.45718085260603 36.26211115222428
138.4571796236366 36.26212552984517
138.4571789977814 36.262132851678125
138.4571808865118 36.26213276416938
138.45718656883128 36.26213250089589
138.45720363882145 36.26213171000832
138.45722141910153 36.26213088621156
138.4572279038379 36.26213058576045
138.45728770638277 36.26212781498617
138.45735747601844 36.26212458241618
138.45737196782318 36.26212391098121
138.45743496040888 36.26211549009736
138.4575148214408 36.26210481423024
138.45761614858588 36.26209126876119
138.45769383291216 36.262080883877296
138.457708234867 36.26207933426472
138.45780811133343 36.26206858781885
138.45790636179726 36.262058016326606
138.45798658817094 36.262049384179186
138.45803733940548 36.262043923479446
138.45811593977655 36.262035466285646
138.45817681681015 36.262028916076474
138.45818066333578 36.262029067820144
138.45825926164835 36.26203216848752
138.45836023349975 36.26203615178074
138.45837984513597 36.26203692545079
138.45847185980838 36.2621248423038
138.45853090566092 36.26230496009376
138.45853090566092 36.26284289202488
138.45855068878407 36.262926829881835
138.45864899736603 36.26334394358122
138.45863782149488 36.26367195539933
138.45865400641816 36.263878778666715
138.45865886938554 36.26394092136489
138.45869798493456 36.264248816614945
138.45877857434508 36.26486587575458
138.4587989403039 36.26502181436915
138.45889185628596 36.26576578972388
138.45890585613785 36.26587788609888
138.4589797192052 36.26671830200473
138.4590058801846 36.267015962310495
138.45909126281143 36.26766733611531
138.45922362804384 36.268677134575334
138.4592819242019 36.26912186896328
138.45934146985232 36.269676407454845
138.45938790871324 36.27010888464992
138.45944826290793 36.27059448516191
138.45951792134758 36.271154946189114
138.45955586763355 36.271587956943534
138.45962483718154 36.27237497878913
138.4596382221088 36.272487032478864
138.4597480261221 36.273406271306406
138.45985990300463 36.27434286343328
138.4598613628422 36.27435382041639
138.4599759458 36.275213836324525
138.45998794121368 36.27531555933652
138.46006982311764 36.2760099308791
138.46010637471392 36.2762961510235
138.46011489913124 36.27636290214277
138.4601329667896 36.27655885241685
138.46015587732543 36.27693194024858
138.46019218190287 36.277309863781234
138.46025087223018 36.277920818580405
138.4605829818677 36.27790684874147
138.46096091257692 36.27787294859901
138.4610463135046 36.277864105051165
138.4613278536795 36.27783495063711
138.46152883309563 36.27782694126279
138.46156887996725 36.27782489235308
138.46189987201765 36.277845940243736
138.46209787120145 36.27792193616752
138.46222794878443 36.27797740686865
138.4623979433417 36.27804989989213
138.46281387201282 36.278220890720654
138.46329579744645 36.27844374488443
138.4634929924494 36.278534932699834
138.46391897940455 36.27872883406421
138.4641099005366 36.27882699546576
138.4642268746546 36.27890485403474
138.46427306054366 36.278940823909245
138.46440792376714 36.27904585627569
138.4644839196909 36.27910899994766
138.46451893742054 36.2792108866396
138.46453886772406 36.27931091068635
138.46457090522134 36.27948395042458
138.46458096350537 36.2796949881247
138.4647098585526 36.27968288093096
138.46484446224895 36.27967058960317
138.46516881432763 36.27964097141417
138.465406860383 36.27963389336245
138.46569296268433 36.27960781632977
138.46589599101014 36.27957484750989
138.46601344921132 36.279541786926
138.46608393190988 36.279521948386474
138.46626684366765 36.27946290253392
138.46643392294126 36.27936790762919
138.4666198149313 36.279241992814285
138.46675895452705 36.27914699790956
138.46693540618722 36.279034087535656
138.46696999222718 36.27901195613322
138.4671039164164 36.278919941460785
138.46718983147693 36.27899708967842
138.46724082083793 36.279042876043384
138.46731290520682 36.27912092087688
138.46741778929248 36.27922393996187
138.46753288360387 36.27933698771902
138.46791696104222 36.27950090049582
138.46795211577637 36.27947844735558
