30.73624611822938 59.90055254388521
30.73443324274008 59.900538010985045
30.73342194557388 59.90052990393035
30.732614026768253 59.90051948245863
30.73080304501428 59.90049612232019
30.730172933567456 59.90048799441355
30.72900355591735 59.90046457747086
30.727038981161677 59.900425236600576
30.725577974146113 59.90039597974113
30.725216285457275 59.90038331977313
30.723042965432786 59.90030724838129
30.72128886106511 59.900245850538745
30.72101478813534 59.90023449190128
30.71920177693206 59.90015935373644
30.71739051481191 59.900084288060334
30.715715826654044 59.900014882535075
30.715491431226056 59.900003931241734
30.713686862568007 59.89991586188618
30.711700463493788 59.89981891856093
30.710593924908203 59.89976491555046
30.709885258279275 59.89971853699031
30.708225944077057 59.89960994347058
30.708095808400337 59.899601659197806
30.706306567344683 59.89948775837261
30.70451651812495 59.899373806100705
30.70368481510173 59.89932086093696
30.702715367303338 59.8992513279204
30.701300815521943 59.89914987010844
30.700855829585848 59.89911596996596
30.70079335685368 59.89911064998376
30.69878142761278 59.89893932039114
30.696733803351187 59.89876495112236
30.696616821660477 59.898754989327976
30.695432924377165 59.89866092574584
30.69479882877855 59.89860464682872
30.69291450298788 59.89843740419965
30.69145599063015 59.89830795448216
30.69094453304824 59.898260434838335
30.690152884054623 59.89818688254476
30.688906496964645 59.89806356685831
30.687362827823225 59.89791083852747
30.687145935640203 59.89788449444348
30.68700091586264 59.89786688010097
30.685910895896946 59.89775083730558
30.685220813628657 59.89767770566654
30.683205375580467 59.897464119120954
30.681711934843182 59.89730585136948
30.68120587117364 59.89724728000042
30.679569892873687 59.897057933294576
30.679228651731073 59.897018563343785
30.67835582073828 59.89691786237623
30.67728831635786 59.89678567216562
30.677120886976734 59.89676493920606
30.675455110136287 59.896549453947195
30.67380481974344 59.8963359720186
30.6735821482369 59.89630814469323
30.67302083238261 59.89623799688156
30.671674505620725 59.89606213955841
30.67079199114722 59.895946865438226
30.670148819762815 59.895853919443205
30.66987606463934 59.8958159601907
30.66841693226435 59.89561289315551
30.668114484693632 59.8955699029134
30.667487844843144 59.89548083161147
30.666342464582545 59.895314883080495
30.664561815512815 59.89505689356603
30.662822742269537 59.89479662251169
30.66178889561718 59.89464189621751
30.66109925311827 59.89453468217955
30.66026487932201 59.89440496774923
30.659357685613735 59.89425401143288
30.658755950452893 59.8941538831775
30.65763458744452 59.89397033690765
30.65680091806056 59.89383388073371
30.65566017952032 59.89363764824286
30.65486488464918 59.89350083977359
30.65480490747403 59.89348985016696
30.653940210394943 59.89333873887429
30.652893833508205 59.89315587788423
30.651924249854897 59.892996682068706
30.651602834126415 59.89294390886152
30.650187747454005 59.89270637461824
30.650065965579433 59.89268593250258
30.64847969547211 59.89242518196849
30.646740610657233 59.89213931180539
30.645016156213156 59.8918558465776
30.643275578467023 59.89156973100697
30.64151340067592 59.89128006482838
30.639759867338263 59.89099181962207
30.63961391835542 59.890967828578525
30.63804472960547 59.89070998106099
30.636331603115128 59.8904284818387
30.63617584786212 59.89040288829214
30.635452955263546 59.89030081533568
30.634730993987567 59.89019296817913
30.634596695900452 59.89017469456157
30.63367282525464 59.890048985705874
30.63290690555215 59.889950824304314
30.63279225501267 59.889937137041805
30.630984888543196 59.88972136920129
30.630469820584427 59.8896598791255
30.62909248164312 59.88951049619675
30.62793494674418 59.88938495269533
30.627176370217573 59.88930945009329
30.625984943493865 59.889190865066446
30.625358030992185 59.889135384831505
30.624334826119277 59.88904483368348
30.62349679771549 59.88897401618542
30.623115911106375 59.88894182940442
30.622693835706126 59.88890699793936
30.62257295003324 59.88889787097792
30.621688057858965 59.88883240141906
30.62069484488729 59.88875891764668
30.61983171276873 59.888705745684675
30.61769633610566 59.88857419900213
30.61699395515756 59.88853092987532
30.61571189471831 59.88846973594935
30.61348107167414 59.88836325671011
30.612236945604614 59.88830387342655
30.61152884398156 59.88828834954569
30.609477795740258 59.88824338392565
30.609135827626343 59.88823588687709
30.60758498924043 59.8882008691475
30.60741489493586 59.888199189507205
30.60539093362523 59.88817920337673
30.605264878390688 59.88817795861165
30.603396725681705 59.88818520829473
30.602960972554108 59.888186899308565
30.60142638335325 59.88820054242088
30.599484322093367 59.88821780812291
30.599126903693236 59.88822098571556
30.59766398216033 59.88825991500005
30.59756325982947 59.888262605890034
30.59563767007194 59.88831404979671
30.59418493347283 59.88835286099507
30.59364173278996 59.88838267522264
30.591628495814053 59.888493174173135
30.591123862366167 59.88852087159129
30.590918971395173 59.888533910107626
30.58958468857982 59.888633875879115
30.58750765719814 59.88878948909851
30.58539620281565 59.88894768132274
30.585379837126577 59.88894890745615
30.58334489725556 59.88910183062632
30.58326972220797 59.88910808586671
30.58172197450076 59.889236872402655
30.58112706239528 59.88928466466909
30.578971166648135 59.88945785856277
30.576819212189857 59.88963073583299
30.574677236334875 59.88980281147207
30.572532376788693 59.889975118772504
30.57039500598744 59.89014682446459
30.568273816304952 59.89031723024642
30.56614966033075 59.89048787432531
30.56421888390673 59.89064298325725
30.56401927716106 59.89065954546585
30.561889823493008 59.89083623516511
30.55988199892359 59.8910028327881
30.558023047276436 59.89115707780052
30.556214047901125 59.89130717806351
30.55420688627639 59.89147372067919
30.552341173661077 59.891628526677486
30.5504377995345 59.891786457609285
30.548486740823773 59.89194834513096
30.546498073220462 59.89211335322014
30.545936835093876 59.89215992150068
30.54440931125581 59.892282516761504
30.542224155101064 59.89245789195504
30.540426207279292 59.89260219077163
30.538575027345644 59.892750761865024
30.536689536170307 59.892902086693255
30.53552092318656 59.89299587666234
30.534760324579818 59.89304787512335
30.534204964359215 59.89308584242506
30.533613947040156 59.89311285078033
30.532809598368836 59.89312089426704
30.532514986377542 59.89312384038696
30.53147581662556 59.89311583101263
30.530848850254316 59.89309683203169
30.530828822861235 59.8930960023254
30.530196924437515 59.89306982367642
30.52932297131396 59.89300090580436
30.52892729123536 59.892966165364165
30.528832909364244 59.89295787870045
30.52839388389276 59.892912988951345
30.52718186066706 59.89275485037464
30.527128160729916 59.89274576105811
30.525769975612388 59.892515872996654
30.525398225985025 59.8924305592914
30.523839902665618 59.89207293597027
30.5233936888819 59.89197022217127
30.52312297053165 59.89190790560636
30.52146242181792 59.89149344357688
30.52117594751364 59.89142194147606
30.52079187007528 59.891322848751905
30.51963266305604 59.89103962725467
30.51774904396024 59.89057941487528
30.517198827502103 59.890444984073454
30.51653498075608 59.890287963083864
30.515881083811053 59.890124780162445
30.5140187479139 59.88966002586948
30.513921875817815 59.88963585100254
30.512758840160643 59.88934695473344
30.51230289980851 59.88923662251304
30.510542977494968 59.88881074194405
30.510311883173404 59.88875481982726
30.51018187053908 59.8887229685945
30.51010699220241 59.888701920703845
30.508748769897384 59.88836758359338
30.50725882144106 59.888000821054
30.50693486004074 59.887919925818835
30.50598998753704 59.88768398510703
30.505208995463484 59.88749207958719
30.50472785915571 59.88737385468276
30.503446160210505 59.887056324837786
30.502624932735227 59.88685287282287
30.502445932532385 59.88680891439637
30.501806896846983 59.88665043133948
30.501582969015455 59.88659489646393
30.50136485326361 59.886541997340515
30.50087087975899 59.886443835938955
30.500059266392444 59.886296982302945
30.499539833505597 59.88620299591578
30.498917896276367 59.8860968251399
30.498243991246312 59.88599288953825
30.49822566884856 59.88599054726644
30.49646223870007 59.88576511646914
30.49642996109493 59.885760990211985
30.495415937053025 59.88564885897149
30.494555897140923 59.885556637243575
30.494418863082355 59.88554194313754
30.492800869242437 59.88537184472485
30.492515984755368 59.88534189504404
30.490938256159396 59.8851804757563
30.490589823363493 59.88514482718285
30.490114848839823 59.88510291766605
30.489802855770353 59.88507684063338
30.48912921969515 59.88501701996605
30.488170992318636 59.88493192683753
30.487855832752345 59.88490398715967
30.48733783112477 59.88485686223634
30.48733579227501 59.88485666286137
30.485956865980256 59.88472182046
30.48543040809297 59.88466205214712
30.48473292182534 59.88458286712876
30.483451980727583 59.88442882637148
30.483420331487174 59.88442440095257
30.481642979718217 59.88417587915456
30.481403002276963 59.88413930601599
30.479364368061027 59.88382861326386
30.47891383198456 59.88375995048344
30.477754894146805 59.88356083371254
30.477638904615564 59.88353953378508
30.47575247924076 59.88319311697313
30.475277948571993 59.883105975756926
30.473930468038215 59.88282729973413
30.473057861769004 59.88264683371738
30.472254766873828 59.882472478908056
30.47156588297112 59.88232291971869
30.4707019881316 59.88211299960568
30.470663990169705 59.88210294132165
30.470531114171777 59.88212452413345
30.470436933720936 59.88213982169643
30.4701349989355 59.88219588731667
30.469877953899157 59.88225698207893
30.46968889541229 59.88232683127359
30.469656857915 59.88235886877087
30.46923576931594 59.882779298183024
30.46906192904104 59.88295286632224
30.46841276189921 59.883600966074155
30.46781581940835 59.88419692704522
30.467562872191433 59.88444894293954
30.46752988023306 59.88448193489791
30.4674268990925 59.88458491603848
30.46712291539735 59.884892997553045
30.46666634728827 59.88535640578361
30.465782153839804 59.88625384586601
30.464996892176497 59.88705087200666
30.46490902714915 59.887173021623106
30.46480690236703 59.88731499509473
30.464482573640257 59.8881764334122
30.46439693416052 59.8884038974733
30.46412932597336 59.889114410076
30.46408699000076 59.88922681411863
30.463991995096027 59.88947789869036
30.4639448701727 59.88960493109237
30.463896813926773 59.88972898326208
30.463764573105134 59.89007924445931
30.463392613975618 59.89106443835336
30.46302441990832 59.892039659871365
30.46268619674558 59.892935498602874
30.462351936005472 59.89382084221737
30.462338041242667 59.89385711233959
30.462297919294937 59.893961844458325
30.462222854693746 59.894160961229225
30.462059873239543 59.89459290864899
30.461978790043705 59.89483488634325
30.461869883430076 59.89515989784509
30.46162580973708 59.89579740375962
30.461532930915048 59.89603999769777
30.461329902589245 59.89638682223231
30.46114677256811 59.89667300731062
30.46089795516948 59.89706184484948
30.460542140125312 59.897649692467986
30.460009218607823 59.89853014047049
30.459506931740947 59.89935997648597
30.459436304101825 59.89952229734384
30.4591209916574 59.900246968125856
30.45902040102228 59.90050044116901
30.45887698513739 59.90086182730336
30.458835820678676 59.90097284095673
30.45875982475489 59.90116990881793
30.458682897508503 59.901360829949994
30.458645738876427 59.90146015029123
30.458382825368258 59.90216288496918
30.45832992624484 59.902250988086706
30.458148311548012 59.90245073244679
30.458010855123643 59.902601910440666
30.45773797760318 59.90287981710314
30.457343841880796 59.90316983095936
30.457119011946073 59.90329537584877
30.456426861653338 59.90368187212233
30.45576653826989 59.9040557949687
30.455497960496647 59.90420788312423
30.454824986789188 59.90458581383346
30.454539255544848 59.904758358976395
30.45421888204408 59.90495182361346
30.453999834969636 59.90507792469288
30.453230902976475 59.9055276686715
30.452756891833772 59.90580491511088
30.45218394217306 59.90612882910957
30.452011606397097 59.90622865907218
30.45143795277412 59.90656096279385
30.450683649045647 59.90695978412224
30.450620996593408 59.90699291021361
30.45009386800439 59.90726988555349
30.4493764699647 59.90765048740222
30.448223958497284 59.908261930382146
30.448079726950393 59.90833782500942
30.44671502092578 59.90905593319938
30.44610892488306 59.90937486088369
30.445350574467092 59.9097358435681
30.4453208397028 59.90974999762513
30.444730939970857 59.91003181584251
30.444037849695334 59.910355916105715
30.444000141283716 59.910372121517064
30.442448773687325 59.91103883085259
30.442015948340657 59.91122484008725
30.44176784400123 59.91133287350832
30.440990128795928 59.91167658089828
30.439821938570333 59.91219285679295
30.439620516054305 59.912282041447234
30.439437861131974 59.912362916298875
30.439726429253152 59.91242937170854
30.439919913707374 59.91247392995225
30.44155326374548 59.912850650698026
30.442416975850247 59.913049859845266
30.443309334443715 59.91326096540746
30.44492391001263 59.91364292607403
30.44514482028048 59.913695605601845
30.44704259975998 59.91414816096671
30.447317967876447 59.91421382682503
30.448868114895067 59.91457879010059
30.45070211873007 59.915010584013665
30.451586964389392 59.915218910170026
30.45253922395642 59.9154403920735
30.454343363515743 59.91586000903254
30.45597376583051 59.916239217202886
30.456311936445054 59.91631787083264
30.456777970271812 59.91642590425371
30.457116971696543 59.91649985126778
30.45762534435707 59.916624120140355
30.457971925839153 59.9167088400582
30.458365875297023 59.91666097007679
30.458833958033487 59.91670697741301
30.459455320063263 59.91685458511746
30.46082084165858 59.917178971704374
30.461121482316425 59.917250314763294
30.462265881797652 59.91752188468401
30.46285306651151 59.917661654098744
30.46369397186549 59.917861817431344
30.464197817389618 59.917981958046155
30.46422389442229 59.917952900781174
30.46437495494727 59.91779085064957
30.46451390827851 59.91764090771171
30.464674840822997 59.917466936650875
30.46491203544281 59.91721040807597
30.4649559139823 59.91716295295573
30.46502185162206 59.917092917496554
30.46512988504313 59.91697594337857
30.465588947069755 59.91647976169984
30.46567582634857 59.9163858573821
30.465991453406392 59.91646245612941
