8.773797130714687 48.016457319033066
8.77355095983038 48.01661796159934
8.773343833685155 48.01678895242785
8.773148814733672 48.01692585684938
8.77291281758799 48.01718383320832
8.772886180300867 48.017220289730695
8.772722827778521 48.017443858476966
8.772560963911436 48.017758831778735
8.772410264803149 48.01822672370805
8.772409903386457 48.0182278458378
8.772338936604685 48.01870188903887
8.772301869965386 48.01920089168551
8.772302124050894 48.01921704136043
8.772315839804318 48.02008881464799
8.772329822962956 48.0201921318183
8.772417912760778 48.02084299968577
8.77248661520783 48.02115592178038
8.772519985717237 48.02130791592541
8.772691907868353 48.021959841742216
8.77275196526013 48.02210044607979
8.772905925800783 48.02246089329856
8.773149932320788 48.02292599580272
8.77317331655786 48.02296741494158
8.773263926206468 48.02312790654141
8.77338984102137 48.02334695361585
8.773653059079777 48.02384652145334
8.773712823697466 48.02395995014816
8.773841905009194 48.0242959713406
8.773978503013414 48.02474672724944
8.774251542305532 48.02564772192335
8.774277950248374 48.02573486475054
8.773958879127179 48.025789999048186
8.773804838369895 48.0259179627728
8.773453916015937 48.0261589890605
8.773210999538097 48.02632011900389
8.773064995700084 48.02641696541944
8.772770884024446 48.02662688553245
8.772580894214977 48.02670083254653
8.772350857533906 48.02675782948936
8.77205103634778 48.0268090788164
8.771244818819572 48.02694688797624
8.77088197553639 48.02697594524121
8.770632091199827 48.02698889489062
8.77045785122643 48.02699792445446
8.769075644301443 48.02700657251352
8.768373923786891 48.0270109629708
8.767550085389248 48.02703191538256
8.766608881204029 48.0270558527199
8.766374932968056 48.02709087044949
8.766205445719526 48.02712418845561
8.766069831685792 48.02715084762463
8.765191967007338 48.02755988450855
8.764973098334098 48.02768516704669
8.76382001854328 48.02834520103298
8.76364597149892 48.02844482723873
8.762935931152164 48.02860389713803
8.76257275394116 48.02866873176104
8.761124900442594 48.028927203473806
8.760840827841479 48.028977916292355
8.759828161412916 48.02925388438399
8.758522423313906 48.02960971927808
8.758352892660042 48.029655919141824
8.75742568833557 48.0302337453132
8.756781937706068 48.030634925454144
8.756329379329141 48.030744242626675
8.755750963592924 48.03088396111617
8.754934836839778 48.03104931699525
8.754166970122613 48.03120489488255
8.753617939142469 48.03122212111604
8.753240862933714 48.03123395214753
8.752643885150043 48.03119986574053
8.752329843170862 48.03131497721333
8.752283376387 48.03132596968317
8.750916157519649 48.03164940743619
8.750055925921856 48.031852909144455
8.749496130709044 48.03174877771672
8.748587975246936 48.031579845359474
8.748245993589892 48.03138799290481
8.748234853864313 48.03137538497272
8.7478898558294 48.03098491648551
8.747532291097704 48.03058669728175
8.74727387906478 48.03029890426171
8.746896749248537 48.029715115820856
8.746877880697204 48.0296859077294
8.746431510864888 48.02886326531931
8.746316851965714 48.02865195338395
8.74592829252982 48.027966558632464
8.745631957329033 48.02744384171316
8.745345638961156 48.0271098036173
8.745098868275408 48.02682190448392
8.744634841240376 48.02622811347836
8.744633952035768 48.026226975609966
8.743961382859284 48.025432824495255
8.743953900276583 48.025423989268184
8.7439218627793 48.025403872700124
8.74364898525884 48.02520196196144
8.743210891109948 48.02507399823682
8.742813961419776 48.024991855583906
8.742787859657902 48.02499420584848
8.74175895918367 48.025086850488634
8.74144361311506 48.02514640128815
8.740683840379504 48.02528987881444
8.740154485412516 48.02545726799836
8.739943997709691 48.025523827050414
8.739278847112034 48.025911816043674
8.739023342602062 48.025988358825344
8.738226825108233 48.026226975609966
8.737926939232505 48.02639982908368
8.737835144896156 48.02647656782092
8.736950488923807 48.02721612741588
8.736896896441957 48.02726092995541
8.736801363964371 48.02733272615376
8.736381875046682 48.027647987626075
8.736147099387441 48.02793045636161
8.736061872602892 48.028032996387026
8.735889950451774 48.02821888837707
8.73573982124939 48.02823881868062
8.73556286995626 48.02817697886028
8.73558093761461 48.02803392770962
8.735746452523749 48.027800125207605
8.735823826547499 48.02769082846547
8.736209952895566 48.02730395705933
8.736381875046682 48.02707392037825
8.736396825477287 48.027023672133325
8.736509838771294 48.02664383560368
8.73672683693603 48.02618897764807
8.736761489833174 48.0261505585431
8.737067887270477 48.025810860674326
8.737536788572628 48.025375776046005
8.73756893882682 48.02534594443468
8.737576079076135 48.02531211901632
8.737590918040073 48.02524182256852
8.737529108993119 48.02519464876716
8.73750989297427 48.02517998274818
8.73740595737262 48.02516992446415
8.737333399981983 48.02517837946969
8.736641900315327 48.025258958904274
8.736358964510835 48.02523399945871
8.73620082593413 48.02515595462522
8.73619486546952 48.025008991919655
8.736248781884175 48.024901337326426
8.736532935571661 48.02433396930249
8.73635989583343 48.02407487535644
8.73617765027067 48.02395288744426
8.735506990600534 48.02350397460544
8.735227966350942 48.02336781524199
8.735099308794602 48.02333542237658
8.734755972059578 48.02324897847881
8.734074988977797 48.023142993967454
8.733727060926356 48.02306593634735
8.733184553014105 48.02294578401001
