137.23675849234982 36.69567803205279
137.2367509581913 36.69558193599243
137.23673996858463 36.695013829209216
137.23669086708426 36.694754797472775
137.23666490398344 36.69461783084164
137.23660585813087 36.69429894598497
137.2365788497756 36.694127955156446
137.23654699854285 36.69396385611513
137.23651560950614 36.693778715546834
137.2364829235483 36.693585925405905
137.23646895370936 36.69339798450614
137.23646094433502 36.69328585326566
137.23644849490236 36.692832361931906
137.2364469744961 36.69277697859951
137.2364479058187 36.692411900142105
137.23644888584917 36.69191395556368
137.2364499547284 36.69137086774493
137.23646094433502 36.691073962101505
137.2364566124886 36.690940736307994
137.23643281839264 36.69020894967487
137.23642890683774 36.69008396618256
137.2364348809383 36.68999040569247
137.23643989644438 36.68991185776692
137.23641586832142 36.689106822515434
137.23641211701465 36.68898203639952
137.23639686934047 36.688474827002175
137.2363848049415 36.6879870985401
137.23637898794664 36.6877519344036
137.23637489012722 36.687623970678985
137.2363214949692 36.6870431431172
137.23631081513264 36.68692696884856
137.23625791600924 36.68648086532535
137.2362469264026 36.68638493909802
137.23623925959706 36.68605487662154
137.236235936796 36.68591182721954
137.23627896389988 36.68532695662961
137.23630023152472 36.68512922352284
137.23634285262995 36.68473295907825
137.23637097857232 36.68441686818935
137.23639308583842 36.68417795725162
137.2363979869276 36.684124991687945
137.2364028298051 36.68406184801598
137.23641791723114 36.68389793523918
137.23642592660545 36.68365895786119
137.23644106689926 36.68324207163233
137.2364419453541 36.68321788348
137.23650397143894 36.682426818067434
137.23651279881426 36.68232910451346
137.23658183000794 36.68156497213762
137.23660404897615 36.68131882867287
137.23664385609277 36.68087784232671
137.2366826939178 36.680377734971266
137.23672096960368 36.67988486617546
137.23673996858463 36.679638997010265
137.23675925122745 36.67943938841096
137.23679398529515 36.67907983092397
137.23684239452857 36.67851719172071
137.23687985323846 36.678081825630706
137.23692099435277 36.67761088730035
137.23692194901977 36.67759995931983
137.23692194901977 36.677487828079336
137.23690221518456 36.67749000861362
137.2364499547284 36.67753998214468
137.23630187443572 36.67755693221592
137.2357343943778 36.67762158057207
137.23524892110933 36.67767688656621
137.23500398326675 36.67770296359888
137.23460063236632 36.67774444657399
137.2343429304885 36.67777095014835
137.23343887703734 36.67788298064512
137.23315698429548 36.67791791285391
137.2323173258203 36.678025603858025
137.23221299571276 36.678038984791314
137.23196992051535 36.67808089430811
137.23152586590183 36.67814198907037
137.23116581658644 36.67818482990976
137.23109117838817 36.678193738807586
137.23030285306953 36.678287834188815
137.23006685592384 36.67830590184717
137.2299711927287 36.67830980461509
137.2294778875145 36.678329929970126
137.2291539735158 36.67832396950552
137.2287600320766 36.67831685722277
137.2285968563392 36.67831391122149
137.2281809276681 36.678279824814496
137.2280708453373 36.67827088411758
137.22790190341848 36.67828485395651
137.22774898024832 36.67829696115025
137.22758981570348 36.67829357969006
137.2273719808617 36.67828895177593
137.22701994092063 36.67831297989889
137.22700187326228 36.67831391122149
137.22636397634696 36.67839051735721
137.22635199635516 36.67839195605499
137.22571087388047 36.67846888330137
137.22532195356462 36.67851284172787
137.2251722913133 36.67853017254061
137.22473484780048 36.67858082827734
137.2246288632891 36.67859591570338
137.22419784719193 36.67865794178824
137.22408199066106 36.678662970930255
137.22395146449554 36.67866792496291
137.22350289427123 36.678684950143506
137.2232858961065 36.678692959517825
137.2228388612607 36.678713821143965
137.22282021708435 36.67871473584916
137.2222238158187 36.67874399599606
137.2219138716589 36.67875386801557
137.22161442589888 36.67876340133271
137.22112988429808 36.67877882746113
137.2208178912286 36.678791865977466
137.220401916103 36.67881006488921
137.22022184476754 36.67881794301014
137.21932684375332 36.67885594097203
137.2191715873248 36.67886583476404
137.21906085802004 36.67887289104326
137.21833796542148 36.67891796705688
137.21808296929484 36.67893398580553
137.21804955754038 36.67893598707112
137.21768492201755 36.67895782766397
137.217498843763 36.678968817270594
137.2170959536082 36.67899396298067
137.21690889899727 36.67899997894797
137.2168469179462 36.67900197235499
137.21633394546063 36.67901687351652
137.21577508298185 36.67902147805505
137.2153618309355 36.67902488289084
137.21499898765234 36.67902581421344
137.21461295399394 36.67902283756836
137.21422598989813 36.67901985374883
137.2134410726049 36.679015848430154
137.21305792509895 36.679013893284214
137.21248199520593 36.67901091305191
137.21219912331597 36.67900854107624
137.21152683075204 36.679002903677585
137.21103285724743 36.67902395156825
137.21100603620266 36.67902439823117
137.21079797768886 36.679027863123146
137.2104399772832 36.67905990062043
137.20988217423675 36.67912496083109
137.20982195160886 36.67913198498932
137.20897184034374 36.679222882074626
137.2088669734195 36.67923498926837
137.20867027658304 36.67924115406212
137.20804089027737 36.67926088003652
137.20753003472194 36.67926000227784
137.2074988605268 36.67925994871393
137.20724796221958 36.67924784152019
137.2068899618139 36.67924392996529
137.20652898117592 36.67923983214587
137.2064848364849 36.679241881055574
137.20640299719415 36.67924479274571
137.2057518856023 36.679267958088246
137.2056309999294 36.67927689878516
137.20553097588265 36.67928192792718
137.20524515324962 36.679294971420354
137.2048738346593 36.67931191651475
137.2046229363521 36.67932495503109
137.20430088499862 36.67934097377973
137.20404404375202 36.67934823013558
137.20373389580251 36.67935699252837
137.2033229962734 36.67937599150932
137.2032879785438 36.67937785415451
137.20290483242806 36.67939685313546
137.20282841071054 36.67939875288437
137.20273998832866 36.67940095095488
137.20188987706356 36.6794499385234
137.20170071321533 36.6794571847192
137.20068884344448 36.67949594585961
137.20046464767847 36.67950468430603
137.20038299710416 36.67950786678883
137.200044927002 36.67950991569854
137.19988995492213 36.679517925072865
137.19984394758592 36.67951997398257
137.199258307239 36.67955043281858
137.19913483856175 36.67955685435735
137.19905996022507 36.67913999436364
137.1990329518698 36.67897086618031
137.19900687483712 36.67881291386812
137.1989807586043 36.678651128893385
137.19892082062933 36.678279824814496
137.19881595370506 36.67796596909984
137.19872785058757 36.67770296359888
137.1987264160197 36.67769867954701
137.19865986403806 36.67749993527308
137.19859895554035 36.677315905928225
137.1985898285789 36.67725890898538
137.1985151400242 36.676804448118595
137.19851290133252 36.67679082624892
137.19840281900173 36.676254943227505
137.1983668904881 36.67589224235239
137.19834991987832 36.67572092285128
137.1983448907363 36.67561586966252
137.19832496043276 36.675218939972346
137.19830340922104 36.67492707808505
137.19828789379346 36.67471695709341
137.19827690418683 36.67439881729481
137.19828789379346 36.67420081811102
137.1977130494586 36.674175588126005
137.1976979940615 36.67417492734287
137.19770466097643 36.67414549353475
137.19784793699938 36.67351294324204
137.19792171708875 36.67321085575741
137.19792486424575 36.67319796994026
137.19796584243997 36.67303089066664
137.1981379508556 36.67290199561943
137.1981589987463 36.67278986437894
137.19810591335832 36.67266096933173
137.19824879390637 36.67230213949153
137.19829385425808 36.67218897504037
137.1986965558058 36.671402075764526
137.19875597652992 36.67128596465184
137.1988308548666 36.67116899053385
137.19889492986115 36.67112894366225
137.1993018234874 36.67062747386229
137.1993509054039 36.67056698360816
137.19970499425466 36.67007096119384
137.19988373279023 36.66983091392572
137.20005796551834 36.66959691799276
137.20010788440945 36.669495962623415
137.20025093556012 36.66920091962518
137.20033609718237 36.66895446705165
137.20033698976792 36.66895188396317
137.20037983060732 36.66847784076209
137.20038895756875 36.66828989986233
137.20030976671504 36.66797861889118
137.20026788563135 36.667813994016065
137.2002019479916 36.667615994832275
137.20012317309127 36.6673455916443
