49.32972714684274 53.538841492596354
49.32960493854295 53.53834189932813
49.329526893709456 53.53802282820693
49.329497805383944 53.5379018658392
49.32947399458604 53.537802849809886
49.32931790491904 53.53715483554799
49.3292799077874 53.537005627299344
49.32921415848016 53.53674744099532
49.32921098908509 53.536734995321964
49.32911599461812 53.53674242159951
49.32886788984093 53.53676181741272
49.328863737484454 53.53676218708421
49.3288130769762 53.53676669723297
49.32877792407821 53.53676982678704
49.32874076453254 53.536772726676155
49.328726692942 53.53677382480724
49.32863451474362 53.536781018290085
49.328611904599825 53.536782782760255
49.32854266798628 53.53678818590764
49.32849332084358 53.536792036903115
49.328460960620546 53.53679456225849
49.328372714621096 53.53680144887696
49.32832968890922 53.53680480655508
49.32829713403 53.53680734710121
49.328228434787015 53.5368127083128
49.32822691436671 53.53681282696469
49.32816694833317 53.53681750664645
49.32813587028092 53.53681993194267
49.32813469247374 53.53682034455028
49.328086568615944 53.536837203226575
49.32808061336424 53.53683928946125
49.32803846897141 53.53685405342052
49.32802724612467 53.53685798499103
49.32801889616293 53.536860910136866
49.32802055904298 53.536869790623975
49.32802077241352 53.536870930113416
49.3280209622532 53.536871943938074
49.32802121673371 53.53687330297231
49.3280214050337 53.53687430857439
49.32802196292533 53.536877287953075
49.328022326427224 53.53687922920788
49.32802347883942 53.53688538357937
49.32802416827982 53.53688906548451
49.328024767212426 53.536892264039466
49.32802527797333 53.536894991720075
49.32802790859821 53.53690904037632
49.32802836073901 53.536911455000634
49.32803436804236 53.53694353655682
49.328039692255246 53.53697197011923
49.32804210161997 53.536984837152104
49.328049227977125 53.53702289493185
49.32805005150945 53.53702729294491
49.32805391389252 53.537047919714034
49.32804642435244 53.537053959665705
49.32803735614826 53.537061272733595
49.32800796333608 53.53708497661439
49.32797957943304 53.537107866858776
49.32796580684548 53.53711897378423
49.327951195530005 53.53713075710316
49.32792964511968 53.53714813646632
49.327925767886285 53.53715126326745
49.32791873496735 53.53715693497627
49.32790874578909 53.537164990765184
49.327900598358866 53.53717156127343
49.327880848673566 53.537187488438995
49.327875827683904 53.5371915376242
49.3278429682688 53.53721803715251
49.32783975389317 53.53722062939092
49.32781894249766 53.53723741277441
49.327805081975015 53.53724859061524
49.32778990162586 53.5372608328323
49.32776935423567 53.537277403308266
49.327757699179514 53.5372868025471
49.32774357465155 53.537298193295456
49.327738553661895 53.53730224248067
49.32773195472941 53.53730756420042
49.327727995449955 53.53731075716771
49.32772478107432 53.537313349406126
49.327722857080126 53.537314901014355
49.32771180619165 53.53732381302118
49.32770709611936 53.53732761146658
49.32769820378533 53.5373347827037
49.32769513014584 53.53733726144523
49.32769257273896 53.53733932387013
49.32746494548317 53.5375228942377
49.32769257273896 53.53733932387013
49.32769513014584 53.53733726144523
49.32769820378533 53.5373347827037
49.32770709611936 53.53732761146658
49.32771180619165 53.53732381302118
49.327722857080126 53.537314901014355
49.32772478107432 53.537313349406126
49.327727995449955 53.53731075716771
49.32773195472941 53.53730756420042
49.327738553661895 53.53730224248067
49.32774357465155 53.537298193295456
49.327757699179514 53.5372868025471
49.32776935423567 53.537277403308266
49.32778990162586 53.5372608328323
49.327805081975015 53.53724859061524
49.32781894249766 53.53723741277441
49.32783975389317 53.53722062939092
49.3278429682688 53.53721803715251
49.327875827683904 53.5371915376242
49.327880848673566 53.537187488438995
49.327900598358866 53.53717156127343
49.32790874578909 53.537164990765184
49.32791873496735 53.53715693497627
49.327925767886285 53.53715126326745
49.32792964511968 53.53714813646632
49.327951195530005 53.53713075710316
49.32796580684548 53.53711897378423
49.32797957943304 53.537107866858776
49.32800796333608 53.53708497661439
49.32803735614826 53.537061272733595
49.32804642435244 53.537053959665705
49.32805391389252 53.537047919714034
49.32805005150945 53.53702729294491
49.328049227977125 53.53702289493185
49.32804210161997 53.536984837152104
49.328039692255246 53.53697197011923
49.32803436804236 53.53694353655682
49.32802836073901 53.536911455000634
49.32802790859821 53.53690904037632
49.32802527797333 53.536894991720075
49.328024767212426 53.536892264039466
49.32802416827982 53.53688906548451
49.32802347883942 53.53688538357937
49.328022326427224 53.53687922920788
49.32802196292533 53.536877287953075
49.3280214050337 53.53687430857439
49.32802121673371 53.53687330297231
49.3280209622532 53.536871943938074
49.32802077241352 53.536870930113416
49.32802055904298 53.536869790623975
49.32801889616293 53.536860910136866
49.32802724612467 53.53685798499103
49.32803846897141 53.53685405342052
49.32808061336424 53.53683928946125
49.328086568615944 53.536837203226575
49.32813469247374 53.53682034455028
49.32813587028092 53.53681993194267
49.32816694833317 53.53681750664645
49.32822691436671 53.53681282696469
49.328228434787015 53.5368127083128
49.32829713403 53.53680734710121
49.32832968890922 53.53680480655508
49.328372714621096 53.53680144887696
49.328460960620546 53.53679456225849
49.32849332084358 53.536792036903115
49.32854266798628 53.53678818590764
49.328611904599825 53.536782782760255
49.32863451474362 53.536781018290085
49.328726692942 53.53677382480724
49.32874076453254 53.536772726676155
49.32877792407821 53.53676982678704
49.3288130769762 53.53676669723297
49.328863737484454 53.53676218708421
49.32886788984093 53.53676181741272
49.32911599461812 53.53674242159951
49.32921098908509 53.536734995321964
49.32900080501584 53.53583950328253
49.32886993875064 53.53528194580857
49.32877973729553 53.534895390171
49.328760974006975 53.53481498065922
49.32873899479372 53.53474196496774
49.328541171864096 53.533978482703645
49.3284938706866 53.5337959274753
49.32845587272471 53.53365194500205
49.3284128456208 53.533474993708914
49.328291898172814 53.5329818866154
49.328158967081286 53.53243992177635
49.32811798888709 53.532281969464165
49.328057393433134 53.5320395006276
49.32780468361169 53.53102829842681
49.327728882306715 53.53072498434912
49.32760985927902 53.530249823560936
49.327577837073754 53.53012141081581
49.32748096423181 53.52973293952047
49.32745786743144 53.52962993524142
49.32744091736021 53.529563997601656
49.327357522211166 53.52922898070584
49.32726787762198 53.52886885841643
49.327116853907576 53.52820670065668
49.32708086804481 53.52804892200341
49.32685317583427 53.52717486239882
49.326812833401846 53.52701999679998
49.32660429250281 53.52617402336079
49.32655299439772 53.52596592588647
49.32646898909962 53.525626924461726
49.32642894222801 53.52549896073712
49.32634791716221 53.5254119752067
49.3262268452248 53.525343988657234
49.32621887160217 53.52534191302005
49.32609590126789 53.52530990225024
49.32578688843072 53.52516983133189
49.32560099644067 53.5250079674648
49.325500972393925 53.52482282053283
49.32548886520018 53.52466486822065
49.32554399949783 53.52449983785674
49.32553480183483 53.52447161054614
49.32551699114256 53.52441695014574
49.32547992450326 53.52433294484763
49.32536891084989 53.524246890639816
49.32506194692243 53.52412488737981
49.32440927277921 53.523835251534926
49.32318738085745 53.52329301510226
49.32184390121385 53.52269682193956
49.32044528615798 53.52207616144982
49.319225456323714 53.521534840105424
49.31797861176125 53.52098153049137
49.31719990783632 53.520635966672806
49.316600500947146 53.52036999076476
49.315216000367535 53.51975564380697
49.31438284324965 53.51938594548522
49.31389592642615 53.5192283730866
49.313130959416874 53.5189808201562
49.31251978298947 53.518729679731145
49.31246189726431 53.51870589372603
49.31141881595743 53.518242840131585
49.31129032180053 53.51818576458999
49.31093490073685 53.51802789087656
49.31076893905034 53.517965864791705
49.310599997131526 53.51790495629396
49.31041391887696 53.517861929190055
49.31029191561696 53.5178399499768
49.31011887587873 53.517805863569805
49.30992229549237 53.517761695916064
49.309798873434936 53.51773396546544
49.309429883422624 53.517588865405074
49.30911584144344 53.51744898075124
49.30889083390439 53.51731896811692
49.30874685143114 53.517165858682226
49.30874469697893 53.51715594186542
49.30870885346924 53.516990956298805
49.308744988785946 53.516912911465305
49.30872785245019 53.51682089679288
49.30871798043068 53.5167108144621
49.308685942933394 53.51660389862814
49.308632857545454 53.51651691309773
49.30846484694924 53.51629693470069
49.30836960763405 53.51617126338109
49.30825790706854 53.51602387091571
49.30817483309302 53.51592589577867
49.30811895373729 53.5158579092292
49.30808989647232 53.51581991126731
49.30768337777373 53.515285754049245
49.30767285021408 53.515271921052154
49.307616970858355 53.51517096568281
49.30717351297385 53.51432214705842
49.307152985941315 53.51428285645581
49.30650190428167 53.51344857598557
49.30627586632094 53.51315893634764
49.30593891380591 53.5127389098571
49.30584485022377 53.512620818152
49.30562343989772 53.51263718023584
49.30537099328721 53.51265583588159
49.30394759379886 53.51278144300825
49.30357894234909 53.51281397445829
49.30341689221748 53.51282794429722
49.30238684942693 53.51291791005994
49.302289883918135 53.51292649457336
49.30151792544539 53.51299483730632
49.30153897333605 53.51308294042385
49.30151792544539 53.51299483730632
49.30143392014728 53.51300284668064
49.30073043842324 53.51306250590813
49.29909500725262 53.51320119971765
49.29885099006111 53.51322189375509
49.29865299087732 53.51323884382633
49.29846989285506 53.513251882342665
49.29805098395163 53.513289880304555
49.29748161550623 53.51333928275816
49.297024852715985 53.51337891474468
49.296796864944625 53.513397913725626
49.29604789531338 53.51346292004279
49.29597181971239 53.513472590670034
49.29593799924712 53.51347688988172
49.29549785618852 53.51353090659226
49.29480681482271 53.51361696080007
49.29473882827324 53.51362590149699
49.29439957211951 53.513653379047234
49.29439386638389 53.51365384117485
49.29432699742154 53.51365887031687
49.293936959518575 53.51369090781415
49.29369686455347 53.513710838117696
49.293394929768034 53.51373989538267
49.29289245743222 53.51378868185841
49.29273499457691 53.51380397037724
49.292613922639504 53.51381495998386
49.292303978479744 53.51381794021616
49.29194690939666 53.513820920448474
49.29119736240486 53.513887679832976
49.28963663906337 53.51402668770147
49.288050814450926 53.51416793124753
49.28799591053348 53.51417284554712
49.28699991003424 53.51426199482967
49.286332903256984 53.51432186134766
49.286310917578135 53.51432383465001
49.28525684666462 53.514417898232146
49.28489493470404 53.51445086705202
49.28468196250352 53.51447056730782
49.28428882995893 53.51450693267227
49.2830939443114 53.51461590726595
49.28289594388521 53.51463396507428
49.28278083241241 53.51464495468091
49.28208383058199 53.514710892320664
49.28172899667313 53.51474199849535
49.28142913330484 53.51476938705414
49.28058086217748 53.5148468654196
49.279747991956725 53.51491832875705
49.279449864017586 53.51494390923404
49.27879793820078 53.51499997485429
49.27842894818848 53.51503182608705
49.278103883698385 53.51505687892712
49.278039841608106 53.515061814674624
49.27754884833579 53.515102979133346
49.27653758156098 53.515186489897545
49.274858108097256 53.51532518140399
49.27429182695504 53.515371945098906
49.27331913224601 53.515453150101834
49.27285498245482 53.515491899449195
49.272398820647574 53.515532877643395
49.27174807824179 53.515591927496395
49.27017433806496 53.515734732276414
49.269048853271805 53.51583686133854
49.26856227539448 53.515878832538114
49.26816782209652 53.515912857262336
49.26699584574243 53.5160139988962
49.266946932539 53.51601818100689
49.265849946421014 53.51611197403324
49.26597194968101 53.51658992878921
49.26602354604963 53.516792115974255
49.2661299019932 53.51720888578613
49.26534768124935 53.5172766652047
49.265310896902776 53.51727985256791
49.265399818131925 53.51764015676915
49.265432275887285 53.51777167390774
49.2654399782145 53.5178028833375
49.26395324035179 53.51793006551339
49.263277819676944 53.51798784400496
49.26395324035179 53.51793006551339
49.2654399782145 53.5178028833375
49.265432275887285 53.51777167390774
49.265399818131925 53.51764015676915
49.265310896902776 53.51727985256791
49.26534768124935 53.5172766652047
49.2661299019932 53.51720888578613
49.266285816058485 53.517818352154755
