18.718070556660205 50.01867651750445
18.71673219842511 50.01918421595001
18.715505749384803 50.01964946229063
18.715282947911685 50.01973398073913
18.71478487658765 50.01991596117428
18.714446992750027 50.020024925917944
18.714318842760896 50.02005882606042
18.714226828088467 50.020076893718766
18.71416485424562 50.02008819702222
18.713513993773923 50.02020690635309
18.713207961169065 50.02026986376054
18.71299897237865 50.02032090023877
18.712783836859103 50.02040695444659
18.71275534312836 50.020420919859305
18.712585837675313 50.020503998261034
18.71240385724017 50.02063196198565
18.712242924695676 50.02072099642577
18.71209391308041 50.02082493202742
18.71204883706679 50.02085883216989
18.711850837883 50.02098586457191
18.711717281523818 50.021052404683125
18.711641849092583 50.02108998643808
18.711582989504553 50.021116994793346
18.711166874568914 50.0213058670157
18.710873880480392 50.02143885988233
18.710831970963596 50.02145897645039
18.710492868140957 50.02160287172574
18.710202955682643 50.02172589350624
18.709522903923457 50.02202689696909
18.709241830764157 50.022121891873816
18.70922897851234 50.02212394078353
18.709196754645777 50.022130458310635
18.70903097932855 50.022163987655134
18.70872885827859 50.02220291693962
18.708259844219533 50.02222489615287
18.707952880292076 50.02226084520506
18.70780193901747 50.022278834259886
18.707716883146396 50.02228897114744
18.707718233145386 50.02233227111507
18.707731970572443 50.022772886368024
18.70771162643322 50.02329268701038
18.70770794244948 50.02338681422294
18.707614996454456 50.0241799285452
18.70760505485893 50.02426793007597
18.707594879886393 50.024357997425454
18.707496904749355 50.025109947289
18.7074665251243 50.02518525698453
18.707204841983422 50.025833957474696
18.70704250627926 50.02614339752466
18.706670821607204 50.0268518930715
18.70657977859188 50.027011240447784
18.706081288806317 50.02788371857423
18.705584371026845 50.028753445308425
18.705092721689496 50.02961395099006
18.704602374099828 50.03047217829727
18.704176925961157 50.031216815811774
18.704178829032703 50.03135712408686
18.704178974870867 50.03136787633675
18.70418288642577 50.03155693482363
18.704093851985643 50.03161598067617
18.703749578393357 50.03225958262716
18.703535989750986 50.03265887571854
18.703278978935227 50.03312367964399
18.7031809695776 50.03330092951583
18.703150980990028 50.033419952543525
18.70314893208032 50.033427961917845
18.703242995662457 50.03360789344328
18.703381948993695 50.033725985148386
18.703668982617607 50.03392584697736
18.703671962849914 50.03399793134625
18.703648626794095 50.03403664798431
18.70363098465571 50.03406591789572
18.703547910680204 50.034100935625304
18.703338921889788 50.03419090138802
18.703389958368017 50.03431998269975
18.70340187929724 50.03447085696021
18.703377851174277 50.03468897271206
18.70329794369559 50.03496687937454
18.703150980990028 50.03519281823619
18.703133844654275 50.03521889526886
18.702981852806698 50.035427884059274
18.70286897650813 50.03563687284969
18.70278935608419 50.035831516100494
18.70276299199677 50.03589596679574
18.702751816125627 50.036065840037146
18.702747904570728 50.0361209743348
18.702746973248132 50.03614090463834
18.70278981408752 50.03644488833349
18.7029369630576 50.03672596149279
18.70296313650236 50.036776011244875
18.703006998516777 50.03685988568201
18.703230888468717 50.03731399857955
18.70337282203226 50.037602894848646
18.703378968761392 50.03761388445528
18.70339148657788 50.037639702451784
18.70339983038753 50.03765691155918
18.70359782957132 50.038059987978485
18.703813522874743 50.038498444031134
18.703864932891687 50.03860294905162
18.704160907212515 50.0392038383902
18.70341497310428 50.03935909138861
18.70307982794374 50.03942884592925
18.702677511651228 50.03858145176974
18.702534817960892 50.03828089769812
18.702340916596523 50.037902966988895
18.702315957150965 50.03785491074297
18.702240469857863 50.03770825599217
18.702123918431788 50.037481822911246
18.702083871560184 50.03740396434227
18.701422818781943 50.03736298614807
18.70122798609498 50.03734193825741
18.7010368786984 50.037321821689346
18.700920664885352 50.037331105041275
18.700910963883494 50.03733187997338
18.70079398976551 50.03735385918663
18.70068483875733 50.03741383636178
18.700576991600773 50.03760587508096
18.70018636691308 50.03816498783855
18.699978896229982 50.03846194681068
18.69961473720073 50.0390855643718
18.69926885588323 50.039677881591274
18.699131855003195 50.04003711231987
18.698914953296967 50.04060585142536
18.69884900515296 50.04106260827078
18.698821821037424 50.04125088545496
18.698878634911143 50.0419841808018
18.69888589603199 50.042077899919704
18.69903099609236 50.04250593578456
18.69905893577022 50.04258789217296
18.699149832855532 50.04285685813852
18.69921768055545 50.04298780246116
18.699367948607385 50.043277815951654
18.69959686770134 50.04365183510598
18.699738050000796 50.04382594034499
18.69990997835793 50.044037961454045
18.70012082979353 50.04424993047677
18.700291820622052 50.044417941072986
18.70049549343288 50.044617256383106
18.70052688644514 50.04464797775405
18.700656899079465 50.04476495187204
18.700752825306793 50.04483796756352
18.700680927202423 50.04489794473867
18.70047398732172 50.04503987830221
18.700400566175293 50.045034709032954
18.700317897654724 50.04502888869559
18.70028921098254 50.04502348055247
18.700158827755423 50.04499890010801
18.700086324763536 50.04496484238145
18.69984795227307 50.04485286872505
18.699021552697136 50.0444812444076
18.698853858534704 50.044405833879246
18.69873297286182 50.04435293475582
18.69854298305235 50.04429295758068
18.69842097979235 50.04431884834883
18.6983209557456 50.0443039471873
18.69825185160902 50.04426986078031
18.698219814111734 50.04423782328303
18.69820081513079 50.044189953301625
18.698050872192923 50.044081919880554
18.697798123047896 50.0439497483093
18.69778693536938 50.04394389787191
18.697442904802624 50.04381798305701
18.696723923758952 50.04354994841404
18.69669393517138 50.04355982043355
18.69665295697718 50.04356391825297
18.69660583205385 50.043558889110955
18.696579941285695 50.043553859968945
18.696531885039775 50.04352685161368
18.69651255713763 50.0435006002839
18.696506925594218 50.0434929514712
18.696504876684507 50.04345886506421
18.696523875665452 50.04342384733462
18.696563922537056 50.04339590765676
18.696579941285695 50.043389947192146
18.69660396940866 50.043383986727534
18.696665995493515 50.04337988890811
18.696686857119655 50.04338286914042
18.696805880147352 50.04330184407462
18.696890816768057 50.043240935576875
18.69733756293537 50.0427078729177
18.697532870565343 50.04247482960987
18.6976319632895 50.042355992846694
18.697644815541317 50.04233382736893
18.6975138715844 50.04222188239296
18.697448865267237 50.04205498938386
18.6973225944625 50.04170603063886
18.696980341018303 50.040760187832184
18.696629023198746 50.039789294951134
18.69641286201208 50.039191917460975
18.696402989992567 50.039157831053984
18.69630475949542 50.03883843346411
18.696248949235283 50.03865696576216
18.696010150976303 50.03787753518856
18.69583898102877 50.03731884145704
18.69572216480708 50.03697003631023
18.69566687261314 50.03680493764888
18.695572995295517 50.036481954972786
18.69549197022971 50.036215969239535
18.69545386047892 50.03606849666665
18.69542193477054 50.03594495436426
18.695316881581775 50.0355949633329
18.69517942859622 50.03514020785172
18.69504996452592 50.03471188324791
18.694889036955015 50.03418000071176
18.694739834101643 50.03368686959938
18.69463682982259 50.03334581926493
18.6946117430998 50.03326133603671
18.694598831860695 50.033217855540315
18.694581881789457 50.03316290750718
18.694532894220934 50.03299899473039
18.69450588586567 50.03290586247085
18.69444087954851 50.03268085493179
18.69434498198428 50.032345696394366
18.69418197186698 50.03177598189807
18.694284976146033 50.031758845562315
18.695074152989573 50.03159635058509
18.695527919281897 50.03150291811309
18.696519664934087 50.03139785577491
18.696735844688178 50.031374954388475
18.697386839182386 50.031283871038646
18.69751592049411 50.03123581479272
18.69756397674003 50.031162985365754
18.697622836328065 50.030978956020896
18.697566989792996 50.030605038083834
18.69753655630716 50.03040127206275
18.697499901745463 50.030155853111054
18.697608804594513 50.03014180762165
18.69800393353411 50.0300908467939
18.697608804594513 50.03014180762165
18.697499901745463 50.030155853111054
18.697207838979537 50.03018695928574
18.69725509280019 50.03042707463024
