39.237351177670064 51.61065998353553
39.23734681838781 51.611031814166125
39.237364413190456 51.61158010625922
39.237395377070435 51.61254500770857
39.23740195268546 51.61274991809018
39.23740083509834 51.61286186306615
39.23739990377575 51.612954995325694
39.23738265993455 51.61352435372075
39.23736898386558 51.6139759111548
39.23735452757247 51.61443202881469
39.23732537282389 51.615351904719546
39.23731291824534 51.61574486529257
39.2374175836734 51.6157445990436
39.23882664381812 51.61574101466223
39.23928992985092 51.61573983615055
39.24029462579912 51.61573732296077
39.2412259632623 51.61573499327306
39.2418853092415 51.61573033150777
39.2434681590326 51.615719140305515
39.244360981383046 51.615712827795285
39.2445908317996 51.61581899857117
39.24494393279873 51.615715146751214
39.246318899638446 51.61531075024985
39.247324822410754 51.61501489464227
39.24745595263219 51.61498192582239
39.247753398472376 51.61538050706288
39.248393251032695 51.61623791769957
39.24861787070225 51.61653891093744
39.24901909393884 51.61707006658714
39.2496640678613 51.61792390931505
39.2503234697667 51.61879685239395
39.250324985019674 51.61879885834751
39.250431900853634 51.61894097817557
39.25048088842215 51.61903094393829
39.25047194772524 51.61906987322278
39.25053099357778 51.61915890766291
39.250565825042855 51.61921087546373
39.250640889644046 51.619369945363026
39.25090073256072 51.61967993340396
39.25105495566998 51.61986391886765
39.251101894328784 51.61991998448789
39.25154322811326 51.62054088340529
39.25180690553353 51.62091184305203
39.25213608376432 51.62140951149462
39.25213696626135 51.621410845698655
39.25235098419378 51.621971874430145
39.25304984866939 51.62188283999002
39.253477102964666 51.62186242619764
39.253548851316026 51.62185899813158
39.254053814427266 51.62185899813158
39.25461186292645 51.62188898671915
39.25496888520394 51.62192628755411
39.25518593017428 51.6219489638943
39.256455096641766 51.62208738538975
39.2571379823343 51.622161864239615
39.25789659175907 51.62223977921438
39.25856886636992 51.62230882694517
39.259310944213965 51.62236098101051
39.25946879669832 51.62237236631368
39.25955886228887 51.622378862404354
39.25981087818319 51.622359863423405
39.2600569336129 51.62234291335217
39.26028082356485 51.62230398406768
39.26057493524048 51.622203960020926
39.260670861467815 51.62212386627772
39.26077510012516 51.622075756128176
39.26085489081267 51.622038929657016
39.2610728203 51.62200782348233
39.26129391628416 51.6220309202827
39.26152395296523 51.62210281838706
39.261662906296465 51.62222687055677
39.261744862684864 51.62234682490707
39.26175194073659 51.622446848953814
39.26169196356145 51.62257593026555
39.26152991342984 51.62273183366802
39.26132092463943 51.62286184630234
39.26117694216617 51.62301085791761
39.26115832239525 51.623039330302745
39.261093868190656 51.623137890319626
39.26101191180226 51.6234128167498
39.26097868817234 51.62410488493147
39.260977825395265 51.62412285709656
39.26099794196333 51.62435997182936
39.261052889996456 51.62461087013656
39.26112199413304 51.62484686728224
39.26118909779179 51.62511611550308
39.26121195989576 51.62520784792024
39.26160590935363 51.625982894584155
39.26163538494579 51.62608905775593
39.26164893645753 51.62613786666403
39.26166681785137 51.6262399396205
39.26168190527741 51.626333816938114
39.26173387307824 51.626916824882855
39.26173722342463 51.62698524126665
39.26178387269772 51.62793785159519
39.26178788978877 51.628019883364885
39.261819927286055 51.62833988580867
39.26183091689269 51.628442890087726
39.2618799044612 51.62893183445033
39.261881171154634 51.628963384115096
39.261913990868194 51.629780828128325
39.26190486390676 51.629858872961826
39.26188876469055 51.63000456182397
39.26182197619577 51.63060896018018
39.261811917911736 51.630789823028216
39.2618055540033 51.63091511247554
39.26180297721482 51.630965842998755
39.2617979480728 51.631163842182545
39.26184395540902 51.631332970365875
39.26193298984914 51.63155294876291
39.26214176117206 51.6319034483716
39.26215687980108 51.63192883056243
39.26267786166097 51.63269586785203
39.262764916270775 51.63284497254066
39.26301183394369 51.63326788619015
39.26321989141151 51.63370896057134
39.26328264773123 51.633844733749754
39.26331786654855 51.63392092959406
39.2633739321688 51.634091920422584
39.26355004457789 51.63483430689464
39.26368089609625 51.635385900036674
39.26370697312892 51.635492815870634
39.263805656125 51.63590381839314
39.26400182986264 51.63672085784497
39.26404032197432 51.63692076395784
39.264103902819095 51.637250966666286
39.26416387999424 51.63747988576024
39.26421696538218 51.63775388086782
39.264249934202056 51.63785390491457
39.264276552843434 51.63792918280995
39.264354987390824 51.63815099682251
39.26442390526289 51.63834694709659
39.26449896986408 51.638563945261325
39.26465861741782 51.63891882388589
39.264809845346434 51.63925498662714
39.26512395823339 51.639865733674334
39.265157973732606 51.6399318718895
39.2653999313429 51.64045099110419
39.26559823167013 51.64084313454948
39.265805987994504 51.64125397744598
39.265942892416035 51.64152499232125
39.26600883005579 51.64164699558125
39.266021868572125 51.64167586658171
39.266096576856654 51.64183105057667
39.26643686592065 51.642537898776034
39.26657475206474 51.64282359543756
39.267024928794 51.643756350425384
39.26721582413947 51.64415188083392
39.26725382210137 51.64429884353948
39.26728479970176 51.64467501878815
39.26729796679239 51.64483491282541
39.26732683779285 51.64517186534044
39.26735198350293 51.64557792199205
39.26735382614128 51.64560922516601
39.26736781598704 51.64584688795761
39.26740283371664 51.64642784699264
39.26741141738896 51.646588391264046
39.267429842071905 51.6469329963684
39.26742183269758 51.647224872869806
39.2674268618396 51.64740685330496
39.26743667987283 51.647494132234925
39.26745387019486 51.64764694827006
39.267550914009306 51.647834889169815
39.267595990022926 51.64789393502237
39.267706817411785 51.64803996640533
39.26804996642143 51.648457781640985
39.26835483167368 51.64882898290818
39.268648943349326 51.64918586572675
39.26874084764691 51.6493012477188
39.269461472766366 51.65020596234031
39.26956182575736 51.65033195131269
39.27017478970981 51.65110191920824
39.27049482473347 51.65150392766678
39.27076099673124 51.651837899949506
39.270821905228985 51.6519129645507
39.27091838806337 51.65203217544307
39.27106386283928 51.65221191910383
39.27159152010277 51.65286133932367
39.2723027564907 51.65373670165328
39.27290583266853 51.65447894456563
39.27301679808854 51.65461569335543
39.273438921722146 51.655135899524446
39.27364493028026 51.655389964328485
39.27374070160198 51.6555117334541
39.273924885852445 51.655745915824454
39.27438088791316 51.656327260499545
39.27443785833801 51.65639989055097
39.274660816967355 51.656672954335946
39.27486384529316 51.65694192030151
39.27492996919744 51.65702592559962
39.275035906752386 51.65716048051421
