-8.75150687425925 40.612174022853175
-8.75150692652554 40.612172870610046
-8.751501111897856 40.612149167264405
-8.751493638041817 40.61211870006984
-8.75148324222509 40.61207632149455
-8.751476840889858 40.61205022643398
-8.751472840118547 40.61203391727881
-8.751380825446118 40.61157794173609
-8.751288471643162 40.61127875715634
-8.751215981346727 40.611043921359865
-8.751189429527715 40.611048440633866
-8.750645825653802 40.61114096517431
-8.750703400781 40.61136594169511
-8.750786827894752 40.61169193562176
-8.750822963211453 40.612030937046505
-8.750826064931498 40.61213029723098
-8.75083395281808 40.612382976987575
-8.7507839122594 40.61304612709403
-8.750771926733224 40.613204962310306
-8.750754976661987 40.6134839865599
-8.750726053435375 40.613968136222766
-8.750707851738659 40.61427281679823
-8.750705989093467 40.614291815779175
-8.75064163732289 40.614912844439566
-8.750582868246351 40.61547999714643
-8.750547834748877 40.61581842172872
-8.750463012412006 40.616637807916064
-8.750451924289434 40.616744919495545
-8.750315951190501 40.61825384836466
-8.749495828512963 40.61821287017047
-8.749517993990734 40.61814190338869
-8.749620998269789 40.61781482289317
-8.749517993990734 40.61814190338869
-8.749495828512963 40.61821287017047
-8.749412747542545 40.61847789703119
-8.749387981356412 40.61855690073722
-8.749325955271557 40.61876998734705
-8.749181972798302 40.619260980619366
-8.749158516864027 40.61936181067449
-8.749138945694392 40.61944594128681
-8.74915589576563 40.61955583735307
-8.749198922869539 40.6199639429144
-8.749242439365954 40.62034782465837
-8.74926988965131 40.62058997796304
-8.74924791043806 40.62092693047807
-8.749225931224807 40.62127897041915
-8.749220454205464 40.62133488103304
-8.74915794467534 40.62197299201726
-8.749143974836409 40.622184961039984
-8.749135824751015 40.622257174587304
-8.749111937339126 40.62246882816707
-8.749072821790117 40.62276685139761
-8.74899496322114 40.62307996205419
-8.748941451635007 40.62318008735219
-8.748494629318676 40.624016134660984
-8.748008618150346 40.62492550806172
-8.747867876616148 40.62518884893929
-8.747733952426925 40.62537697610357
-8.747449899035317 40.62566289214036
-8.747320014286151 40.62579421590809
-8.746995972402305 40.62612184791539
-8.746876949374608 40.62626489906605
-8.746834853593294 40.62640385239729
-8.746821815076958 40.62662792861375
-8.746822609981816 40.62665741598898
-8.746847627338434 40.62758544677564
-8.746858881716257 40.62800293329365
-8.746861262921797 40.62858394744536
-8.746865221899888 40.629549938099665
-8.746865959767982 40.629729977914614
-8.746840814057904 40.6300099334868
-8.746779905560164 40.63031093694965
-8.746686630596269 40.6305123025841
-8.746426934296494 40.63107294509723
-8.74633585094666 40.63118284116349
-8.746240856041927 40.631250827712954
-8.746179947544187 40.631287894352255
-8.746093893336369 40.631321980759246
-8.74608739268567 40.631323561998606
-8.74596294937945 40.63135383199201
-8.74580592838986 40.63141585807687
-8.745698826291386 40.63148794244575
-8.745623947954714 40.63156598727925
-8.745537893746896 40.63165781568716
-8.745418870719199 40.63175392817901
-8.74528792676228 40.63180496465724
-8.745000316574645 40.631859965180794
-8.744947994014948 40.6318699709744
-8.744813883561207 40.631881891903625
-8.744481960188194 40.631889901277944
-8.744167918209014 40.63187183361959
-8.74390584403066 40.63184687417403
-8.743667036190546 40.63181040665201
-8.743578949799662 40.631796955282915
-8.743248889071841 40.631724870914034
-8.74275398424463 40.63156989883415
-8.742541122559922 40.631497542996215
-8.742244923313967 40.63139685909592
-8.741742940435028 40.63122698585451
-8.741415459865639 40.63111204081912
-8.740417854646248 40.63076188335035
-8.740159437642117 40.630668896786425
-8.739062203252528 40.63027407735087
-8.73795649787842 40.62987620978872
-8.73714686342657 40.62958487785425
-8.736857874978037 40.6294805327953
-8.73575951112038 40.62908394655781
-8.734661147262722 40.62868736032033
-8.733748839804877 40.628357953467024
-8.733553820853393 40.62828493777555
-8.733545186562049 40.62828197419601
-8.732606852038359 40.62795990618974
-8.732381694724381 40.62787647454798
-8.731675901971963 40.62761494430039
-8.731217474793556 40.62744504514171
-8.731192918073972 40.62743594409755
-8.730032035680212 40.62702579006568
-8.729893909317864 40.62697698832252
-8.729568877732058 40.626857965294825
-8.728858270761288 40.626600047871136
-8.728675925627558 40.62653386503161
-8.727640998605818 40.62622574191641
-8.727308930321982 40.62612687705741
-8.72646527183718 40.625929650646256
-8.726226919730609 40.62587392984049
-8.725391895891544 40.625661960817766
-8.725210347325351 40.625600409859295
-8.725075991267174 40.62555485871929
-8.724788957643263 40.62538796571019
-8.724625976189062 40.62523690518521
-8.724369050510242 40.62496420336823
-8.724349932171775 40.62494391109669
-8.72413293400704 40.62473287339657
-8.724093818458032 40.62463787849183
-8.724061967225268 40.62458795960072
-8.724015959889053 40.62452984507076
-8.723962874501114 40.62438996041693
-8.723923945216624 40.62414297366462
-8.723919515599123 40.624122697004665
-8.723875888970701 40.62392299526758
-8.723813862885844 40.623780875439515
-8.723652930341354 40.62351786993857
-8.72351695724242 40.6233269488065
-8.723396888547022 40.62323239718146
-8.72329083211625 40.623148879926255
-8.722989828653406 40.623002848543294
-8.722388760521126 40.62272841774346
-8.722262838235412 40.62267092517027
-8.721597873902274 40.622349991403894
-8.721324477045725 40.62220966887775
-8.720796936470201 40.62193890561027
-8.720755958276003 40.62191785771961
-8.720217840080362 40.621698996909686
-8.720202146101647 40.621693881233654
-8.719821841712784 40.62156991559796
-8.718961427194907 40.62128888535275
-8.71857293811231 40.62116199630116
-8.718061828271937 40.62099696593725
-8.717846195197996 40.62092912332916
-8.717457958701058 40.62080697612778
-8.717220843968262 40.62075184183013
-8.717009992532656 40.62072092191996
-8.716842913259034 40.620738989578314
-8.716905870666485 40.620711981223046
-8.716970876983646 40.62064585731877
-8.716987827054885 40.620553842646345
-8.71695783846731 40.620487905006584
-8.716889851917845 40.62043295697345
-8.7167888965485 40.620404831031074
-8.71674694730536 40.62040887515745
-8.716674902662819 40.620415820637696
-8.716520861905535 40.62041786954741
-8.716371850290265 40.62039495901156
-8.716053896756184 40.62030890480374
-8.71584285905606 40.620259917235224
-8.715506566234447 40.62010913729735
-8.715456918972512 40.620086877496995
-8.715183855187533 40.61989893659723
-8.714983993358553 40.619706897878054
-8.714831815246459 40.61950591846196
-8.71469841468299 40.61928740640097
-8.714677960753693 40.619253902567635
-8.714587994990975 40.61900784713792
-8.714550928351676 40.61878786874088
-8.71454589920966 40.61854497980799
-8.714541527121355 40.618343518581106
-8.714538821157936 40.61821883063507
-8.71453788983534 40.618145814943595
-8.714529668864992 40.61743142655422
-8.714526900228714 40.61719083675423
-8.714530998048135 40.61645993478134
-8.71453249135141 40.61644142024887
-8.714553908583982 40.616175881389736
-8.714611836849418 40.61589592581755
-8.714760215310484 40.61554609922686
-8.714764946284106 40.61553494517956
-8.714983993358553 40.61517396454157
-8.71506185192753 40.61508399877885
-8.715197825026463 40.61492697778926
-8.715381854371321 40.61473698797979
-8.715498036017108 40.61464449290374
-8.715602950355477 40.61456096800926
-8.716185958300217 40.61423090728143
-8.716481684932464 40.61409718925567
-8.716705822572987 40.61399584145835
-8.71711299681171 40.6138138610232
-8.71746187025596 40.61366298676274
-8.71752790942034 40.61363429158663
-8.718347930573254 40.61327797800179
-8.71856274069327 40.613190175386194
-8.718641855984371 40.61315783738698
-8.718773917528404 40.61311983942508
-8.718936898982605 40.613092831069814
-8.719232873303433 40.61308687060521
-8.719291919155983 40.61309096842462
-8.719610990277179 40.61311387896047
-8.719701887362493 40.61310996740557
-8.719807332086209 40.61308130340883
-8.720025987625704 40.61302186428805
-8.720129923227352 40.613010874681414
-8.72020182133172 40.613010874681414
-8.720270925468302 40.612992993287584
-8.720328853733738 40.61295983820319
-8.720365920373036 40.612920908918696
-8.720387899586289 40.61287490158249
-8.720391997405708 40.61282684533656
-8.720377841302257 40.61277990667775
-8.720347852714685 40.61273799716096
-8.720308923430196 40.61270689098627
-8.720261984771385 40.612684911773016
-8.720208899383445 40.61267094193408
-8.72014296174369 40.61266889302438
-8.720077955426529 40.612680813953595
-8.720020958483687 40.61270689098627
-8.719975882470068 40.61274395762557
-8.719878838655625 40.612755878554786
-8.71982246404772 40.612753776186814
-8.719743983143806 40.61275084941278
-8.718688584054881 40.61261308017623
-8.71749393118269 40.61245713308867
-8.716434993962235 40.612318901993014
-8.716139336041174 40.61228050871071
-8.714948975628964 40.61212593195124
-8.714753602540934 40.61210077912853
-8.714326852135216 40.61204583820803
-8.713537095216356 40.611943576226246
-8.71226104559238 40.61177834644442
-8.710949042000694 40.61160846114909
-8.709637038409008 40.61143857585377
-8.708401463118166 40.6112785869067
-8.707391851560589 40.61114785696152
-8.707272828532894 40.61112196619336
-8.707211510620585 40.6111082619035
-8.707142815898571 40.611092908928384
-8.707082838723425 40.61100387448826
-8.706987843818691 40.61095693582945
-8.70687589884272 40.610949857777726
-8.706758924724733 40.610990835971926
-8.706647911071357 40.61100685472056
-8.70651082038531 40.61101784432719
-8.706348956518225 40.61100685472056
-8.705930351327561 40.61095370866959
-8.70460347012384 40.61078524803493
-8.703337776088269 40.61062455571378
-8.702017901884291 40.610456984686735
-8.700790096192026 40.610301102663854
-8.700016894191881 40.61020293705619
-8.699899920073895 40.610176860023515
-8.699808836724062 40.61013793073903
-8.699728929245374 40.61010384433204
-8.699707881354717 40.61006081722813
-8.699670035330913 40.61003282820731
-8.699649953089281 40.61001797638874
-8.699551977952241 40.609989850446354
-8.699443944531172 40.60999785982067
-8.699354910091047 40.61003883801487
-8.699233838153642 40.61005299411833
-8.699149832855534 40.61006081722813
-8.699026898272937 40.61007087551216
-8.69873688441672 40.61002784840825
-8.698322381721422 40.60997219267551
-8.697425954731388 40.60985182843771
-8.697131549359234 40.6098143848703
-8.69585725449806 40.609652315322464
-8.695751995498359 40.609638928092394
-8.69480782065111 40.60951394460009
-8.694600985739367 40.609487548402406
-8.693616845316072 40.609361952752515
-8.6935419669794 40.60935282579108
-8.693398150409074 40.60933493637481
-8.692175598023278 40.60918286246227
-8.69182293173275 40.60913899412317
-8.691727936828016 40.60912688692943
-8.69100120570956 40.60903506169785
-8.690334864489769 40.60895086695889
-8.6897873034393 40.6088828744405
-8.688813828426909 40.60876199473654
-8.68851684489464 40.6087257321181
-8.687527858187137 40.60860497374695
-8.687306007262338 40.60857986969289
-8.686092673028154 40.60844257205378
-8.68584886981209 40.60841498393748
-8.68501682620533 40.608311979658424
-8.684833584204247 40.608288786291936
-8.684779897737053 40.608281991070854
-8.684593819482487 40.60825591403818
-8.684493981700257 40.6082229452183
-8.684418917099064 40.60819183904361
-8.684348881639888 40.60815086084941
-8.684327833749231 40.608115843119826
-8.684296913839063 40.60808492320966
-8.684237867986512 40.60805195438978
-8.68416895011445 40.60803481805402
-8.684094816835854 40.60803593564114
-8.68405085840935 40.60804599392517
-8.68400988021515 40.60806294399641
-8.683909856168402 40.60804897415748
-8.683760844553133 40.60798992830493
-8.683658132462718 40.60795215198321
-8.683605872473253 40.607932931362086
-8.683348827436912 40.607846877154266
-8.683111898968635 40.60776194053357
-8.682518417823388 40.60758924935903
-8.682252847006609 40.607511973548945
-8.681524925266018 40.60730298475853
-8.681270681104168 40.60722512892648
-8.68074391813749 40.60706382111603
-8.680209897761268 40.60691499576527
-8.680060115656383 40.60687503185195
-8.680040955842458 40.60686991975166
-8.6799018162467 40.60683285311236
-8.679691896133688 40.606771944614614
-8.679543815841015 40.60672388836869
-8.679473966646357 40.60668998822622
-8.679433919774754 40.60666894033556
-8.679425910400433 40.60664286330289
-8.679413989471211 40.60661697253474
-8.679375991509318 40.60657282784371
-8.679322906121378 40.60653892770124
-8.679259948713927 40.60651787981058
-8.679195873719362 40.60651191934598
-8.679131984989315 40.60651787981058
-8.67907182154965 40.60653687879153
-8.678989865161252 40.606535947468934
-8.678885929559602 40.60652197763
-8.678877808020957 40.606519707884246
-8.67865999069795 40.60645883395804
-8.67804196502362 40.6062789024326
-8.677657887585266 40.60615689917259
-8.67763530533577 40.6061503808967
-8.676822863746201 40.6059158728849
-8.676686890647268 40.605872845780986
-8.676548868638625 40.60581882907045
-8.676507785517147 40.60579566294914
-8.676220856820514 40.605633868403
-8.676060855598617 40.60549696398147
-8.675533500906898 40.60518121940892
-8.675178893100744 40.604968904069864
-8.675012931414237 40.60486589979081
-8.674562916336125 40.60459991405755
-8.674473180950503 40.604544863379466
-8.674081981347843 40.60430487105932
-8.673712991335533 40.60407986352026
-8.673481814093561 40.60393829422922
-8.67294893427824 40.60361196704832
-8.672670841351245 40.603434829490666
-8.672560287904572 40.60336778654684
-8.672502830755029 40.60333294279872
-8.67236182851408 40.603247819913506
-8.672337986655638 40.60323291875198
-8.672042943657404 40.60305596745884
-8.671697981768057 40.60284492975872
-8.67154843729027 40.60275451101511
-8.671512834836085 40.60273298478275
-8.671333834633243 40.602620853542255
-8.671136953036568 40.60250387942427
-8.670988872743894 40.602414844984146
-8.670782864185785 40.602284832349824
-8.670601501863704 40.60217249243378
-8.67056996384047 40.60215295707031
-8.670372895979275 40.60203095381031
-8.67021289475738 40.60193186108616
-8.670156829137134 40.60189684335657
-8.670022904947912 40.601823827665086
-8.669940948559514 40.60177893791599
-8.66984390474507 40.60172883276035
-8.669644974238686 40.60189386312426
-8.669510863784943 40.60199891631303
-8.669440828325767 40.60205684457846
-8.669357863269484 40.60206862460674
-8.669348999917858 40.6020698830948
-8.669272817729551 40.602049952791255
-8.669023968332052 40.601909881872906
-8.668946854821149 40.60186890367871
-8.668666899248963 40.601664944030304
-8.668615862770734 40.60162992630072
-8.668509878259373 40.60156082216414
-8.668381043086674 40.60147208365233
-8.668290831184928 40.60140994790368
-8.66812095794352 40.601297816663184
-8.668035835058298 40.60124286863006
-8.667876951423517 40.60114582481561
-8.667747870111791 40.601200959113264
-8.667593829354505 40.60126987698532
-8.66753794999878 40.60130787494722
-8.667471826094504 40.60135891142545
-8.667359881118534 40.60145390633018
-8.667304933085402 40.60150587413101
-8.66726898403322 40.601480914685446
-8.667190939199722 40.601439936491246
-8.667145296732562 40.6014162965587
-8.66710786522421 40.60139690938734
-8.666919924324452 40.60129092487598
-8.666643880307165 40.60115085395763
-8.666399873787162 40.60103890898166
-8.666184924532136 40.600942982754326
-8.666131196418618 40.60091555335888
-8.665945947154148 40.60082097949432
-8.665727831402299 40.60070996584095
-8.665534861360525 40.60060789288449
-8.665405966313317 40.60054288656733
-8.665101982618168 40.600378973790534
-8.665069945120885 40.600359974809585
-8.665063219697265 40.60035594259859
-8.664822958368577 40.60021189451691
-8.664629988326803 40.60009585172152
-8.664360836096723 40.59987382441477
-8.664138231599988 40.59964830370192
-8.663976944922885 40.599484904098915
-8.663423925565718 40.599193958920104
-8.663123112708735 40.59903896506496
-8.662965901113285 40.598957961774424
-8.662636957972579 40.5987879022685
-8.662359982632696 40.59867483970541
-8.662143915790557 40.598586922852405
-8.662073631698593 40.59856259884891
-8.661354899287705 40.598313859067424
-8.661008025293986 40.59811519307216
-8.660701855883788 40.597939839913096
-8.660518944126046 40.597838884543755
-8.660494916003083 40.597772946903994
-8.660451888899175 40.597645914501975
-8.660481877486747 40.5976138770047
-8.660498827557985 40.5975758790428
-8.6604999451451 40.597536949758315
-8.660484857719053 40.59749895179642
-8.66045282022177 40.59746281647972
-8.66040793047267 40.59743785703416
-8.660353913762135 40.59742481851782
-8.66029784814189 40.59742593610493
-8.660257987534806 40.597434876801856
-8.660221852218102 40.59745182687309
-8.660192981217644 40.59747492367346
-8.660171933326987 40.59750193202873
-8.660100722395304 40.59751497999447
-8.660051978976696 40.59752391124198
-8.659925877897274 40.597517950777366
-8.659423895018337 40.59727692448967
-8.659163869749692 40.59715194099736
-8.659025880148643 40.597049421069144
-8.658284887484124 40.59649889759344
-8.658154874849801 40.59641098074044
-8.65815067500689 40.59640873774741
-8.658116547807632 40.596390511572864
-8.658088568512131 40.596375568784275
-8.658067032962432 40.59636406738081
-8.658046786161892 40.59635325425437
-8.658021532285735 40.59633976701941
-8.65799392617627 40.59632502353677
