12.43754145848907 51.89610682476999
12.43815255997268 51.89528889156568
12.43879000924563 51.89443569297201
12.438854853187236 51.89434890212898
12.439175973218145 51.89388584853454
12.43941093754071 51.8935639249876
12.439702915542638 51.89316388725856
12.440042720029645 51.89269231772998
12.440643923893065 51.891857986715245
12.44108090045484 51.89140294249511
12.441413095242536 51.89104265235508
12.441505956087395 51.890941937810375
12.442180978704563 51.89029988401308
12.4422315683918 51.89026488964296
12.44272598868741 51.88992288462645
12.443233914487758 51.88959845399848
12.443403991536885 51.88948981961958
12.443482967692978 51.88941382369579
12.443515936512856 51.88935384652064
12.443528975029192 51.889300947397224
12.443552816887635 51.8890519117352
12.443581874152612 51.88892394801059
12.44359882422385 51.88886099060314
12.443614842972492 51.88880194475059
12.44365850161572 51.888630080638634
12.443699965857714 51.888466854880754
12.443776893104095 51.88820794719923
12.443835938956648 51.88802596676408
12.443829978492037 51.88795798021461
12.44375789412315 51.88787285732939
12.443617732378316 51.88773221287347
12.443162965249188 51.88727587954572
12.442817186831537 51.88692969915362
12.442361841552597 51.88647382452653
12.442251945486335 51.88636187955056
12.442145960974976 51.8862558950392
12.442037866301703 51.886149504321374
12.441956902488103 51.886069816784634
12.441855947118755 51.8859699790024
12.441833967905506 51.885947999789146
12.441747913697688 51.88586287690393
12.44165589902526 51.885771979818614
12.44153296444266 51.88564997655861
12.44151489678431 51.885632840222854
12.441425862344188 51.88554697227955
12.441344837278384 51.885468927446055
12.441335896581467 51.885460918071736
12.441223549715502 51.88537209725756
12.441125976468458 51.88529495638523
12.441072891080518 51.88525584083622
12.440377938159807 51.88476782779622
12.440240961909725 51.88466393564777
12.440124990942888 51.884575975341555
12.439754883343465 51.88432097921493
12.439713905149263 51.884278883433616
12.439695837490913 51.88424088547172
12.439695837490913 51.88415389994131
12.43968186765198 51.883901884046985
12.43967590718737 51.88379496821303
12.439675248395965 51.883782530810414
12.439658957116134 51.88347496576924
12.438660951822868 51.88345596678829
12.438177282558 51.88345896956368
12.43785088742936 51.88346099593031
12.437280918000956 51.88347682841443
12.436891997685104 51.883542952318706
12.436670975025006 51.88357418665869
12.43658093593823 51.88358691074521
12.436438816110169 51.88361485042307
12.435503954488873 51.8837839786064
12.4353558741962 51.88381787874888
12.435141901989182 51.88386583148279
12.43364354472345 51.88420162428625
12.433258908240324 51.88428782413053
12.432585934532865 51.884429943958594
12.432294989354052 51.88449886183066
12.432255494257369 51.88450770805401
12.43081047560452 51.88483136741492
12.430472949828347 51.88490696739198
12.429480904999693 51.88509993743375
12.429328169676372 51.88512104961823
12.429003881566311 51.885165875073504
12.428401874640626 51.88523088139067
12.427814728255766 51.885291057760114
12.427376860992092 51.88533593457943
12.42701886058641 51.88537281495421
12.426221863468829 51.88545288297888
12.426091822074916 51.88546594721375
12.42513293233066 51.88557193172511
12.42456083653968 51.88563675287911
12.42306315097068 51.885806447724704
12.422528954353831 51.88586697472335
12.421493375927982 51.88597821332664
12.421290854095464 51.885999967589974
12.420961910954755 51.88603181882274
12.420383932152031 51.88605398430051
12.41991491809297 51.886070934371745
12.419867978053531 51.886071276375674
12.41950588120906 51.886073914604054
12.41890182537366 51.886073914604054
12.418319935016036 51.886050817803685
12.418092406799772 51.88604509565331
12.41744598189248 51.886028838590434
12.416772821920503 51.886029956177545
12.416311313407352 51.88605262436095
12.41589681988724 51.88607298328146
12.41520782743114 51.88613091154689
12.414623718334784 51.886192358538935
12.413107881242958 51.88635182126653
12.412893223631183 51.88637591352155
12.411126487777226 51.88657420442018
12.41082595461963 51.88660793498027
12.4101308154344 51.88671596840134
12.409625852323156 51.88683890298394
12.409490265067422 51.88687428486298
12.408847825426932 51.887041931309746
12.40871986170232 51.887075831452215
12.408163862112849 51.887222980422294
12.408021089429376 51.88727074343575
12.407957853554738 51.88729189829436
12.407129907767398 51.88751895474312
12.406553603513313 51.88767722367753
12.405165771857286 51.888058360266015
12.405017854385475 51.88809898245556
12.404603974624068 51.888209996108934
12.404155822191145 51.88831691194289
12.403822967495538 51.88840892661532
12.403652644741785 51.88844971635635
12.4036059693308 51.88846089441614
12.402095177913951 51.888755626655154
12.402061387700252 51.88876221860771
12.40202197586049 51.888769907253305
12.40185098503197 51.888802876073186
12.40148981812946 51.88887086262265
12.40121489169929 51.888914821049156
12.400815913099406 51.888975915811415
12.400665567426753 51.88900627511853
12.400598451397874 51.88901982786068
12.400545995647134 51.88903042025232
12.400043846667794 51.889131819213894
12.3998018890575 51.88920390358278
12.399686963849224 51.889229980615454
12.399543912698563 51.88926090052562
12.399190785966251 51.889337979236274
12.398379945718794 51.88951496532965
12.39828886236896 51.88946895799344
12.398359829150731 51.88945182165769
12.39860886481275 51.889397991211666
12.398992942251107 51.88930895677154
12.399156564882857 51.88927455808877
12.39945897607786 51.889210981634506
12.399679885797498 51.88917596390492
12.400043846667794 51.889131819213894
12.400545995647134 51.88903042025232
12.400598451397874 51.88901982786068
12.400665567426753 51.88900627511853
12.400815913099406 51.888975915811415
12.401102946723318 51.88890290011994
12.40127188864213 51.888862853248334
12.401413822205674 51.88882988442845
12.401570843195264 51.88879598428598
12.401681856848638 51.8887298603817
12.401731962004272 51.88869391132952
12.401760833004731 51.88864287485129
12.40179193917942 51.88857395697923
12.401764680272825 51.88853891923109
12.401637898422134 51.88837595779544
12.401520924304148 51.88821781921874
12.401433938773735 51.88810699182988
12.401327954262374 51.887973998963254
12.401225881305916 51.88788496452313
12.401150816704725 51.88783094781259
12.401056939387104 51.88777693110206
12.400927858075375 51.88772589462383
12.400807903725086 51.88770596432029
12.400691860929694 51.88769292580395
12.400573955489111 51.88769199448136
12.400446923087095 51.88770596432029
12.400293999916926 51.88774694251448
12.4001649186052 51.88780393945733
12.400055953861534 51.88788198429082
12.399994859099271 51.88796282309211
12.3999609589568 51.888062847138855
12.3999648705117 51.88817292946963
12.400018335685562 51.88839114198156
12.400044964254908 51.888499823700634
12.400509687972288 51.88904055333274
12.400566575982936 51.88910674542046
12.400699443228724 51.88926134320458
12.401389980347233 51.89006481819
12.401392369496754 51.89006748983156
12.402250597046288 51.89102719384479
12.402591945288895 51.891408902959725
12.402993042144084 51.891869738855505
12.403776086734169 51.89276940947231
12.40457555567656 51.89368795067115
12.405399308218378 51.89463439224903
12.40625970056959 51.89562293073983
12.407144824318715 51.89663988410291
12.407841997023866 51.89744089314582
12.408048894671715 51.89769367233216
12.4088709222273 51.89869799238513
12.408938582962849 51.89877468900951
12.409393952996894 51.89929087234938
12.40988078203332 51.89984946764376
12.410222830106829 51.90024193898384
12.410777898373706 51.90082289801887
12.41086199814201 51.90090301985758
12.411222884309804 51.90124683606431
12.411702887975489 51.90169182200041
12.411984735826495 51.901930212676305
12.412207851086732 51.90211892654268
12.413062991493858 51.90279283157273
12.413252249776695 51.90293169360273
12.413677850671364 51.90324396423796
12.414090985374695 51.90352391981014
12.414669895500015 51.903902968106486
12.414685050440838 51.9039121243458
12.415124939720146 51.90417789453666
12.415785992498384 51.90457799072365
12.416233958666783 51.90482497747596
12.416250485830954 51.90483373556911
12.417201975372478 51.90533794996153
12.417371678380016 51.90542166955294
12.41795597414574 51.90570992020614
12.418547657234855 51.90600000402177
12.419737678888946 51.90658343462584
12.420949256657314 51.90717743352228
12.42216653782396 51.9077742286175
12.423389158587543 51.90837364155103
12.424616069746286 51.90897515793186
12.42584341719323 51.90957688821123
12.427086274655943 51.91018622256892
12.42833132411021 51.9107966315919
12.428588884217788 51.91092290530182
12.429575988788905 51.91141549319522
12.43081767286288 51.912035122118205
12.43206769979163 51.91265891431769
12.433259839562918 51.91325381949366
12.433327166845537 51.913288855207554
12.434045875833464 51.91366285637758
12.434552488449576 51.91394401311741
12.43472182977323 51.91403799311902
12.43556393166402 51.91453494685594
12.435720166393992 51.9146352256191
12.436261864817036 51.91498291302434
12.436812685286434 51.9153598261382
12.437012883357992 51.9154968168325
12.437661828942488 51.915978869407894
12.437831744446031 51.91611374332071
12.438229935725705 51.916429815808605
12.438769916566534 51.91688988917075
12.438777610740472 51.91689689737043
12.439329827710909 51.917399881424
12.439656063219484 51.91771770880092
12.43987185746145 51.91792794133562
12.440458412142636 51.91855869829421
12.44055898727236 51.91866685268283
12.441174049644736 51.91941200834548
12.441244999496154 51.91949796496699
12.441572825049748 51.91992898106416
12.44181477818513 51.92028098003951
12.44187792633201 51.92037284941315
12.44237279671745 51.92116815461487
12.442470992560782 51.92132596495731
12.442746850313547 51.92183781985576
12.442873371627837 51.92209321935895
12.44296682871059 51.92228187446926
12.443294807085833 51.92303953783216
12.443626950166232 51.92380682208702
12.44370080899932 51.92398179657204
12.44409952107407 51.92492636118313
12.444165999684468 51.92508385162988
12.444504772503466 51.92587917079083
12.44466481606658 51.926254896661376
12.444914716939278 51.92683885972304
12.445324108704892 51.927795517722224
12.44565592957264 51.9285709096917
12.445740951683664 51.92876534781375
12.446165911242732 51.92973719310926
12.446590734266511 51.93070872616052
12.446610907761997 51.93075486117799
12.447062705047204 51.93167302484136
12.447541254165568 51.93264555483657
12.44802441950081 51.933627466124534
12.448510061528832 51.9346144106639
12.448776977854452 51.935156850557554
12.448974807518576 51.93561582890184
12.449411034199237 51.93662790462115
12.44984835726248 51.937642524023005
12.45028723841806 51.93866075830559
12.450302856794808 51.93869699400731
12.45070866822362 51.93968332033957
12.451127073846749 51.940700256912464
12.4513079401398 51.94113985317513
12.451543251445774 51.9417105074901
12.451960268936054 51.94272181814199
12.452377613060362 51.94373392091528
12.452797318666596 51.944751750527075
12.45283493666727 51.94484297807909
12.453200190150008 51.94577652498655
12.453603391680192 51.94680706284418
12.453644814796258 51.9469129356797
12.454038174778766 51.94784313564667
12.454479485897506 51.94888672830056
12.454537953165277 51.94902498906161
12.454920376400276 51.949934348518
12.455362316993387 51.95098523356035
12.455806274527154 51.9520409146608
12.455932888148714 51.95234198761751
12.45656395233938 51.953609890198926
12.4568469599517 51.95411368746958
12.457190918710625 51.95472598719729
12.457464130878057 51.95510079934821
12.457994836375002 51.95582885941481
12.458195585312165 51.95606704439252
12.458760942342003 51.95673783026795
12.459008629970526 51.956994941355106
12.45965687467881 51.95766784901175
12.459911967805615 51.95790373224156
12.460586893422608 51.95852783229637
12.460865534654626 51.958747319365195
12.46149586427575 51.959243833107735
12.461956136231604 51.95957825457153
12.462149839002263 51.959718993895926
12.462909984504655 51.96024183840101
12.463112126911367 51.96037167621636
12.463661934368206 51.96072482229899
12.46435464501805 51.961132673865286
12.464451882193652 51.96118992480315
12.465107905829877 51.961553885673446
12.465683943633154 51.961853761703594
12.465745861807743 51.96188599531098
12.466402816766564 51.96220394884506
12.467100679083748 51.96252231951415
12.46741088034386 51.962663835942685
12.468504318391515 51.96316261649133
12.469258996902235 51.96350686915607
12.469873653835464 51.9637883198483
12.471235408000206 51.96441186549074
12.47260438126055 51.96503871674862
12.47397901959948 51.965668162039385
12.474045995042756 51.96569883001668
12.475365841062764 51.96629626676692
12.476759713719812 51.96692721214831
12.478158358041906 51.96756031745444
12.479561298462675 51.96819536741713
12.480759899633227 51.96873792191009
12.480973381893472 51.968827615067966
12.482344824426132 51.969403817565826
12.482415768478097 51.96943017225552
12.48327894098935 51.96975082836488
12.483824882294794 51.96996298365213
12.483912088549246 51.9699915597129
12.48484691571102 51.97029788725744
12.485485892684268 51.97048839419361
12.486000824406762 51.97064191782419
12.487108040515745 51.970939285552774
12.488111946466088 51.97120890702029
12.488730046134648 51.97137124077678
12.490353421667988 51.97179759377764
12.490411940747766 51.97181296285569
12.49197924376919 51.97222523591298
12.492517847400558 51.97236691353545
12.493613178951314 51.97265284065712
12.495250146170756 51.9730801572308
12.496612872852673 51.97343588561049
12.496888808569816 51.973507036704625
12.498535816078574 51.9739317239742
12.500182485346988 51.97435632402719
12.50183000552576 51.97478114349072
12.502802815350954 51.97503198627454
12.50346704493654 51.97522858384006
12.505080481732474 51.97570612617345
12.506447825724957 51.97611083036909
12.506693765933877 51.97618902404757
12.508289397850264 51.97669633568068
12.509885244788164 51.977203715677256
12.510020937994591 51.977246857671
12.511440845225158 51.97775134615309
12.512981437523528 51.97829871365245
12.513955962224813 51.97864495915126
12.514525930154493 51.9788455279541
12.51607685917429 51.97939129195343
12.517625045679756 51.97993609087598
12.51788297708071 51.98002685561836
12.518379930817632 51.98020883605351
12.519166007034352 51.980491170812115
12.52070690579376 51.98104461495663
12.52224340655095 51.981596479472
12.523781201238627 51.982148808728006
12.524418999055452 51.98237788637827
12.525324028898272 51.982697034503374
12.526867315139231 51.98324125623728
12.528412172046258 51.98378603184809
12.5299575171931 51.98433097963093
12.530458998615869 51.984507821154025
12.531480084245995 51.98490672316928
12.53297831078289 51.985492027248824
12.533471827212091 51.98568482665013
12.534404005395702 51.986150777461184
12.535767071827824 51.98683210847787
12.536610943152256 51.98725391895891
12.537100414211547 51.987539477095304
12.538367642078354 51.98827877969789
12.538888958220682 51.9885829163026
12.539592836218183 51.98905193167097
12.540782403031018 51.98984457630387
12.5419752474467 51.990639404903455
12.543172264199448 51.99143701365843
12.544369616477525 51.99223484598416
12.544798945146775 51.99252092076512
12.54556341331791 51.993041678143555
12.546753086699066 51.9938520862345
12.547941411108695 51.994661575403114
12.549135032571863 51.9954746729361
12.549155858512728 51.99548885961224
12.550335811502896 51.99628711362519
12.551540908760282 51.99710237807193
12.552753157099376 51.997922480321286
12.553965760892243 51.99874282303988
12.554401998692796 51.99903794375892
12.555158895380984 51.9995802567315
12.556335963029134 52.00042362025145
12.557514455603288 52.001268004724295
12.55806284155092 52.001660920716695
12.558654902745602 52.0021359046189
12.559743629301872 52.00300934066366
12.560722885147994 52.00379495331187
12.560810615078283 52.003871539570746
12.561803847498265 52.00473860916703
12.562779768351572 52.0055905661544
12.563036849268604 52.00581499202136
12.563756100438324 52.006447840727525
12.56472749755442 52.007302545501005
12.56569941283751 52.00815770619493
12.566684778839294 52.00902470179477
12.567041908958 52.00933893045796
12.567704378486852 52.00987901093013
12.568394934424644 52.01044198893999
12.568768427157366 52.01070881951599
12.569784840266069 52.01143496509123
12.569901675238418 52.01150439405541
12.57115269181527 52.0122478083204
12.571455819266792 52.012427941242485
12.57246007243769 52.01295360240363
12.573136856551548 52.01330785483065
12.573829515066128 52.013628474055736
12.574117911773577 52.01376196772818
12.575272799853767 52.01424073960685
12.576730345969676 52.014844981787654
12.57698582657395 52.01495089415351
12.5781772655587 52.015438055424646
12.57920386446723 52.01585781609694
12.579606940886531 52.01602694428027
12.579616062926894 52.01603076677888
12.579835859980491 52.0161228705076
12.580740919278732 52.01649186051991
12.581051084866742 52.016621122675936
12.582012919679572 52.01702196934123
12.582491191456302 52.017218866621455
12.5839396120311 52.017815159536234
12.585397314122693 52.01841527351156
12.586847927447492 52.01901246914846
12.587368955925903 52.01922696871818
12.588304465074875 52.01960973819077
12.589770071439144 52.020209400284614
12.591232043233187 52.020807575271114
12.591640932671153 52.02097487496528
12.592247968738851 52.02122987109191
12.59233588559186 52.021265820144095
12.592683305514091 52.02140808104964
12.59409395108898 52.02198570974635
12.594477927561355 52.02214293976448
12.595365623044366 52.0225574629042
12.595599985024332 52.02266690185667
12.596595941407887 52.02318695239396
12.596901449091968 52.02336291882964
12.597279904721972 52.02358090185182
12.597875951183047 52.023957901238454
12.598120789951412 52.0241188296335
12.59844498928886 52.02433192039278
12.598943991935492 52.02471599783114
12.599182699774545 52.02490822189856
12.59943181871098 52.02510882970189
12.599904930589458 52.02550799456629
12.600103615783668 52.02569743169536
12.600974233138103 52.02652752501361
12.60185624046314 52.02736847814121
12.60240199273233 52.02788882764926
12.602745483577868 52.028197206097246
12.60294681645066 52.02837795827637
12.603406889812804 52.02875998680502
12.603703091081876 52.02897268673457
12.604070922823343 52.02923682397388
12.60450398783022 52.02951398557828
12.604832734810746 52.029709996802566
12.605018822960975 52.02982094950574
12.605618967241472 52.030159950930475
12.60606395317757 52.030383840882415
12.606493396002085 52.030588280608264
12.606666891425853 52.03067087450633
12.607151924233554 52.03087688306444
12.607862047686814 52.03115051983921
12.608124970081262 52.03125183354136
12.608560829055923 52.03139190445971
12.609317817251911 52.031604887039265
12.609445958050625 52.03164094012173
12.610109991061163 52.03180485289853
12.61084391458914 52.03196919720112
12.612427337222217 52.03232376614247
12.612454875091943 52.03232993257783
12.613731904634802 52.032619946434046
12.614018757863873 52.03270038030593
12.614958829022024 52.0329639770008
12.61556141776949 52.03316087529779
12.616081817807595 52.0333309181034
12.616965783538047 52.03370196544705
12.61712285020477 52.03376789466518
12.617706975736626 52.03404896782448
12.618242721774068 52.03433607216868
12.618583909092484 52.034518913206135
12.619037835725498 52.03479495722342
12.619418189725868 52.035052541005335
12.619431971447884 52.03506187427927
12.619784942711552 52.03531482149619
12.620112954529665 52.03557186653253
12.620436868528357 52.03582984289147
12.6204601575158 52.03585151779067
12.6207378719912 52.03610998472817
12.621202974495358 52.03656689159349
12.621353858736752 52.03673104896349
12.62163492191512 52.03703683697515
12.622055879728254 52.0375028708019
12.622176107778872 52.03764028188807
12.62247683754139 52.0379839920547
12.623009245989216 52.03857035700069
12.623529977132304 52.03914386121505
12.623873345738636 52.03952386408499
12.623941994248524 52.03959983675777
12.624114847722236 52.03978088587033
12.624879271094432 52.040459766255395
12.625026985072203 52.040590950263834
12.626113293286249 52.04139824988714
12.626190952051974 52.04145596269047
12.626745834054333 52.04179589543781
12.628214902316367 52.04254281615934
12.628676736858871 52.04274362669249
12.630417879302176 52.043500693802365
12.632096176573311 52.04423043516813
12.633740476701044 52.044945394217144
12.63401089535678 52.04506297510258
12.63534882854243 52.04564603304812
12.636921186035853 52.0463312507702
12.637523844186749 52.046593883184954
12.63785595382428 52.04674587503253
12.638444534178294 52.047007907530016
12.639760881060978 52.04759393738793
12.639969970895018 52.04769761239845
12.640633902861936 52.04802681613028
12.641453810964506 52.0484838068601
12.6416728863494 52.04860591252013
12.642798855367277 52.04927981755018
12.642913101506702 52.049356687979426
12.643742843950008 52.04991497956026
12.644310075353374 52.05033248619392
12.644576936466477 52.05052890741517
12.645214527105848 52.051043009171195
12.645531914655832 52.05129892493707
12.646319999836088 52.05202982690997
12.646446623032109 52.05215400144083
12.647186874907916 52.05287993817508
12.64754080826883 52.053308184333176
12.648221038344236 52.05413123733858
12.648334823139043 52.05426891269391
12.648845220479878 52.055004613713734
12.649447998610931 52.055873474991536
12.650062775266566 52.05675963127867
12.65020789914298 52.05696881689806
12.650649217709766 52.05767456106235
12.651231985704149 52.05860650714873
12.651807513038912 52.05952687417714
12.651871986356497 52.059629978082256
12.65237087079485 52.0603997377191
12.653163303568018 52.06162243122645
12.653549857144426 52.06221886863304
12.65385017013596 52.062682325086904
12.654208861012956 52.06323587290725
12.654423106965648 52.06356200759951
12.654769889744443 52.06408989572726
12.655085602572653 52.06458334608521
12.65571586354194 52.06556842642755
12.656320532115226 52.066513506567695
12.65642186976422 52.06667189449084
12.656750999169446 52.067170897137466
12.656957031743778 52.06748299208084
12.657273843674522 52.067962893872625
12.65760148393371 52.06846208825894
12.658243288127196 52.06943994443356
12.6583588344982 52.06961599147952
12.658947854810574 52.07046293591797
12.659472882586856 52.07121786634366
12.659714650420629 52.07153014979561
12.660370242648272 52.072376956422985
12.660679876670535 52.07277690036841
12.661146113777182 52.073332774515585
12.661516949419312 52.07377490566168
12.66170284140936 52.07399190382641
12.661988303683016 52.07431247855485
12.66223891069529 52.0745939107521
12.662804968568794 52.07523391563968
12.662890734604405 52.075323592924846
12.663892240660669 52.076370771374535
12.66445098812396 52.07695499979604
12.664941778490386 52.077451589435945
12.6657278314023 52.07824693050043
12.666059882146316 52.078561054467976
12.666871015852298 52.079328396636384
12.667100973437003 52.07954593925653
12.66771047333752 52.08008639091657
12.668564604970166 52.08084376078384
12.668565943879615 52.08084494801264
12.669474857188488 52.08159179262209
12.6702989489652 52.08226894026106
12.670400442387892 52.0823468814439
12.671373302887256 52.08309398303965
12.671767830962716 52.08339695818864
12.672389753656788 52.08384445565368
12.673428270880017 52.08459170901688
12.673479974422156 52.084628911717886
12.674482467305555 52.08534028345157
12.67553169862556 52.086084820909655
12.676577619940089 52.086827009578656
12.676860861708096 52.08702799872371
12.677607224810506 52.0875657863581
12.678633155151632 52.08830501455603
12.679659506512929 52.08904454611761
12.680683562807715 52.08978242398225
12.681405902238325 52.09030290149829
12.681713836061531 52.09052217240847
12.682030819699856 52.09074788743439
12.682777235394555 52.0912568348324
12.683857659546817 52.091993527622954
12.684548929733388 52.09246487377133
12.684963730942991 52.092720425230006
12.68551489752937 52.09305998890981
12.686156815551737 52.093407933741254
12.686451994324893 52.09356793225336
12.687951982497095 52.094338881097855
12.68869295615209 52.09471150124682
12.689892858785976 52.09531490717787
12.689995502611184 52.09536704132538
12.690398939484334 52.09557195221421
12.691275844704228 52.09601555914615
12.692347825147536 52.09655785031374
12.692553785944003 52.09666279035341
12.693829376624576 52.09731272247122
12.695105708732283 52.097963032357
12.695440933751485 52.09813383440972
12.696328767546452 52.0986354611545
12.69671181656521 52.0988518841308
12.6974721623417 52.09934779887712
12.698593221485206 52.100078979055866
12.6995359592036 52.100693853960045
12.699707124621138 52.100812953294046
12.700785520111578 52.10156331622685
12.701866338718435 52.10231536519855
12.702950183341404 52.10306951971533
12.703233868701023 52.10326691202671
12.704028779181252 52.10383122652871
12.70510793722172 52.10459733107423
12.706195882991947 52.1053696741126
12.707281260123732 52.106140193650134
12.708152928385577 52.10675899923054
12.70833900998868 52.10689150226471
12.709365158428954 52.10762219127198
12.71038476885744 52.10834822476046
12.711413428920451 52.109080702217675
12.71175491165567 52.10932386165836
12.712483832432303 52.109796974107574
12.713581828028056 52.110509637818346
12.714307853154269 52.11098087082016
12.714712875888695 52.11119325486247
12.715946276946308 52.111840020291034
12.717184301560067 52.11248921019966
12.717566923444725 52.112689847782775
12.71848329749877 52.11308690977409
12.71980931444814 52.11366146874169
12.721122419007566 52.11423043281141
12.722161882866066 52.11468082922729
12.722444458573433 52.114795390641305
12.723800736212828 52.115345250661534
12.725160653026986 52.11589658607047
12.726396979236537 52.11639781556423
12.726524605845611 52.116453109003054
12.727856713995616 52.117030236618014
12.729191762312352 52.11760863804202
12.730532350753682 52.11818943969073
12.731880979770615 52.11877372486909
12.73222296086452 52.11892188606237
12.733233902926644 52.11936082515219
12.734591481139171 52.11995026955984
12.735952231480985 52.12054109126851
12.73671882756171 52.120873938222395
12.737295969102895 52.12114043088792
12.738593921359126 52.121739754852314
12.739206949007666 52.12202281777612
12.739779165783434 52.122357421400665
12.740865188388351 52.122992472862514
12.741573998516216 52.12340694941745
12.7416919039568 52.123494866270455
12.741945968760833 52.12368690498963
12.742317683373072 52.12396715919234
12.743590062795876 52.12492646955824
12.743961909650904 52.12520682346538
12.744742182545156 52.125893925838675
12.745835678168008 52.12685684976334
12.7468564881431 52.12775576725969
12.746967846459922 52.127853828546115
12.747708934834098 52.12848923599273
12.748627305625767 52.129276644971355
12.74895193611723 52.129554982398936
12.749601999288842 52.129946882947095
12.74979982497804 52.130096662376744
12.749967822804328 52.130223858286975
12.750226916750377 52.13040695630924
12.750795852627524 52.13090010847661
12.75169235279494 52.131677192535406
12.752125883522464 52.1320529758644
12.752570136337548 52.132433353659586
12.752730870680455 52.13257097749198
12.753221863952769 52.13266690371931
12.753311829715486 52.13266895262902
12.753499956879764 52.13267491309363
12.753831614872803 52.132962010994994
12.75470856652716 52.13372113932856
12.754726881266986 52.13373699338146
12.754644924878589 52.13402682097316
12.754642875968878 52.13407282830938
12.75462797480735 52.13416298033661
12.75467081564674 52.13430398257756
12.754939411727833 52.134624024045614
12.755374895528888 52.13514291797153
12.755781194629623 52.13549754071214
12.756830257774975 52.1364131756397
12.757332908153524 52.136851894934146
12.757769338627744 52.137238899954454
12.758796289549185 52.1381495493836
12.759918171209296 52.13914437870993
12.760816420136331 52.139940901557864
12.761763932419983 52.14078110872084
12.762759453248064 52.14166388749329
12.763802503339772 52.14258881287263
12.764893008632464 52.14355581918378
12.766025746510472 52.14456027526872
12.766082870202128 52.14461092974121
12.767222737557738 52.14559186623835
12.768459909457455 52.14665654017929
12.769733337233474 52.14775241486665
12.770429911548568 52.148351866342544
12.770596096456748 52.14849737861396
12.771467914728284 52.14926074671004
12.772352110411395 52.15003495252474
12.77325010812688 52.15082124346258
12.774161578533018 52.15161933115044
12.77466593924163 52.15206095171111
12.775080105695 52.152418191071455
12.776017812084785 52.15322700991267
12.776967584549986 52.15404623634974
12.777401978762493 52.15442092316793
12.77792550529595 52.154872832142345
12.7787458772677 52.1555809785928
12.778892096430129 52.15571009026666
12.779455917614458 52.15620794496405
12.779858586747553 52.15655584342017
12.78031590089908 52.156950954130686
12.780835746218724 52.15740316714998
12.781091878885594 52.15762597674785
12.781584921067616 52.15803687627696
12.781830500185022 52.15825064846049
12.781955959989636 52.158359858953055
12.782806059929854 52.1591137645072
12.783058832207146 52.15933793394278
12.783706846469048 52.15991181492608
12.783790543427273 52.15998050659454
12.784831286149515 52.160834663729375
12.785468908819606 52.16135797265227
12.785934008867478 52.16167496418835
12.786790828111563 52.16225893413109
12.787132031452408 52.1624727762913
12.78746398808354 52.162680823266825
12.788106973203428 52.163065832027776
12.788407747971036 52.16323049153314
12.788793916749816 52.16344190009181
12.789609941607935 52.163866955724366
12.789759189570148 52.16393901980823
12.790543871906635 52.16431790212507
12.791179311014572 52.16459198515143
12.791373866603683 52.16467590253076
12.792172941390564 52.16500484567146
12.792660439279452 52.16518274949683
12.793400983364904 52.165452998104385
12.794178823996608 52.165712837108515
12.794191306267711 52.165716800351014
12.794896873717684 52.165940824879875
12.795761488006258 52.16619553273547
12.796122866782312 52.16630199178238
12.797367040710723 52.16663352467011
12.797499920371918 52.16666893288498
12.79901461869536 52.16702323889816
12.800670116649249 52.167410479625104
12.802325614603134 52.16779772035205
12.803983709061756 52.168185568432435
12.804356876113047 52.16827285665884
12.805643479874732 52.16857445820097
12.807303408160944 52.16896357328508
12.807628984919836 52.16903989394844
12.808963881160338 52.16935380102328
12.810627500919072 52.169745008966096
12.810928847139971 52.16981587193495
12.812292859871574 52.17014085784228
12.81395985037368 52.17053803039667
12.815624784594496 52.17093471302716
12.815746951455182 52.17096382016608
12.817297447268414 52.171327153947736
12.818972056073084 52.17171957161479
12.8206505846443 52.17211290781615
12.821132976289086 52.17222594854741
12.822331280507134 52.172497866009465
12.824021412035425 52.172881388214265
12.825708025243763 52.17326411204698
12.8273476425374 52.17363617163462
12.82794597360371 52.17377194405582
12.828887350378864 52.17407922747566
12.830315970328847 52.17454555640523
12.831723433628124 52.175004979398565
12.832004863739122 52.175096843580086
12.83306039354198 52.17557511451076
12.83437545567374 52.176170982091136
12.834882836823526 52.17640088147821
12.835646453272576 52.176810884771626
12.83669891588462 52.17737597623563
12.83742896090282 52.17785977506897
12.838554608733254 52.17860573880208
12.838622842102264 52.17865095686877
12.839581835593028 52.17940248303407
12.840591029703209 52.1801933494862
12.84160475289418 52.18098776520405
12.84183087591449 52.181164969082886
12.842626766435853 52.18179000734283
12.843658089252182 52.1825999381075
12.844692164166055 52.18341203018232
12.845730817190883 52.18422771759396
12.84677414953983 52.18504707982837
12.847822918608426 52.18587071169246
12.848874027339088 52.186696180967935
12.849764999369494 52.18739588977536
12.849937084725784 52.1875172378542
12.850327890746174 52.187792819465535
12.850933995491282 52.1881789458136
12.851111377614108 52.18828402471588
12.852358054813433 52.18902254035378
12.85291584997436 52.189352971077405
12.853674111864272 52.18969852251665
12.855070601214956 52.190334923885935
12.85565188949522 52.19059982576817
12.856522611295356 52.1909046430426
12.85804472238066 52.19143749492747
12.859563195768745 52.19196907334824
12.859916974453265 52.192092922153165
12.861156795009338 52.19237528800307
12.86246786704215 52.1926738811882
12.862807302231092 52.192752170427354
12.864453252704608 52.19313180169263
12.866094285565 52.19351029873199
12.86640885173698 52.19358285204134
12.866868925099125 52.193688836552695
12.867732563992552 52.19388385057763
12.86934350277604 52.194247608692834
12.870943883613462 52.194608982770475
12.871160832147917 52.194657970845505
12.872522904469712 52.19504061564272
12.873712842323918 52.19537490297947
12.874089397061914 52.19551165099941
12.875581940783269 52.19605367684047
12.876460989038518 52.196372908272735
12.87700695830908 52.196640502406815
12.878319129362232 52.197283632516275
12.87898897109156 52.197611939853694
12.879338962122924 52.197793920288845
12.879611520595516 52.197942775586014
12.880325977809562 52.19833296980708
12.880839957588266 52.19865802519352
12.881560911571103 52.19911397693561
12.881991193965888 52.19941343508072
12.882675890982355 52.19988995492212
12.883085072934044 52.200206655099365
12.8837068650955 52.20068791212189
12.88408837455102 52.20104062896361
12.885021615472777 52.201903437960134
12.885959857381698 52.20277087051808
12.8861329604566 52.202930909460726
12.886902949778806 52.20364352702951
12.887367894218144 52.204073828549845
12.887850442055424 52.20452065394574
12.888797032939063 52.20539716983424
12.889743481969612 52.20627355437087
12.890695676293474 52.20715525888359
12.891652723042004 52.208041456601755
12.892615331480636 52.20893280428474
12.893581227687667 52.209827196346545
12.89376887441655 52.21000095181169
12.89453348568706 52.21072987269753
12.89499393615858 52.21116883034637
12.89549177090293 52.21162803241214
12.89552199607019 52.211655912063776
12.896259976094813 52.212344904519874
12.896454814224988 52.21252593300959
12.89741920261707 52.21342196795899
12.898383128780315 52.21431757344119
12.89934842640822 52.21521445318205
12.899615903935192 52.215462972569384
12.900034999103136 52.21585096156264
12.900317584492573 52.2161140389929
12.901162830766204 52.21690093465673
12.9012900324474 52.2170177219515
12.902274902282588 52.21792195751406
12.903107991139024 52.21868683886573
12.903262930295146 52.21883178194726
12.904240707071663 52.219746476351105
12.904718992964602 52.22019390508966
12.905222483000896 52.220657538974166
12.906206791780011 52.221563930103926
12.90718959497518 52.22246893483141
12.90817061419788 52.223372296805245
12.908203815852191 52.22340287022448
12.90914359267688 52.22427840072208
12.910113982956364 52.225182451835
12.911084227505556 52.22608636718024
12.911467915284662 52.22644382476309
12.911617858222526 52.22658389568144
12.912061912836029 52.22697691381671
12.912065900599382 52.22698078987801
12.91259388430254 52.22749398412169
12.912994477091456 52.22787256350496
12.91317689224728 52.22804495456915
12.91380888776054 52.22869185124394
12.913871261748216 52.22876104591654
12.914302861265156 52.22923984145909
12.914658401341567 52.22967929009941
12.914781933608248 52.22983197636527
12.915217978847428 52.23041796454231
12.915362375646032 52.23063688651328
12.915610996982702 52.23101382473887
12.915983376280955 52.231609207855854
12.916003828853457 52.23164190869723
12.916300920761396 52.232220818822555
12.916479272064604 52.23261386849707
12.916565975172055 52.232804944354406
12.916834941137616 52.233428930493346
12.916907462483138 52.23363690144011
12.91705883108956 52.23407098429064
12.91722944126812 52.23467728075771
12.917247889576432 52.23474284041098
12.917388891817382 52.23537092436934
12.917453572020886 52.23572481159744
12.917505865935368 52.23601092925692
12.917563980465324 52.23665987484142
12.917568995260355 52.236773595441846
12.917593969052897 52.237339926600605
12.917586534157966 52.23782181793869
12.917583910768863 52.23799185241741
12.917565843110513 52.23860391762712
12.91755380827981 52.23886992888509
12.917538834755243 52.2392008954108
12.917473828438084 52.23980495124619
12.91744787863876 52.23993432251649
12.917345864713472 52.240442907224065
12.917185424451889 52.240983386483656
12.917152894671698 52.24109297039568
12.916926955810046 52.24178289417437
12.916827862313385 52.24201717631015
12.916679969057736 52.24236683344171
12.91637989691749 52.242984859116035
12.916355613022857 52.243031382362304
12.916036983937852 52.243641814074856
12.9158188316177 52.244009088216224
12.91524869880614 52.24496894524955
12.914684858935912 52.2459182076918
12.914405865544213 52.246387911879744
12.91412626583902 52.24685164832649
12.913561093725482 52.24778902738256
12.912994620518884 52.2487285643961
12.912771953182784 52.24909787436793
12.91244102430324 52.24967229012448
12.9118976569861 52.25061544972115
12.911353818097837 52.25155942785588
12.911037830510091 52.25210790899637
12.910804393438454 52.252503146182434
12.910246663134195 52.253447451020094
12.909786877999906 52.254225922842906
12.909682802247865 52.25439930516479
12.909535979692697 52.25464390042373
12.909236838875044 52.25518294994197
12.909135215952116 52.25536409647589
12.908901935269729 52.25577992772564
12.908606070037022 52.256341198959454
12.908579883916229 52.256390875348245
12.90831184927326 52.25700796969998
12.908179155204738 52.25733917792733
12.908053872914326 52.25765188614246
12.907837992336706 52.25822483580317
12.907800789244355 52.25834901715971
12.907648933849831 52.25885589999383
12.90755002031371 52.25937534965093
12.90752897949954 52.259485846597386
12.907425975220486 52.26012696907208
12.90736599804534 52.260741828249586
12.907357884274184 52.260936326935294
12.907339921012667 52.26136693197564
12.907339921012667 52.2618398575896
12.907350262802442 52.26202948169211
12.90736599804534 52.262317998610094
12.90740883888473 52.26278496375944
12.907447432494608 52.263092514079155
12.907468816059875 52.26326291851542
12.907554870267694 52.26373081498736
12.90766302823446 52.26418216304169
12.907666815243664 52.264197966401234
12.907764976645224 52.2647109388868
12.907952641624844 52.2652585536865
12.908317032240236 52.26632186179153
12.90868269375004 52.26738887842327
12.908789990293757 52.26770197453429
12.909042401498082 52.26844746809125
12.90939317321907 52.269483468290446
12.909534862105582 52.26990194476922
12.909741923395872 52.270503539018016
12.909914841724518 52.27100593457384
12.91009256634547 52.27151796938487
12.910379944228678 52.27234592152415
12.910437166238172 52.27252070207039
12.910760523709238 52.27350837440003
12.910930914676136 52.274028821454095
12.911078282301393 52.27446089780561
12.911388075920552 52.275369201080906
12.911546891440754 52.27583484223115
12.911864448683092 52.27665666454045
12.912084823371876 52.27722698324681
12.91227605165396 52.27779580716482
12.91260852454534 52.278784774542665
12.912918287251347 52.27970618864605
12.913205949512257 52.28056186319653
12.91321819293173 52.28059941397972
12.91358730107938 52.28173147517037
12.91390892052488 52.282717887675005
12.914215885989565 52.28365935616237
12.914522178574533 52.28459876091578
12.914825067577832 52.285527726824256
12.915045870431792 52.28620493306678
12.91513416250145 52.28643848419663
12.9152889456292 52.286847918186666
12.915429947870148 52.287256955070575
12.915454482460731 52.28732201195626
12.915520844955465 52.28749798135827
12.91563781907345 52.28775484013009
12.915732813978185 52.28793998706207
12.915846994128383 52.28813798624586
12.915981849640202 52.28833393651993
12.916020429486975 52.28838769028734
12.916098823758189 52.288496917974136
12.916253982102589 52.28867591817698
12.916452912608973 52.288885838289985
12.916628932579508 52.28905198624101
12.916776573005905 52.28918330587197
12.916847979653951 52.28924681892798
12.91702399962449 52.28938782116892
12.91728085839631 52.2895759483332
12.917544981484376 52.28974582157461
12.917785195063368 52.289891676747736
12.917829966198578 52.28991886131284
12.91810899044817 52.29006992183782
12.918470902408757 52.29024892204066
12.918839892421063 52.290411903494864
12.91899216294424 52.29046726808302
12.919235890788642 52.29055588596812
12.919653868369473 52.290695956886466
12.920060856343676 52.29081293100445
12.92039565209515 52.29089805378632
12.920465981672688 52.29091593528351
12.920957906267596 52.2910319780789
12.921973979219212 52.29126182849545
12.921978052550132 52.29126276409503
12.923715761566164 52.291661896857995
12.924573859376622 52.291858992543645
12.925470958792662 52.29205999777347
12.926835855696408 52.29236581830008
12.927311372937789 52.29247505127717
12.927636979392997 52.292549847644935
12.928804693384311 52.29280578656269
12.92949385038377 52.292956835619144
12.930362071817882 52.2931565981057
12.931904120538432 52.29351139640335
12.933485520902671 52.29387524882232
12.933561867480618 52.29389281482755
12.93515601408208 52.294259719338505
12.936907011134478 52.29466272412904
12.938746343341808 52.295086059902175
12.938806890073572 52.29509999517575
12.939933976678564 52.29535983417988
12.940651873141324 52.295525086154605
12.942622764185009 52.29597876388368
12.944638395045349 52.29644274023301
12.946692835105049 52.296915650038855
12.948083326510366 52.29723572606999
12.94949349242897 52.29756033096057
12.95093296786935 52.297891682584975
12.952393869642744 52.29822796631871
12.953444859835018 52.29846989285506
12.953881353206087 52.298570046373314
12.955397715201974 52.298917976030225
12.956290981686658 52.299122936258975
12.956939429608072 52.29926955859015
12.958506792034315 52.299623959190626
12.960099830162644 52.29998416539425
12.961715597914829 52.30034951105523
12.96334619821407 52.30071821054395
12.964985063838997 52.30108877892804
12.96661040623658 52.30145628953824
12.968174249762647 52.301809894470594
12.968355893381444 52.30185096640552
12.969723524036649 52.30216122562918
12.971158988129176 52.30248687347368
12.97127720441255 52.302513666437555
12.972773901509656 52.302852883253685
12.972801809073328 52.302858794072634
12.973458982410856 52.30299798331405
12.973915889276174 52.30309484086398
12.97428157392982 52.303167941335616
12.975036829152035 52.30331891708044
12.975699985392582 52.303413784537895
12.975980817734769 52.30345395885678
12.9773278827368 52.303585834136285
12.977621994412438 52.303604833117234
12.977645231502008 52.30360574718709
12.978104978310428 52.30362383209818
12.978635832189823 52.303630910149906
12.979487468483397 52.30362887407097
12.97949283524214 52.3036288612402
12.980639852150675 52.303622900775586
12.981183712359693 52.30361787718228
12.982835903539783 52.30360261602436
12.983341991529064 52.30359794133003
12.984516529899263 52.303583449513326
12.98521394994588 52.30357484452966
12.986284005663544 52.30356530338595
12.988064080256242 52.30354943136431
12.988242983555264 52.3035478361744
12.98989889950928 52.30353144080684
12.991828817201712 52.3035123325243
12.993846817720769 52.30349235212604
12.995943718113496 52.30347159053329
12.99811159989621 52.303450126147645
12.999591556120006 52.303435472972645
13.00109348010418 52.30342060229295
13.003280595164998 52.30339894747694
13.00537168244237 52.30337824344035
13.007318891748463 52.30335896395204
13.008327886648354 52.30334890566801
13.008663591686036 52.30334399579697
13.010441988939986 52.30331798575784
13.010478352835298 52.30331712036018
13.01162383731359 52.30328985981546
13.012204138967542 52.30325573402883
13.01228582141442 52.30325093053097
13.013125874395502 52.30316990546517
13.01382788886571 52.303082008817285
13.013915822220948 52.303070999005534
13.014432892525932 52.30298084697829
13.015070848503802 52.302860892628
13.015349100744118 52.30279996236644
13.015924871323811 52.30267388305084
13.016736386046604 52.30244870709814
13.018429210147737 52.30197898884284
13.018634833812 52.30192193318729
13.020112527094636 52.30149584215356
13.02104882197936 52.301225862679466
13.021477975431337 52.30110199677427
13.02185549151156 52.30099384700192
13.023209176828596 52.300606046941105
13.024632147661784 52.30019839815545
13.024860911626986 52.30013286248146
13.025316887169708 52.30000489875685
13.025891885740128 52.29984191730265
13.026102243385289 52.2997816961826
13.026597828267466 52.29963982029944
13.027299859239903 52.299444987612475
13.02756716377321 52.29937328170621
13.028276816642512 52.29918291343412
13.02899486636359 52.298976904876014
13.028997458745131 52.29897613192771
13.029460900190344 52.298837951544776
13.029743835994836 52.29876381826618
13.0304600082239 52.29859688038999
13.030506961729532 52.29858593565045
13.03100298414386 52.29848796051341
13.031495840061362 52.298407866770205
13.031908974764695 52.29834993850477
13.03203428751404 52.29833503558189
13.032345951326471 52.29829797070394
13.032748841481258 52.29826090406465
13.03315992727488 52.298232964386784
13.033568964158794 52.298217876960734
13.033657586970234 52.29821630290832
13.034019910559504 52.298209867586415
13.034476817424824 52.29820893626382
13.034765899958444 52.2982048384444
13.035294067431252 52.29822309191226
13.035347976580589 52.298224955012465
13.03578998228438 52.29825289469032
13.036388822713244 52.29831287186547
13.036887825359877 52.29837191771802
13.037499890569595 52.298470824177656
13.038045831875037 52.298576994953535
13.038361922763928 52.298643863915885
13.038429767918217 52.29865832536319
13.038596988587017 52.29869396907152
13.039300882204644 52.29888582152618
13.039766916031397 52.29901993197992
13.039885936602303 52.29906311289063
13.040375814744287 52.29924084169956
13.041261605454368 52.299561254285734
13.04263483083177 52.30005798414479
13.0426379608409 52.300059138379794
13.043377839998406 52.30033197925237
13.04385784366409 52.300477824370816
13.044038494831575 52.30052586728645
13.04440695146636 52.30062385575378
13.04491396348731 52.30073486940715
13.0453529889588 52.30082092361497
13.045523338576531 52.30085171273107
13.045855903160332 52.300911820700286
13.046337955735726 52.30098185615946
13.046859868918208 52.301043882244315
13.047057799240363 52.30106219931428
13.04734695063562 52.301088958257935
13.047838875230523 52.3011159666132
13.048342907019174 52.30113496559415
13.04863911454366 52.30113683132841
13.048963912925808 52.30113887714905
13.05022943328514 52.30109622936849
13.051819560626129 52.30104264239819
13.053114817733649 52.30099899249522
13.053404258644871 52.300988389830096
13.054986674194836 52.300930423518125
13.056569228040033 52.30087245214019
13.05814816627615 52.30081461320757
13.058575907168745 52.30079894440172
13.059722022980315 52.30075439475283
13.06130768459944 52.3006927599096
13.061661937720968 52.30067899005142
13.0622058301167 52.30066185371567
13.062901619557264 52.30063705834001
13.064489183586073 52.3005804833991
13.066077554284483 52.30052387971146
13.067665498205107 52.300467291232614
13.068519824784692 52.300436846176616
13.069265644299277 52.30043181695809
13.06954185820092 52.30042995438941
13.07085339233143 52.30039139393225
13.07244603503156 52.300344568593
13.073114970470554 52.30032490120064
13.07400028047489 52.30029300813413
13.07594029122648 52.30022311974293
13.07772185082112 52.300158939514134
13.077838269173462 52.3001558263368
13.079518930901266 52.30011088326821
13.07968790797605 52.300104885710034
13.081234985915607 52.300049974770474
13.081491051189866 52.300045924528874
13.08218884651785 52.300034887344424
13.082929993039295 52.30005481764797
13.08327801559424 52.300071564880945
13.083618985495397 52.30008797273236
13.08429885099006 52.30013696030088
13.085174313935816 52.30022616795254
13.085201861378591 52.300228974973315
13.085822867285229 52.30032899902006
13.086958894587134 52.30054394827509
13.087011972873844 52.30055417241386
13.088848492128038 52.300907929644495
13.090681068831652 52.30126092744624
13.09251458276846 52.301614105781354
13.094342610805516 52.30196622740187
13.09457487824354 52.30201096762741
13.095311926945566 52.302154950100665
13.095743810913998 52.3022393975158
13.095853956696107 52.30226093461203
13.09616092062356 52.302321843109766
13.097222880276266 52.30253540940328
13.097339975029378 52.30255895784256
13.09798594038157 52.30266587367653
13.09856894832631 52.302745967419725
13.098835595145829 52.30277378687137
13.099325927331876 52.30282494357582
13.099788980926329 52.3028618239506
13.100392850497204 52.30290187082221
13.100567980610435 52.30290902803841
13.10090787189248 52.30292291871286
13.101393836022776 52.302931859409775
13.101962874128583 52.30292291871286
13.10241073666859 52.30291230137065
13.103989990889804 52.302874862466936
13.10436111163852 52.30286456136112
13.10639851607493 52.302808009635655
13.10851087528735 52.30274937740922
13.110696045229416 52.302688724193565
13.112187605064936 52.30264732334019
13.112847986359476 52.30262899330174
13.113713407840216 52.302613234880745
13.115264078105255 52.302584998795325
13.116591903193116 52.30256082048776
13.116830139790109 52.30255256367409
13.116994979612418 52.302546850648824
13.118411816559531 52.30251386701952
13.120016980432997 52.30247649918388
13.121644112466836 52.30243861993466
13.12329733120796 52.30240013339306
13.123867954102188 52.30238684942693
13.124963760323396 52.30233879527784
13.1255329726383 52.30231383373545
13.12663012655768 52.302227279736506
13.12830586531881 52.30209508142924
13.12999662827954 52.30196169786936
13.131688013789264 52.30182826519685
13.133385247121206 52.30169437119218
13.135084601275196 52.30156030987676
13.136773911621589 52.301427040913
13.138458718855018 52.30129412719787
13.140127426942302 52.301162483537425
13.14173866950761 52.3010353733072
13.141984972551128 52.30101594256645
13.142385813796205 52.30098483639176
13.14333246029102 52.300907527481804
13.143977816640836 52.30085482375744
13.144467878590552 52.30082893298929
13.14487989570677 52.30081291424065
13.14496127967752 52.3008121195328
13.145394917102044 52.300807885098635
13.14591794787164 52.30080192463402
13.146607241323858 52.30080575338033
13.148275296797214 52.30081501875376
13.149955425543387 52.30082435118934
13.151647538446998 52.30083375019206
13.153348516935033 52.30084319843952
13.153462964746272 52.30084383415082
13.155058766559309 52.300828129924206
13.155582841237996 52.30082297252468
13.156122822078828 52.300796895492006
13.156620893402865 52.30077584760135
13.156767375871448 52.3007670533555
13.157135914798138 52.300744927691184
13.158474953477247 52.3006421098506
13.160193524346502 52.30051014970007
13.161921007998863 52.30037750518311
13.16365540923892 52.30024432950044
13.164182860348737 52.30020382926324
13.165401333316558 52.30010949415031
13.16714828154522 52.29997424407684
13.168898793724406 52.29983871807958
13.170646556987704 52.2997034049055
13.172359226536896 52.29957080871372
13.174052042398912 52.29943974960964
13.175237845821034 52.29934794379803
13.175751746456072 52.29931409829749
13.17645396686615 52.299267850054825
13.177455395661966 52.29919068175981
13.178892914479068 52.29907990915507
13.17913761559266 52.29906146791173
13.18011387840168 52.29898789448264
13.180773913440202 52.29894425709502
13.180899914672224 52.298935926681814
13.18155686963104 52.29892083925577
13.182108957665614 52.298923819488074
13.18235177434112 52.2989257293797
13.182629939525498 52.298927917307495
13.183272924645385 52.298957905895065
13.183711950116871 52.29898584557293
13.184157867375564 52.29902794135425
13.184477072676591 52.2990621336432
13.184670839861129 52.29908288938737
13.185340833336282 52.29917397273721
13.185719881632624 52.29922892077034
13.18625297068625 52.29932484699767
13.186475478511472 52.2993705461969
13.186778981688148 52.299432880418735
13.18730089487063 52.29955395235614
13.188196827207436 52.29977299943059
13.188449779897883 52.2998347191725
13.190306831679646 52.300287834561345
13.190422021359248 52.3003159494106
13.192129988792464 52.30073282049744
13.192456184583218 52.30081244127921
13.193836165002187 52.30114927922408
13.195233097285293 52.301490254931345
13.195296858145973 52.30150581825165
13.195656907461366 52.30157883394313
13.19612089237841 52.301667868383255
13.196523968797711 52.301736972519834
13.19668177967354 52.301761632749155
13.196926858952496 52.30179992992728
13.197304975926242 52.3018468685861
13.197725933739378 52.301893993509424
13.1980599060221 52.30192584474219
13.198177163501883 52.30193620558829
13.198411945963173 52.301956950916875
13.1988669901833 52.30198284168503
13.19926894901549 52.302022888556635
13.199710739889404 52.3020339018619
13.199791979785084 52.30203592707297
13.200323951251596 52.30204281886018
13.20090193005432 52.302030897930955
13.201295536501352 52.30202191660872
13.201554973458236 52.30201599676943
13.202902235776897 52.30196224657084
13.204416927794 52.30190181661923
13.204524083454045 52.30189718881415
13.206156028026584 52.30182670890324
13.20780389318762 52.30175554141895
13.208095838310475 52.301742932984446
13.209460276804284 52.301695880236814
13.210882914309568 52.3016468204926
13.211055807775091 52.301640113504035
13.212505837064366 52.30158386308515
13.21258107754014 52.30158210710105
13.2141339752257 52.30154586512325
13.21468565561865 52.30152234746625
13.216554605044394 52.3014426757721
13.216899817069615 52.30142795968267
13.217612837648678 52.3013949908628
13.218288920200765 52.30137037231421
13.21993329540333 52.30131049481746
13.221534971851314 52.30125217213285
13.223154390634653 52.30119320338727
13.224785158682186 52.30113382137499
13.2264202036944 52.30107428362335
13.22805573386974 52.30101472820521
13.228134920331872 52.30101184474703
13.229691713636026 52.300956474995
13.23134957301978 52.30089751067215
13.23303657294833 52.300837509920946
13.234721295251324 52.300777590177
13.236403834718164 52.300717748068976
13.238087132500263 52.30065787899031
13.238760938616714 52.30063391403781
13.23977242713148 52.3005988246521
13.241457385144392 52.30054037204412
13.243146237856516 52.300481784325754
13.244831267967372 52.30042332921664
13.245767837295707 52.3003908388404
13.24618898137336 52.30037686900147
13.246514317084664 52.30036625301633
13.246736971588517 52.30035898760764
13.24737790779869 52.3003468804139
13.247819913502482 52.3003468804139
13.248188903514793 52.3003489293236
13.248202766699457 52.30034915202537
13.248559942436811 52.30035488978822
13.2489579897141 52.30035097823331
13.249438924702382 52.30037183985945
13.24988916636794 52.300412406505245
13.249961955471976 52.30041896478278
13.250476976867253 52.300460874299574
13.251017889030678 52.30052886084904
13.251540919800272 52.30060299412764
13.251552760647822 52.30060507228993
13.251870980528093 52.30066092239307
13.25207382258938 52.30069687144526
13.252588843984652 52.300807885098635
13.253120815451163 52.30091796742941
13.253154411107287 52.30092636308426
13.25360081911685 52.3010379217797
13.254090881066563 52.30116998332374
13.254673889011306 52.30132681804881
13.254700964998984 52.30133589194764
13.256180124293625 52.301831598399914
13.2568198425357 52.302045985357005
13.258647265942098 52.302664336389554
13.260127267180344 52.30316512908525
13.26148893523564 52.30362588100789
13.261604980642709 52.30366462280303
13.263087004306502 52.30415939686289
13.26457202690348 52.30465517211753
13.26521199044314 52.30486882414375
13.265886826795793 52.30509494926993
13.266064130414172 52.30515416031684
13.267549081216712 52.305650063854685
13.269035542391467 52.30614647178562
13.26909392928542 52.306165970254675
13.270183949251114 52.3065439009639
13.27050242112572 52.30665190565916
13.27191788565929 52.30713193805066
13.271984093190296 52.307154388955176
13.272380939253738 52.30728895904024
13.272852933545105 52.30742586346177
13.27335081860462 52.30757282616733
13.273471542735647 52.3076044677611
13.273831939857422 52.307698927246754
13.274303934148788 52.307824842061656
13.274809828582626 52.30793995353445
13.274865014206908 52.3079519151503
13.27531684060358 52.308049849600714
13.275808951463006 52.308161980841206
13.276308885432233 52.30824281964249
13.276670445231758 52.308301665484194
13.27680099629166 52.308322913385695
13.27749390030266 52.30841083023871
13.277839979779124 52.30845385734261
13.278354814909878 52.30851197187257
13.278447053193585 52.30852010769598
13.278886972640908 52.308558910531374
13.279414846288 52.30859392826097
13.279925956128372 52.308613858564506
13.2800756222545 52.308617537856776
13.28037299097418 52.308624848171135
13.280856906194767 52.30862987731315
13.281330949395842 52.308625965758246
13.281692484841958 52.30861798934769
13.281693978943542 52.30861795638393
13.281695563720069 52.30861789734489
13.282043969974904 52.30860491786759
13.282555824873354 52.30857194904771
13.283070846268629 52.3085328334987
13.28344565408223 52.308489794974655
13.28532088055034 52.308274466007326
13.287015458481989 52.3080798805947
13.287641963831527 52.30800794008392
13.288650719261186 52.307887586989075
13.290482235602546 52.3076690715259
13.29070191735108 52.30764286162651
13.291666953824468 52.30753687711515
13.292229997222298 52.30747576650876
13.292301929570032 52.30746795924309
13.292825891662222 52.30742586346177
13.29332396298626 52.307388983086994
13.293846993755857 52.30736793519634
13.294140551609104 52.30736325349907
13.29490981910176 52.307350985125105
13.295644689738303 52.30734304324225
13.297196713412156 52.307326270235414
13.297408930154344 52.30732397676984
13.298830744998286 52.3072894786627
13.29988084658714 52.30726399959469
13.30040576758139 52.307249876159865
13.30166693706066 52.307215943348766
13.301894405895672 52.307205020014266
13.302438817227754 52.307178876709465
13.303379765763149 52.307110034425754
13.306300716151632 52.30689632996926
13.307494967598355 52.30680895537456
13.308079141416323 52.30676244752323
13.309651237025909 52.30663728821848
13.309843949448554 52.30662194579739
13.310561999169632 52.30648299246616
13.310754969211406 52.30644685714945
13.310901931916966 52.306401967400355
13.311028169361965 52.30635704361572
13.311047963299927 52.30634999959953
13.311184867721458 52.30629188506958
13.311321958407506 52.30621290891349
13.31142291377685 52.306128903615374
13.311580866089036 52.30600392012307
13.311661891154838 52.305947854502826
13.31177998285994 52.305892906469694
13.311969972669408 52.30586198655953
13.312400911048291 52.305820012042105
13.312801830011647 52.30578096149373
13.313941399034253 52.30568240216246
13.31451397347109 52.30563288120105
13.314606919466112 52.306008949265085
13.314722165130412 52.306493188438075
13.314751833261964 52.306617847977975
13.31478685099155 52.306777849199875
13.314814976933931 52.30690488160189
13.314844965521504 52.30704290361053
13.314947320838195 52.30750822031577
13.315030857511555 52.30788798573363
13.315087854454395 52.30813888404084
13.315168701107028 52.30849428375544
13.315198868107773 52.30862689708084
13.315220847321022 52.30872394089529
13.31516811755138 52.30872764189031
13.314437977547302 52.308778888928416
13.314274996093102 52.30879695658677
13.313992991611205 52.308812975335414
13.31377599344647 52.308811857748296
13.313748020880109 52.308811664834046
13.31364095167013 52.3088109264257
13.31331685140692 52.30878782962534
13.31325594290918 52.30880496596109
13.31320490643095 52.3088109264257
13.31313393964918 52.30880682860628
13.313025906228107 52.30876883064439
13.312967977962671 52.308711833701544
13.312958851001238 52.308652974113514
13.312983996711312 52.30860193763529
13.313015847944078 52.308573997957424
13.313060923957696 52.30854996983446
13.31313393964918 52.3085298532664
13.313195965734034 52.3085259417115
13.313143997933208 52.30841194782582
13.313124998952262 52.308371900954214
13.313051614700097 52.30822353714005
13.31304788544136 52.30821599755174
13.313052444252776 52.308083649557815
