-95.86630882769025 36.16713682935693
-95.86636098175558 36.16706288234285
-95.86642393916304 36.16700495407741
-95.86653383522928 36.16695186868947
-95.86663683950836 36.16692988947622
-95.8667418926971 36.16691293940499
-95.86700396687546 36.16691387072758
-95.867301 36.16691387072758
-95.86748192163144 36.16691387072758
-95.86772387924174 36.16691387072758
-95.86784793141145 36.16691387072758
-95.86796788576171 36.16691387072758
-95.86839797053632 36.166914988314694
-95.868445 36.166914988314694
-95.86868984703771 36.166914988314694
-95.86878297929724 36.166914988314694
-95.86878484194244 36.16678590700297
-95.86878186171016 36.16641486808095
-95.86878186171016 36.16630795224699
-95.86878186171016 36.166016
-95.86878186171016 36.16568899525007
-95.86878987108446 36.165501985672904
-95.86880588983313 36.16511287909253
-95.86880788107048 36.16505603831643
-95.86880998765253 36.164995904974546
-95.86880690246151 36.16412007369377
-95.8688068211557 36.16409699240544
-95.86880495851052 36.16366094716626
-95.8688019782782 36.16341582305914
-95.86879303247906 36.16312474051777
-95.86878987108446 36.16302187360127
-95.86878689085216 36.16272198772554
-95.86878564721246 36.16217501237887
-95.86878484194244 36.1618208399822
-95.86878987108446 36.16163289908244
-95.86879285131675 36.16155783448125
-95.86879694913618 36.16150195512552
-95.86881483053004 36.161433968576056
-95.86886288677594 36.16132295492268
-95.86891921540376 36.16125556581534
-95.86895490144838 36.1612128725919
-95.86911192243797 36.16102791192445
-95.86913297032862 36.161010961853215
-95.86917599743254 36.1609688660719
-95.86921287780731 36.16092285873569
-95.86924193507228 36.16087293984457
-95.86926298296294 36.160820972043744
-95.86927583521476 36.160767886655805
-95.86927993303418 36.16071293862267
-95.86927583521476 36.16065892191214
-95.86926391428554 36.1606049052016
-95.86924286639488 36.16055293740078
-95.86921399539442 36.16050394983226
-95.86917786007773 36.160456824908934
-95.8691348329738 36.16041491539214
-95.8690858454053 36.16037784875284
-95.86903943133744 36.16035000031213
-95.86903089737216 36.16034487993296
-95.86897185151962 36.16031898916481
-95.86890889411217 36.16029887259675
-95.868843887795 36.160284902757816
-95.86877683256812 36.160277824706085
-95.86870884601866 36.160277824706085
-95.86864197705631 36.160284902757816
-95.86857585315204 36.16029794127415
-95.8685128957446 36.16031787157769
-95.86845384989203 36.16034394861036
-95.8683989018589 36.160375986107645
-95.86834991429038 36.160412866482424
-95.86812788698364 36.1605169883486
-95.8680699587182 36.16055889786539
-95.86801091286564 36.160591866685266
-95.8679419949936 36.160622972859954
-95.86792307741916 36.16062858158805
-95.86786786171498 36.160644952073206
-95.86777398439736 36.16066283346704
-95.8676728427635 36.16066991151877
-95.86748285295404 36.160710889712966
-95.86719991714956 36.16070995839037
-95.86674586044428 36.16070775621127
-95.8661629825718 36.160704929248354
-95.8658029332564 36.16070399792576
-95.86559422948544 36.16070497431767
-95.86516590860111 36.16070697815806
-95.86445175748992 36.160635546625905
-95.8643558442076 36.160625953092264
-95.8638199611862 36.160614963485635
-95.86327517886674 36.16061152538723
-95.86284598401588 36.16060881675651
-95.86252095243007 36.16061384589852
-95.86231289496229 36.16061589480823
-95.86218586256024 36.16061589480823
-95.86215595032768 36.16061579593968
-95.86156597424072 36.16061384589852
-95.861558896189 36.16020499527912
-95.861553867047 36.16003586709579
-95.86153691697577 36.159871954319
-95.86151547642244 36.159764851275966
-95.86149687010416 36.1596719062255
-95.86136387723752 36.15920494107615
-95.86121626516984 36.15873865983301
-95.86115395712451 36.15854183938821
-95.86108485298791 36.15826393272573
-95.86091982012942 36.15785555797283
-95.8609058527851 36.15782099569934
-95.86089393185588 36.15754793191436
-95.86085805213878 36.15685152489234
-95.86080483765234 36.1558186588322
-95.8607879473445 36.15549082656557
-95.86076894836356 36.154995921738355
-95.86075982563004 36.15476271317988
-95.8607191362524 36.15372255223707
-95.86067853201013 36.15268456764736
-95.86065886603278 36.152181837384
-95.8606400515165 36.15164641930898
-95.8606035056963 36.15060640890321
-95.86058398769612 36.15005097128565
-95.8605606448827 36.149553786398265
-95.86053295121788 36.14896393155226
-95.86052760593208 36.148478354536735
-95.86052587316615 36.14832094643237
-95.860494953256 36.14762487592455
-95.86048621166256 36.14736424195439
-95.86048284606224 36.14726389528656
-95.86045102479868 36.14645746600498
-95.86041550977748 36.145557427795616
-95.8604148595128 36.14554094848501
-95.8603725002242 36.144470587144774
-95.8603299984703 36.143396625901026
-95.86029490516248 36.14250986596591
-95.86028792107795 36.14232959374747
-95.8602464598878 36.14125940327245
-95.86020585605286 36.14021134273112
-95.86020382181266 36.14015883520601
-95.86019786134804 36.139869938936904
-95.86019190088344 36.13965089186246
-95.86018111031836 36.13929105395034
-95.8601770175158 36.13915456939126
-95.86016992167018 36.13891794097985
-95.86014404430313 36.138327112598695
-95.86012782588888 36.13795681606137
-95.8602598874329 36.13775192509037
-95.86030794367882 36.13769883970243
-95.86036587194428 36.137652832366214
-95.8604228688871 36.137611854172015
-95.8605379803599 36.1375619352809
-95.86062999503233 36.13754088739024
-95.86072182344024 36.13752598622872
-95.86079893695114 36.13752691755131
-95.86083701274184 36.13753193695875
-95.86089784341075 36.13753995606765
-95.86097085910224 36.137562866603496
-95.8610649226844 36.13760589370741
-95.86114483016308 36.137652832366214
-95.86120499360274 36.137700888612144
-95.86124895202924 36.137750993767774
-95.86128192084912 36.1378029615686
-95.8613089292044 36.137865918976054
-95.86132792818536 36.137928876383505
-95.86133295732736 36.13799388270066
-95.86132289904332 36.13806186925013
-95.86129887092036 36.138119983780086
-95.86126087295848 36.13819299947157
-95.86108187275563 36.138404968494285
-95.86096568038036 36.13848755327957
-95.8606441767826 36.1387160648796
-95.86009896345502 36.13910358020048
-95.86006113973362 36.13913046375375
-95.85967091902354 36.13940781666505
-95.85917154120996 36.13976164562331
-95.85846690517218 36.14026090816247
-95.85830903665249 36.14037206688199
-95.85738663684208 36.14102154900803
-95.85724687257216 36.14111996012449
-95.856490166342 36.141764458201266
-95.85618795878116 36.14202185292591
-95.85548106723532 36.142519142908725
-95.85529090885724 36.14265291711657
-95.85463058932838 36.14312159248889
-95.85412992210976 36.14347695134901
-95.85376073440246 36.14373768541917
-95.8528688060843 36.14436759832278
-95.85195634066508 36.1450120152899
-95.85150489624228 36.14533084210748
-95.85102600641848 36.14566980183712
-95.85028989278428 36.146190825392104
-95.85007932886924 36.14633927637689
-95.84912153162718 36.14701453901048
-95.84816141850074 36.14769143438022
-95.84811395067231 36.147724899971294
-95.84731990502743 36.14828890893509
-95.847187586273 36.14838250659128
-95.84622187540762 36.14906561666088
-95.84527182539928 36.14973764878828
-95.84513986509606 36.14983099288861
-95.84431361973915 36.15041457215068
-95.84335369795106 36.1510925674266
-95.84240123535646 36.1517652942546
-95.84145226630596 36.15243555358325
-95.84050471354624 36.153104812582
-95.83956051270656 36.15377170411083
-95.83861919168164 36.154436561618965
-95.83766979773384 36.15510712105368
-95.83739684903765 36.1552999054335
-95.83671514428404 36.155782396461305
-95.83575839969129 36.15645955278073
-95.83479745448209 36.15713968217577
-95.83387589083334 36.157791938434364
-95.83383869387347 36.15781810401484
-95.83293190225062 36.1584559714449
-95.8328810787818 36.15849164657898
-95.83246195686895 36.158785845908206
-95.83200188350682 36.15909094719047
-95.83193367970404 36.159132948523784
-95.83141086618777 36.159454908060766
-95.8309368205656 36.159726582454255
-95.8308209664558 36.159792978162905
-95.83050487556692 36.15996490031402
-95.82995595402916 36.16023982674419
-95.82988242899587 36.16027424173304
-95.829363819123 36.1605169883486
-95.8287917962472 36.16075656279209
-95.82867892448633 36.16080383570799
-95.8283468148488 36.16093999507144
-95.82774983706511 36.16115885588137
-95.8276996292814 36.161176255778415
-95.82727095098656 36.16132481756787
-95.82667993366748 36.16150996449984
-95.8265960789027 36.16153394720902
-95.82566590962556 36.161799978356065
-95.82546608636868 36.161847495664354
-95.82524998095444 36.1618988848157
-95.82481989617987 36.161993879720434
-95.82434194142392 36.162086825715456
-95.82428537596854 36.16209644158014
-95.82394091391431 36.162154998529445
-95.82363599889656 36.16220193718825
-95.82322696201264 36.162254836311675
-95.82309697070288 36.162268822514925
-95.822473894562 36.16233586137747
-95.82201885034186 36.162378888481385
-95.82194098694268 36.16238488957218
-95.82153791535356 36.16241595512068
-95.82114992636032 36.16243588542422
-95.8208239260479 36.16244878148074
-95.82074498729584 36.16245190417287
-95.8202469159718 36.16245898222459
-95.81977194144812 36.162460844869784
-95.81945098977708 36.16246183075875
-95.81843791496244 36.162464942689205
-95.81833398670494 36.16246475321198
-95.8178249184301 36.16246382510209
-95.81719298799386 36.16246313167318
-95.81604699684486 36.16246187415597
-95.81510899547732 36.162460844869784
-95.81490999033367 36.16246062183757
-95.81377399080334 36.162459348682056
-95.81262398442232 36.16245805982856
-95.81144598497292 36.16245673960223
-95.81023898729885 36.16245538687654
-95.8090029879612 36.162454001647646
-95.80774198867176 36.16245258840041
-95.80647598251426 36.1624511695418
-95.80520498152464 36.1624497450853
-95.80392298227564 36.16244830830265
-95.80263498303825 36.1624468647956
-95.80134597864448 36.16244542016204
-95.80006197767992 36.16244398113599
-95.7991539493014 36.16244296347595
-95.79885173979751 36.162413114517086
-95.7978979676492 36.16231891130624
-95.79759789550896 36.162273835292616
-95.79754595865984 36.1622643334035
-95.79731384211736 36.162221867491795
-95.7963138567951 36.16194958571238
-95.7955879150835 36.16175192211014
-95.79525785435568 36.16166996572174
-95.79517409776165 36.16165537620695
-95.79496486026716 36.16161892924351
-95.79460685986147 36.16158484283652
-95.79444499599438 36.16158391151392
-95.7941810359114 36.16158194566361
-95.79416988329967 36.161581862604216
-95.79401994036182 36.16159285221084
-95.79387595788856 36.161611851191786
-95.79375786618348 36.16163587931475
-95.7936518816721 36.16166698548943
-95.79350491896656 36.16172398243228
-95.79324050834327 36.16184660396953
-95.79272894098004 36.16208384548315
-95.79252088351222 36.16215797876175
-95.7923128260444 36.162229876866114
-95.7921729768746 36.162267153735414
-95.79209899437647 36.16228687380895
-95.7918579680888 36.162329900912866
-95.79095185004007 36.16240481777035
-95.79060086884948 36.16243383651451
-95.789719 36.16243383651451
-95.78839698705964 36.16243383651451
-95.78832202052524 36.162433608149726
-95.7871210329496 36.1624299496736
-95.78587104607152 36.16242614193467
-95.78455603675172 36.16242213612286
-95.78417790943782 36.162420984262695
-95.7834008138642 36.16241483753357
-95.78322603130026 36.16241463221758
-95.78189504673344 36.162413068718344
-95.78057105133855 36.16241151342924
-95.78007096305647 36.16241092597867
-95.77925195309298 36.16241178304226
-95.77918099118428 36.162411857301265
-95.77793309716218 36.1624092843239
-95.77674185730685 36.16240682815925
-95.77660797045267 36.16240691386512
-95.77527597129009 36.16240776652648
-95.77499599996943 36.16240794574636
-95.7739370719446 36.162406033382496
-95.77272692559794 36.16240384792694
-95.7725968971031 36.16240454830652
-95.77126190694293 36.16241173903687
-95.76992988359596 36.16241891378691
-95.76992587975992 36.16241893535299
-95.76860170289352 36.16243957641907
-95.7672765511848 36.16246023268084
-95.76710583494096 36.16246289377949
-95.7660338826336 36.16247798120554
-95.7659543535444 36.16247946849126
-95.76463534399024 36.162504135491666
-95.76331547835134 36.16252881850185
-95.76202994053132 36.16255285954221
-95.76198771371176 36.16255354758304
-95.76086392464184 36.16257185852316
-95.76065865917808 36.16257683269342
-95.7593196015226 36.162609281896714
-95.75826590712964 36.16263481593061
-95.75798767976396 36.16263943956776
-95.75664968575664 36.16266167461566
-95.755326634427 36.1626836613432
-95.75423085885268 36.16270187115748
-95.75399868889856 36.16270457258136
-95.75267764196938 36.16271994368197
-95.75224583787276 36.16272496795784
-95.7513535127308 36.1627444615977
-95.75114594588754 36.16274899608081
-95.75001772800648 36.16277084571269
-95.7489819247048 36.1627909055976
-95.74867795789088 36.16279651185344
-95.74734277751854 36.162821137445455
-95.74600782339876 36.16284575886456
-95.7456189188127 36.16285293168246
-95.74483381386474 36.16286485261168
-95.74468265912844 36.16286755012306
-95.7433614285578 36.16289112883837
-95.74214098771232 36.16291290885761
-95.74204550058772 36.16291470619063
-95.74073657675612 36.16293934377431
-95.73942248246642 36.16296407868038
-95.73863791090186 36.16297884649736
-95.73808894784143 36.16297981952244
-95.73674594343728 36.16298219996853
-95.73632599569096 36.16298294431678
-95.73540528146216 36.162972232003725
-95.73443690093838 36.16296096510353
-95.73407027497328 36.162952362054895
-95.7330319076709 36.16292799628365
-95.73275079179848 36.1629164426564
-95.73144465445826 36.16286276150406
-95.73013040316224 36.16280874687493
-95.7299138396214 36.16279984629452
-95.72880707334215 36.16275186304075
-95.72788597780212 36.16271192944151
-95.7274690845406 36.16269377062604
-95.72613396121984 36.16263561603291
-95.72480495374884 36.16257772783071
-95.72451198230338 36.16256496673595
-95.72347655587194 36.16251428239473
-95.72213981374756 36.16244884858709
-95.7214069527702 36.162412974888376
-95.72080421445726 36.16239163822885
-95.7194678509448 36.16234433157411
-95.71889182296898 36.16232394044825
-95.71814063261672 36.16230369796183
-95.71681794857903 36.16226805531335
-95.71636887005796 36.162255953898786
-95.71549405329016 36.16225432661303
-95.7141690232246 36.16225186186541
-95.7128450331068 36.16224939905224
-95.71151702874133 36.162246928771985
-95.71018602439167 36.16224445291133
-95.70885103433226 36.162241969636675
-95.70825798157432 36.16224086647274
-95.70751546689064 36.16225657778165
-95.7066998788722 36.162273835292616
-95.70617969669478 36.1622933158637
-95.70517791148671 36.16233083223546
-95.70484495644016 36.162350901585654
-95.70353394084128 36.16242992495961
-95.70351249981552 36.16243164123183
-95.7021897136305 36.162537525213544
-95.70159790742989 36.162584897039494
-95.70086528648518 36.16265539295563
-95.70012287870324 36.162726830603035
-95.69954003537954 36.16279562979107
-95.69856384467847 36.16291085994789
-95.69821889431674 36.16295029137701
-95.69690032027049 36.1631010181621
-95.6955837069174 36.16325152081949
-95.69533588056272 36.163279849960205
-95.6942642211118 36.163404143939715
-95.69294556652824 36.16355708508688
-95.69163065671384 36.16370959190553
-95.69102385694588 36.16377997019395
-95.69031229051512 36.16385801257134
-95.688998805249 36.164002071521274
-95.6888449346016 36.16401894757194
-95.68768008598391 36.1641165554403
-95.68695993766843 36.164176899884126
-95.68635302728242 36.164215666975615
-95.68502559484116 36.16430045823324
-95.68456587980462 36.164329823054295
-95.68369975591352 36.16436508042077
-95.68272186106567 36.164404887655486
-95.6823724458618 36.16441373361002
-95.68169181827513 36.16443096468816
-95.68104397430564 36.16443149376731
-95.67971896814352 36.16443257586913
-95.67839097075546 36.164433660413806
-95.67705696961455 36.16443474986161
-95.6757239684726 36.16443583849274
-95.6743929698346 36.164436925488474
-95.67306296994258 36.16443801166855
-95.67173597130048 36.16443909539758
-95.67041097265638 36.164440177493255
-95.66908397150829 36.16444126122433
-95.6677609691031 36.16444234168972
-95.66643596419397 36.16444342379051
-95.66511296178878 36.16444450425591
-95.66378895938462 36.164445585537976
-95.66246295823552 36.16444666845238
-95.66113295834352 36.164447754632455
-95.65980495844944 36.16444883917919
-95.6584709660795 36.164449928619824
-95.65713896493656 36.16445101643428
-95.65580396379666 36.16445210669876
-95.65477883044136 36.16445294390141
-95.65446997898202 36.16445310119314
-95.65313598263836 36.16445378057019
-95.65179898160766 36.16445446147747
-95.65046298370204 36.16445514187388
-95.64912898188878 36.16445582125372
-95.64779998554312 36.16445649808438
-95.64647298685254 36.16445717389767
-95.64514398660005 36.164457850730315
-95.64381098869325 36.16445852959889
-95.64247599078722 36.16445920948602
-95.6411409905371 36.164459889374335
-95.6398139902838 36.16446056518843
-95.63905195830134 36.16446095327573
-95.63848499205945 36.164461201988765
-95.63715299043358 36.16446178630252
-95.6369289153128 36.164461884598325
-95.63651596687396 36.164461884598325
-95.63581901072946 36.16446149484219
-95.63448701480058 36.164460749955175
-95.6331540145822 36.16446000450653
-95.63182301693683 36.164459260177786
-95.63049401671653 36.16445851696604
-95.6291700199258 36.164457776552354
-95.62784502313556 36.16445703557944
-95.62752292962796 36.164456855456315
-95.62651519119146 36.16445282702034
-95.62603188215267 36.1644508949917
-95.62519195900504 36.164451546370344
-95.623866957848 36.16445257393751
-95.62338990621396 36.16445294390141
-95.62254191139606 36.16445427745957
-95.62121792365816 36.16445635956505
-95.62019193068576 36.164457973043426
-95.6198869487517 36.16445828442821
-95.61854796499156 36.164459651522854
-95.61727297940716 36.16446095327573
-95.61720999092742 36.16446097393853
-95.6158709911485 36.16446141318527
-95.6145379933818 36.16446185046311
-95.61443393560724 36.164461884598325
-95.61321003008266 36.164459901159816
-95.6125949460103 36.16445890436602
-95.61187664480634 36.164473940651646
-95.6115449729162 36.16448088357927
-95.61055277936366 36.16453823666439
-95.61029793196091 36.16455296794816
-95.6092282758704 36.16465524775259
-95.60906486084455 36.164670873388744
-95.60803593564114 36.16480796407479
-95.60791234805497 36.16482904756499
-95.60683490202209 36.16501285504579
-95.60660928283572 36.16505895214229
-95.60588495297472 36.16520694267467
-95.60532054043912 36.16534246628819
-95.60516895216335 36.16537886482579
-95.60431492934336 36.16560089213254
-95.6040512487503 36.16568284214685
-95.60333983458594 36.1659039445051
-95.6028049112506 36.16607991827782
-95.60204492364925 36.16632993146025
-95.60157164649785 36.16649211232858
-95.6010148808587 36.16668290272391
-95.60034597393698 36.166912669221915
-95.59911833649858 36.1673343571218
-95.59788731221823 36.16775720838655
-95.59665428570362 36.16818074740971
-95.5961209668842 36.16836394000867
-95.5954319492662 36.16859609933497
-95.59467592674514 36.16885083546156
-95.59424389507348 36.1689895821458
-95.5937229974655 36.169156868066416
-95.5930482865142 36.16935462593702
-95.59275386317267 36.169440921458026
-95.591845322312 36.16967612005629
-95.59147888253956 36.169770982185845
-95.59063227001704 36.169963892149894
-95.5901979414418 36.17006285868725
-95.58939852722445 36.1701971250944
-95.5881617153562 36.17040485505749
-95.58803094002674 36.17042681955755
-95.58691870145684 36.17056871930991
-95.58683083773026 36.17057992899224
-95.58570281980268 36.17070398116195
-95.5856635143529 36.17070658936837
-95.58439771749208 36.17079058432385
-95.5843779202784 36.17079189801496
-95.58313390745192 36.17082611412947
-95.58307090214798 36.170827847067144
-95.5819868426469 36.17083492511887
-95.58187422285414 36.17083218979727
-95.58087484346795 36.1708079167636
-95.5806177202568 36.170794365075416
-95.57935336745648 36.17072772731517
-95.57808562472616 36.170660910888536
-95.57681903881677 36.170594155432184
-95.57553616932492 36.170526541749034
-95.5742560455016 36.170459072776445
-95.57297683690112 36.170391652040706
-95.5716918953656 36.17032392915041
-95.57040380549807 36.170256040327175
-95.56911563509792 36.17018814725946
-95.56783061302968 36.1701204201247
-95.5665384596074 36.170052317131656
-95.56524889078833 36.16998435036022
-95.56512692343728 36.16997792206655
-95.56395845068366 36.16991641993368
-95.56267465841026 36.16984884800038
-95.56139162062928 36.169781315779495
-95.56010328231464 36.169713504566985
-95.55881940961646 36.16964592840055
-95.5587039640256 36.16963985196441
-95.55752548687718 36.16957795859033
-95.556233555537 36.16951010662576
-95.55580997219256 36.16948786011684
-95.55494592907414 36.1694490284847
-95.55365857433668 36.169391172476665
-95.55273884280189 36.1693498381082
-95.55236772467336 36.169334280061285
-95.5510804300962 36.16928031398449
-95.55085496345583 36.1692708619521
-95.5497943091863 36.16924167711183
-95.54850116487223 36.16920609510237
-95.54721982510134 36.16917083790535
-95.54720925211434 36.16917071628657
-95.54591819652826 36.169155865554416
-95.54463238698374 36.16914107516634
-95.54334554234843 36.16912627287183
-95.5427019791909 36.169118870104526
-95.542055357781 36.16912623030684
-95.54076142289917 36.16914095858888
-95.53946752294227 36.169155686473395
-95.53856187772516 36.16916599502785
-95.5381784327061 36.1691703348583
-95.53688628724925 36.16918495935964
-95.53601098513629 36.16919486602831
-95.53560076140504 36.169196145478544
-95.53431372797196 36.16920015961791
-95.53409991117046 36.169200826492926
-95.533021487083 36.16917669326411
-95.53240192381446 36.16916282853103
-95.53173936299524 36.169103043803574
-95.5310498296704 36.169040825271026
-95.53044809403868 36.16900803613088
-95.5296209945445 36.168962966702054
-95.5291696349558 36.16890882035958
-95.52789408610906 36.16875580199813
-95.52681994870647 36.16862694550962
-95.52661468172444 36.16862010619967
-95.52594785822812 36.16859788824464
-95.52532749298156 36.168568270547965
-95.52479692976468 36.16854294021151
-95.52403912407289 36.16853350537969
-95.5236748723017 36.16852897037258
-95.52275492140224 36.168550845880624
-95.52207690899246 36.168566968334474
-95.52146760402866 36.16860708005921
-95.52063391776308 36.16866196323921
-95.52017301131048 36.16870979063342
-95.51966999887682 36.168761987285954
-95.51889062914164 36.16886517452719
-95.51834193285572 36.16893782099197
-95.51762182494129 36.1690667219282
-95.51651989333004 36.16926397016489
-95.5163576336546 36.16929850912972
-95.51510637944686 36.169564853956025
-95.51385922699608 36.16983032567298
-95.51262014648316 36.170094079178824
-95.51191189539236 36.1702448391224
-95.51138370432956 36.17035144321093
-95.5113618562675 36.17035585277578
-95.51013655090088 36.17060443521631
-95.50961190111067 36.17071087294916
-95.50888171815592 36.1708364681595
-95.5084488654535 36.170910921042655
-95.50761334048184 36.17101332076837
-95.50669499874178 36.17112587029768
-95.50633079700826 36.17114914955352
-95.50503406088671 36.171232035078646
-95.50486494984176 36.171242844415666
-95.50374043545916 36.17123550738635
-95.50303788117404 36.17123092348645
-95.50244878791442 36.171191443642606
-95.50141197818694 36.17112195874278
-95.50116544235014 36.17109605048234
-95.50000288710004 36.170973878450106
-95.49988786108864 36.17095565853112
-95.49863998961388 36.170757997872485
-95.49861260048073 36.1707528167371
-95.49794187019636 36.170625936328456
-95.4973663801244 36.17047979571274
-95.49613872487024 36.17016804351495
-95.49608686185076 36.170154873359685
-95.49492416819994 36.16981763483119
-95.49382188529869 36.169497918400864
-95.49370851546747 36.16947264612066
-95.49246979845834 36.16919651266413
-95.49209893849714 36.16911384096251
-95.49122009303208 36.168968383900584
-95.48995670621512 36.16875928168435
-95.48984588287426 36.1687409393953
-95.48867727931078 36.16863519027507
-95.48797895359948 36.16857199747649
-95.48739621304765 36.16855518692147
-95.48655198111874 36.16853083301777
-95.48611362112072 36.16853809492757
-95.48497785966794 36.16855691005044
-95.48483505054324 36.1685669768416
-95.483555960189 36.1686571414967
-95.48337393589408 36.16866997261353
-95.48226227263352 36.16877114983277
-95.4819249842001 36.16880184789304
-95.4809752744012 36.16889823417488
-95.4796854804056 36.16902913568576
-95.47839380624724 36.16916022801483
-95.477312888443 36.169269930629504
-95.4771150794158 36.16928720521896
-95.47583855558626 36.16939868357459
-95.47583692839378 36.16939882567672
-95.47455765296256 36.16946899579504
-95.47327409786502 36.16953940065928
-95.4722068191813 36.169597942447616
-95.47198935151528 36.169602705740424
-95.47069482566914 36.169631060326466
-95.4693998043414 36.169659425765275
-95.46810901516967 36.16968769850525
-95.4678698361189 36.16969293735235
-95.46682266518198 36.169680242415225
-95.46553465801284 36.16966462780116
-95.46424382472584 36.16964897892585
-95.46424151005412 36.16964888447043
-95.46295391976264 36.16959634143426
-95.46166576735008 36.16954377545946
-95.46046898798204 36.16949493816856
-95.46037939899227 36.16948876614878
-95.45909785240616 36.169400477053216
-95.45791399757373 36.16931891819802
-95.45780975019515 36.169311945990096
-95.45652583945105 36.16922607627527
-95.45617894357842 36.16920287540263
-95.45523530332468 36.16915444902917
-95.45448393645474 36.169115889872224
-95.45394269533875 36.169103385585224
-95.45266990630336 36.16907398035543
-95.4526550239932 36.169073970250885
-95.45136702698797 36.16907309574799
-95.4510238867482 36.16907286276831
-95.45007506741052 36.16909855519764
-95.44878477402229 36.16913349416904
-95.4484718765722 36.169141966904895
-95.44750074308602 36.16920854646807
-95.44656192019347 36.169272910861814
-95.44621391708426 36.169301444532586
-95.44492413110584 36.16940719740519
-95.44475589941642 36.16942099115448
-95.44364300020034 36.16953848244832
-95.44236543795265 36.16967335759178
-95.44108463514532 36.16980857484848
-95.4408549615932 36.169832822006185
-95.43999982118606 36.16991999380112
-95.43979718755358 36.16993650064925
-95.43851660232022 36.17004081909684
-95.4372356458914 36.17014516778258
-95.43595283339494 36.170249667666454
-95.43577888091905 36.17026383810335
-95.43466875541075 36.17032895009284
-95.43338450467652 36.17040427501753
-95.43333993330612 36.17040688925401
-95.43210091675869 36.17045513500174
-95.43095295349404 36.17049983524903
-95.43081287833702 36.17050315469557
-95.4295211914284 36.17053376458902
-95.42905082022511 36.17054491126265
-95.42823208518546 36.17054308689639
-95.4269420915948 36.170540212436784
-95.42679385304736 36.17053988212064
-95.42565076467667 36.170520543976814
-95.42460282350932 36.170502815481335
-95.42435613440712 36.17049540162327
-95.4230688893476 36.17045671547105
-95.422476986553 36.170438926751295
-95.4217749931061 36.17039650597533
-95.42049495299035 36.170319154405725
-95.42034090504812 36.17030984543956
-95.41921461646068 36.170229827372495
-95.41804687123106 36.170146863985366
-95.41792607705707 36.17013585282931
-95.41664279441372 36.17001887346695
-95.41578692382096 36.16994085542726
-95.41536626589544 36.16989271015532
-95.4140884845531 36.16974646512704
-95.41355081826934 36.16968492797803
-95.41280296911587 36.16960975135006
-95.4115199596878 36.169480778385385
-95.41095484966684 36.16942397138679
-95.41023818930844 36.16935991044653
-95.408956947519 36.16924538261927
-95.40861685742328 36.16921498259637
-95.40767457520006 36.16915235956843
-95.40658489778455 36.16907994082004
-95.40638688374138 36.169073166181256
-95.40510440482072 36.16902928883147
-95.4045378507198 36.16900990536086
-95.40404499480228 36.168992955289625
-95.403819217224 36.16899153268034
-95.40253417948746 36.168983435744245
-95.4018278882316 36.16897898545069
-95.4012387162817 36.16898460111064
-95.39994854512238 36.16899689830591
-95.39973688274034 36.16899891575424
-95.39865549975929 36.16904069185836
-95.39784685666515 36.169071931445714
-95.39736086157122 36.16909725883815
-95.39606972458353 36.16916454579966
-95.39478241172344 36.16923163346866
-95.39349856422768 36.16929854054192
-95.39221141063923 36.16936561991056
-95.39092051255892 36.169432894421526
-95.38963475299931 36.169499901141045
-95.3883446118614 36.169567136204336
-95.38705570548076 36.16963430691887
-95.386641928255 36.16965587071305
-95.38576674736456 36.16970467465995
-95.38456098104776 36.16977191350844
-95.38447873300773 36.16977630020026
-95.38318788419394 36.16984514750573
-95.38190026679932 36.16991382246375
-95.38061431476956 36.16998240859967
-95.3798358227276 36.17002392940277
-95.3793243576505 36.17003142105656
-95.37803619735502 36.1700502893066
-95.37674550989423 36.170069194573145
-95.3765549594884 36.17007198564869
-95.37545507526518 36.17004472627025
-95.37461594584472 36.17002392940277
-95.37417076680262 36.170004121955365
-95.37287791495486 36.16994659881848
-95.37274883030538 36.16994085542726
-95.37158724996988 36.16985186163709
-95.37075281971886 36.16978793225709
-95.3703059816319 36.16974312228043
-95.36902368771968 36.169614530824255
-95.3687078215638 36.169582855021574
-95.3677465615938 36.16944440915809
-95.36647718535644 36.16926158672217
-95.3659518517394 36.1691859253314
-95.36521061233576 36.16906458119092
-95.36394370295125 36.16885718256967
-95.3626820877578 36.16865065063072
-95.36141446370708 36.16844313501547
-95.36014996243456 36.16823613061272
-95.35889122875118 36.1680300703896
-95.35762624951148 36.16782298774152
-95.3563622353442 36.16761606308003
-95.35510277785654 36.16740988436697
-95.35384524594464 36.167204020879105
-95.35258578845696 36.16699784216605
-95.3513639871336 36.16679782793219
-95.35133436529908 36.16679366634908
-95.350801840815 36.166718851776096
-95.3501540256838 36.16664670147975
-95.3490408513094 36.16652272187951
-95.34868289564588 36.16648285463042
-95.34791298849646 36.16641608645237
-95.34767986121058 36.1663958691
-95.34675596370316 36.166331925048596
-95.34658183187057 36.166319873176214
-95.34593791542808 36.16628597303374
-95.3455659934721 36.16628631045443
-95.3443900227974 36.166287377336424
-95.343032999455 36.16628860847577
-95.34265295436948 36.16628895326605
-95.34231283535765 36.166300874195265
-95.34184320576982 36.16632339068235
-95.34180150709878 36.166325389933704
-95.34149699676402 36.16633998974427
-95.3408789710897 36.16637090965445
-95.3407300388624 36.16636619918572
-95.34040194765632 36.1663558222284
-95.34024082884731 36.16633682324745
-95.34006294623158 36.16626790537539
-95.33993889406187 36.16618986054189
-95.33979882314352 36.166042897836334
-95.33972599371656 36.165886994433855
-95.33971841636652 36.16584571094057
-95.33969898536128 36.165739845463776
-95.33971798434224 36.16559586299053
-95.33977181478824 36.16543995958805
-95.33988785758363 36.16532093656035
-95.34002383068255 36.165204893764965
-95.34020599738224 36.1651398874478
-95.34032185391312 36.165108967537634
-95.34042786000477 36.165092680143346
-95.34046490506375 36.16508698832438
-95.34127888101216 36.165092948788995
-95.34143292176948 36.16512088846685
-95.34157789968656 36.165192452821344
-95.34157895315242 36.16519297283574
-95.34165792930852 36.16525183242377
-95.34172386694829 36.16536191475456
-95.34182091076272 36.165811929832664
-95.34182053890824 36.16610102979227
-95.34182027400271 36.166306981787095
-95.3418192848364 36.16707601365158
-95.341818861853 36.16740486399989
-95.34182266781777 36.16801691624137
-95.34182687122733 36.168692883149376
-95.34188982863478 36.16892683138535
-95.3418902397126 36.16900370293796
-95.34189187754448 36.16930997750111
-95.34189597536393 36.169938992782065
-95.34189616627422 36.16998878219029
-95.3418969066865 36.17018188171495
-95.341901370852 36.17100176094918
-95.34190398473822 36.171481821793655
-95.34191056837348 36.17198831757471
-95.34192309767278 36.17295222839008
-95.3419357829357 36.173928137884424
-95.34194815693188 36.17488010083606
-95.34195092339704 36.17509293202519
-95.34205822297912 36.17580537962825
-95.3420988174252 36.17607491856981
-95.34216084351004 36.176289867824835
-95.34223292787894 36.176520835828505
-95.34228732608724 36.176684139467795
-95.34241881986898 36.177078884327685
-95.34257425423374 36.17755802106608
-95.3428574169636 36.17843088896128
-95.34310688100248 36.17919987840652
-95.3431369698583 36.179313907959234
-95.343277871831 36.17984789266843
-95.34332615433748 36.18022140733812
-95.34333784900616 36.18031187758547
-95.34336690627111 36.18106382744902
-95.34336205875888 36.18114030596866
-95.34332183025752 36.181774985382894
-95.34328352060712 36.18205303536157
-95.34315801131508 36.18296397700656
-95.34308788202156 36.18347297273888
-95.34303491057292 36.1838741110726
-95.34296494743894 36.18440392280528
-95.34290641233186 36.18477949928103
-95.34276458012802 36.18568953160036
-95.34273584208049 36.18587392238991
-95.34266897311812 36.186391924017485
-95.34263942475587 36.186594763173
-95.34255199900014 36.18719491035927
-95.34251626922855 36.18749838311534
-95.34245085736627 36.1880539623213
-95.3424025386509 36.188412441559485
-95.3422801205527 36.189320668242445
-95.34222994764664 36.189692903824735
-95.342172016514 36.1902262877666
-95.34216792156178 36.19026399084026
-95.34208782781856 36.190630931942856
-95.34205020113848 36.19112737948319
-95.3420129494819 36.19161887895209
-95.341956837113 36.192034328466946
-95.34183395107232 36.19294416255513
-95.3417348565549 36.19367784694607
-95.34171077479392 36.19385114718926
-95.3416029812754 36.194626864670816
-95.34158367165526 36.19477259601905
-95.34151990729988 36.19525383104206
-95.34144730623257 36.19578196649655
-95.3412961825638 36.19688131352345
-95.34121182578532 36.19749496573571
-95.3411449333162 36.19798380609367
-95.34103394316958 36.19879490581442
-95.34102116467216 36.19889747539722
-95.34090107698547 36.19986138715542
-95.3408458160053 36.20030495227065
-95.34081105103536 36.20082097637964
-95.3407578991523 36.20160992149137
-95.34075693949964 36.20178914622155
-95.34075172936582 36.20276219081327
-95.34074653583647 36.20373213435472
-95.34074392931336 36.20421892861021
-95.34075286057718 36.20469768589201
-95.34077089846188 36.20566460040839
-95.34078903141322 36.20663661093974
-95.34079198555928 36.20679496690918
-95.3407958971142 36.20731688009166
-95.34079975710556 36.20761278128159
-95.3408124365293 36.20858476702063
-95.34082515497252 36.209559743936765
-95.3408378476612 36.21053274654632
-95.34085052675267 36.211504706813464
-95.34086323281704 36.21247873478417
-95.34087595236784 36.21345379660665
-95.34088872265252 36.21443274760784
-95.34090145424992 36.21540873290385
-95.34091416020352 36.21638275238392
-95.34092689146868 36.217358712208025
-95.3409395968685 36.21833268923492
-95.34095228911411 36.21930565788194
-95.34096504657688 36.22028362597515
-95.34097098576213 36.22073891507251
-95.3409632303953 36.22126229154209
-95.34095794724578 36.221618828660674
-95.34093127205831 36.22223881966402
-95.3409279586582 36.22231583049109
-95.3408439533601 36.223012832321515
-95.34080867811602 36.223210517459385
-95.3407159896355 36.22372995072
-95.34062837887812 36.22418257461311
-95.34044035761262 36.22515394981552
-95.34025297461464 36.2261220275333
-95.34006589812414 36.22708852173989
-95.33987917719448 36.228053179010665
-95.33977181478824 36.22860784594583
-95.33969188433508 36.2290208888892
-95.33950482735024 36.229987511303065
-95.33931866874168 36.230949491331415
-95.33919588489525 36.23158398043179
-95.3391315544554 36.231913156560935
-95.33894274091678 36.232879307421314
-95.33875423930102 36.23384386218552
-95.33856521410787 36.23481109607302
-95.33848081540646 36.235242960644726
-95.33837834776313 36.235779768746355
-95.33819466324525 36.23674205629522
-95.33811890344587 36.23713894718451
-95.33800911622257 36.237711383253675
-95.3378247202775 36.23867283292664
-95.3377238364009 36.23919884650109
-95.3376391645557 36.23963754057596
-95.337453930191 36.24059726004431
-95.3372678719122 36.24156124830156
-95.33708240178608 36.24252218927572
-95.3370789886358 36.242539873179936
-95.33689878802949 36.243485066030416
-95.33671979164431 36.24442394246908
-95.33664983518383 36.2447908798931
-95.336522013511 36.245462212208494
-95.33635180265088 36.24635617680992
-95.3361681774759 36.2473205947458
-95.33611786371732 36.2475848476794
-95.3360228688126 36.24799984502792
-95.33596980097236 36.24828263712694
-95.3357984373341 36.24919581321847
-95.3357719705054 36.24933685174592
-95.33561196928348 36.25012698583589
-95.3355907982915 36.25022706260954
-95.3353635585064 36.25130124111567
-95.33527687941366 36.25171097930619
-95.33515321476004 36.25237855565241
-95.33495637035765 36.25344117672546
-95.33490882072394 36.25369786293129
-95.33475506066333 36.25450982480492
-95.33454914510004 36.255597204621935
-95.33433924951284 36.25670560178015
-95.334318920992 36.2568129507485
-95.33416897805412 36.25756694952176
-95.33412379225032 36.25779261835371
-95.33392281234936 36.25879636058466
-95.3338778466108 36.25902093035774
-95.33374370684751 36.25973900088134
-95.33361782134214 36.26041288510888
-95.33356985615156 36.26066741303594
-95.3334719762237 36.261186814185685
-95.33336535630306 36.26172554925116
-95.3333164861896 36.26197248287876
-95.33322722735082 36.26242349490409
-95.33317899523212 36.26266720483626
-95.3329468965444 36.26383996599555
-95.33316799252856 36.26383698576324
-95.3333921753382 36.26269433474215
-95.33344022602392 36.26244942227455
-95.333528663411 36.26199866036824
-95.33353026789752 36.261990482363096
-95.33353132429828 36.261985097929625
-95.33353263800518 36.261978402016986
-95.3335340715884 36.26197109509935
-95.33353652839403 36.261958572857026
-95.3335384699971 36.261948676582136
-95.3335406817171 36.2619374035316
-95.33354301098151 36.26192553136183
-95.3335436866085 36.261922087717615
-95.33354459560891 36.26191745457791
-95.33354523068785 36.261914217605494
-95.33354556748294 36.261912500974
-95.33354665832152 36.26190694101242
-95.33354696992456 36.26190535278393
-95.33354731752 36.26190358110347
-95.3335477970516 36.26190113694975
-95.33357695875266 36.26175250089882
-95.33361030333758 36.26158254485245
-95.33364424655308 36.261409537609296
-95.3336785969939 36.26123445475458
-95.33368282765932 36.26121289121835
-95.33371241100716 36.26105610702152
-95.33374644359654 36.26087574297959
-95.33378086764915 36.260693304282384
-95.3338156152913 36.26050915064313
-95.33382885904228 36.26043896214155
-95.33385037582843 36.260323687038614
-95.33388493971508 36.26013851274905
-95.33391964182076 36.259952597957984
-95.33395473112024 36.25976460879555
-95.33398963789838 36.25957759748196
-95.33402454467652 36.25939058616838
-95.33405961182484 36.259202715679606
-95.33408888431092 36.2590458898033
-95.3338778466108 36.25902093035774
-95.33384866987592 36.2591771178503
-95.33381357521618 36.25936498489347
-95.33377864103186 36.25955199288741
-95.33374370684751 36.25973900088134
-95.3337085900018 36.25992698668932
-95.33367386066482 36.26011289810441
-95.33363926961724 36.26029806923508
-95.33361782134214 36.26041288510888
-95.33360456043692 36.26048325428032
-95.33356985615156 36.26066741303594
-95.33353547511926 36.260849856444885
-95.33350148504464 36.26103022523177
-95.3334719762237 36.261186814185685
-95.33346785977004 36.261207614031626
-95.33343321679756 36.261382659969904
-95.33339898464412 36.26155563009901
-95.33336535630306 36.26172554925116
-95.33333572322168 36.26187528093314
-95.33333527057738 36.26187756807935
-95.33333493556972 36.261879260824664
-95.33333460010748 36.26188095586696
-95.33333349398634 36.261886544937354
-95.33333318512562 36.26188810556604
-95.33333271776124 36.26189046709078
-95.3333315910594 36.261896160152496
-95.33333094936582 36.26189940253742
-95.33332855500429 36.26191150090071
-95.33332637285304 36.26192252699581
-95.3333243244223 36.26193287742056
-95.33332193966922 36.26194492723365
-95.3333204950509 36.26195222668144
-95.3333191083417 36.26195923352274
-95.33331810463343 36.26196430511567
-95.3333164861896 36.26197248287876
