8.087964975138577 45.52132134977488
8.087525883783233 45.522115838276946
8.087463425042678 45.522223812163546
8.087455848324057 45.52223691021435
8.087416919039567 45.5222939071572
8.087297896011872 45.52245390837909
8.08717999057129 45.52258596992312
8.086725711509 45.52306727920826
8.08629095002169 45.52352790959614
8.086103940444527 45.523720879637914
8.085959871418417 45.52386945798633
8.08575283182605 45.52408297786302
8.086301594323253 45.52480826648668
8.08638687624902 45.52492098193439
8.086502919044412 45.52505881767851
8.086632931678734 45.52517690938362
8.086775982829392 45.5252948148242
8.08703097895602 45.52542482745852
8.087173220372643 45.52549725675689
8.088339307733433 45.526091028187096
8.088741818563829 45.52629598661429
8.089386680543631 45.52662321071561
8.089856984239601 45.52686185822327
8.089965948983266 45.5269089831466
8.090192819167513 45.52704495624553
8.090333821408462 45.52708984599463
8.090428816313196 45.5271099625627
8.090467931862204 45.52710698233039
8.090513426357962 45.527109489901015
8.090538898643976 45.527110893885286
8.090604836283733 45.527129892866235
8.090660901903977 45.52716193036352
8.090699831188466 45.52720290855772
8.090720879079123 45.52725096480364
8.090721996666238 45.52729883478505
8.090702997685291 45.52734595970838
8.090665931045992 45.52738693790258
8.090613963245168 45.52741897539986
8.090551937160312 45.5274389057034
8.090483950610846 45.527446915077725
8.090420993203393 45.52747187452328
8.090281853607637 45.52756593810542
8.090129861760062 45.52771196948838
8.089955890699235 45.527861912426246
8.0898605775536 45.52798050663587
8.089225726261606 45.52877042587213
8.08854944626863 45.52961189312956
8.087859842946877 45.530469938054594
8.087838994439817 45.53049587899065
8.087767841393527 45.53058491343077
8.087635966114014 45.53075683558189
8.087678993217922 45.530781981291966
8.08770786421838 45.530815881434435
8.087719971412122 45.53085387939633
8.087713824682991 45.530889828448515
8.087694825702044 45.53092298353291
8.087661856882166 45.53094999188818
8.087618829778258 45.53096899086913
8.087569842209739 45.53097886288864
8.087517874408913 45.53097793156604
8.087469818162988 45.53096694195942
8.087301993831291 45.531173881840125
8.08714306090528 45.53136532098589
8.086577983645602 45.532045972318485
8.086422621177151 45.53223508785191
8.085738926542428 45.533067317648666
8.085165912326408 45.533764821300615
8.08523091864357 45.53381194622394
8.0852409769276 45.53389390261234
8.085201861378593 45.53392389119991
8.085183098752982 45.53393078922404
8.085125865454804 45.533951830877776
8.085025841408056 45.53393786103885
8.084805863011015 45.53421185614642
8.084405042754 45.53471233352476
8.083724262103086 45.53556237867448
8.08371584304532 45.53557289098739
8.083070995280243 45.536371965774265
8.083001891143661 45.53645783371756
8.082976718692109 45.53648877568968
8.08229892884863 45.53732191482161
8.082220127316795 45.53741779219671
8.081961976333602 45.537731883028115
8.08177496675644 45.53796191970919
8.08161794576685 45.53815488975096
8.081460463293176 45.53834821306347
8.081455895635244 45.53835382025735
8.080784337182045 45.53921637824784
8.080474840413217 45.53961389972897
8.080233814125519 45.539862935390985
8.080286899513458 45.539900933352875
8.08030496717181 45.539952901153704
8.080282987958558 45.540004868954526
8.080218912963993 45.54004491582613
8.080159867111442 45.54005385652305
8.080156491220876 45.54005883210032
8.0801028701686 45.54013786182116
8.080038981438554 45.54021981820956
8.079668873839129 45.54069591032034
8.079612994483403 45.54076892601182
8.079523936126188 45.54087031416152
8.07942598490624 45.54098182635714
8.079455973493815 45.541043852441994
8.079442934977477 45.541084830636194
8.079384820447522 45.54112990664981
8.07931385366575 45.54114387648874
8.07883709646885 45.5417094734911
8.07813370489664 45.54254393633155
8.077469741738424 45.54333162359544
8.076790900754725 45.54413696104594
8.07678663910475 45.54414199520044
8.076420979419819 45.54457393760771
8.076368825354475 45.54468085344168
8.076346846141224 45.544771936791506
8.0763759034062 45.544815895218015
8.076385961690232 45.54486581410913
8.07637385449649 45.54491591926476
8.076340885676613 45.54496099527838
8.076288917875788 45.54499899324028
8.076277545441709 45.54500310530683
8.07622298023603 45.54502283509872
8.07606391033673 45.54509883102251
8.075976924806318 45.545159925784766
8.075886959043599 45.5452588322444
8.075561927457793 45.54564682123765
8.07549062463475 45.54573204992075
8.07477979453384 45.54658170931463
8.074083976152503 45.54741342511195
8.073585847174805 45.548008841604194
8.07337643782066 45.548264553079385
8.072879904647467 45.54887087379852
8.072701424310832 45.549127070102635
8.072592871023556 45.549282890914746
8.072043963454473 45.54992325880576
8.071890840051118 45.55010189600517
8.071518869806503 45.55056494959962
8.071432815598685 45.55066385605925
8.071388792825957 45.55071953191887
8.071375818655845 45.55073594042813
8.071420894669464 45.55079591760328
8.071434864508396 45.55086185524304
8.071415865527449 45.55092797914732
8.071375818655845 45.55097789803843
8.071317890390409 45.55101682732292
8.071245992286041 45.551041973032994
8.071169996362254 45.551051845052505
8.071092882851351 45.55104793349761
8.07092598984225 45.55123587439736
8.07085893461538 45.55131596814057
8.07066654181882 45.55155066911609
8.070072898344835 45.552274857884825
8.070015606725773 45.55234615002816
8.070014970079399 45.55234694225371
8.069334002641117 45.55319764595419
8.069136919136426 45.553443854006616
8.068685366229726 45.554002128256585
8.068645925864114 45.554050890074315
8.068555960101396 45.55414886521136
8.06850585494576 45.55421796934794
8.068524853926707 45.55423789965148
8.06854087267535 45.55426583932935
8.068543852907654 45.55429489659432
8.068535843533333 45.55432097362699
8.068518893462096 45.55434388416284
8.068492816429425 45.55436288314379
8.068459847609546 45.554375921660125
8.068426878789667 45.55442286031894
8.068368950524231 45.554501836475026
8.068241918122215 45.55461191880581
8.068118983539618 45.554737833620706
8.068025112307275 45.554847957185814
8.06749499740068 45.55546985318072
8.0672983528755 45.5556935993552
8.066971966631083 45.5560649683192
8.066820906106106 45.55620392165043
8.06653608801372 45.556487910819385
8.066500903662314 45.55652299277163
8.066470915074742 45.55658296994678
8.0664509847712 45.55664499603163
8.066418947273917 45.55674893163329
8.066406840080175 45.55679289005979
8.066375920170007 45.556830888021686
8.066328981511198 45.55686087660926
8.066169911611897 45.556940970352464
8.066051819906797 45.55702087783115
8.06587784884597 45.55717193835613
8.065824657388678 45.557251526074104
8.065579825615432 45.55761785561482
8.065291091660423 45.55813304757376
8.065218844977442 45.55826195832182
8.064964966437927 45.558685896367265
8.064804965216032 45.558921893512945
8.06482992466159 45.55893195179698
8.064849854965132 45.558946852958506
8.064860844571758 45.558965851939455
8.064862893481468 45.55898689983011
8.064854884107147 45.55900589881106
8.064844825823117 45.559018937327394
8.06482992466159 45.55902899561142
8.064814559668386 45.559036087146744
8.064812974590353 45.559036818721225
8.064802767658712 45.55903902021628
8.064793975609406 45.559040916540646
8.06477292771875 45.55904296545035
8.064752997415207 45.559040916540646
8.06465893383307 45.559254934473074
8.064230969163207 45.559870330407605
8.06387382888512 45.560383883723254
8.063638801327288 45.560699562519005
8.06330497704383 45.56114794078055
8.063012556859645 45.56152579532576
8.063007885135887 45.56153183195438
8.063034893491155 45.56154487047072
8.063036868097504 45.56154675280575
8.063054823794696 45.56156386945167
8.063064882078727 45.56158491734232
8.063064882078727 45.56160782787817
8.063054823794696 45.56162999335594
8.063034893491155 45.56164899233689
8.063007885135887 45.561661844588706
8.062974916316008 45.56166892264043
8.06294194749613 45.56166799131784
8.062909909998847 45.5616588643564
8.062830933842754 45.56177881870669
8.062298227784067 45.56229389241898
8.062166900832212 45.562420872503985
8.061635860688297 45.56295787311251
8.061560736042471 45.56303625101935
8.061308966457299 45.56329892344696
8.061207824823436 45.56341794647466
8.061087870473143 45.56357384987713
8.061078929776228 45.563597878000095
8.061082841331128 45.56375098743478
8.061104820544381 45.563822885539146
8.06114046951961 45.56394854414414
8.0611459850031 45.56396798559952
8.0614309697173 45.5645709238478
8.061480888608417 45.56472496460509
8.061512118458383 45.56487979055619
8.061546826248172 45.56505185883608
8.061578863745455 45.56522396725172
8.061627851313975 45.56538396847361
8.061612950152448 45.56550299150131
8.06162691999138 45.56554899883752
8.061653928346647 45.56557488960568
8.061668829508173 45.56560692710296
8.06166789818558 45.565639895922835
8.061653928346647 45.56567081583301
8.061625988668784 45.56569689286568
8.061642938740022 45.56577288878947
8.06165765582273 45.56583029455307
8.061672927327594 45.565889862907454
8.06166789818558 45.56598094625728
8.0616798191148 45.56604688389704
8.061661937720968 45.56617987676367
8.061620959526769 45.56628995909445
8.061564893906525 45.56638495399918
8.061391854168292 45.56654495522107
8.06136596340014 45.56656898334404
8.061239948983754 45.566701306653385
8.06064791367906 45.567322982117304
8.060547924004437 45.56749366165993
8.06047692285054 45.56761485861871
8.060392917552432 45.56785197335151
8.060318970538354 45.56828783232617
8.060308995760632 45.56839995621651
8.060308912254325 45.56840089488926
8.060227665076379 45.569300339318914
8.060197898600949 45.56962986818619
8.060095365080851 45.57022793027262
8.06007086619893 45.57037082844311
8.060059876592305 45.57040882640501
8.060095825644488 45.57042596274077
8.060121902677162 45.57045092218632
8.060134941193498 45.5704799794513
8.060185977671727 45.57054498576846
8.060255826866385 45.57065786206702
8.06028097257646 45.57071485900987
8.060297922647697 45.57078489446904
8.060505980115517 45.57109986777082
8.06050817856446 45.571101336249335
8.060601906342846 45.57116394276538
8.06077885763598 45.57128985758029
8.060792827474911 45.571302896096626
8.060831943023919 45.571340894058515
8.060881861915034 45.571355981484565
8.060934947302973 45.571401988820774
8.06094183909018 45.571444829660166
8.060919859876927 45.57148599411888
8.06087888168273 45.571513933796744
8.060820953417293 45.57152790363568
8.060769916939064 45.57156795050728
8.060718880460833 45.57162699635983
8.060664863750299 45.57166089650231
8.060604886575153 45.57166797455403
8.06056893752297 45.57167598392835
8.060233847653132 45.57173782374869
8.059744258668175 45.57182822557952
8.059539826055016 45.57186597373782
8.058518910225903 45.572076825173426
8.05849963909486 45.57208072735946
8.058024936721287 45.57217684922018
8.057902933461285 45.57221894500149
8.057701954045191 45.57230090138989
8.057319034579313 45.57254380495844
8.057315827697124 45.57254583923248
8.056787954050034 45.57289098738635
8.05641989536032 45.573135925228954
8.056268385534015 45.57323092358909
8.055655838303027 45.57361499757205
8.055300537715436 45.57384041528339
8.05517993245676 45.57391693235749
8.054636971383623 45.57421197535571
8.054364838921238 45.574376819455104
8.05422595159449 45.57445654438812
8.0538628560423 45.574664970666134
8.053777919421597 45.57471488955725
8.053672866232832 45.574814913603994
8.053533912901594 45.574963925219265
8.053417346322144 45.57518040600967
8.053400920034965 45.575210911971574
8.05319398015426 45.57566297595939
8.052993306818628 45.57613690955892
8.05265586195862 45.57693385877312
8.052640382663846 45.57707221353173
8.052634814067963 45.5771219859374
8.05267392961697 45.57734587588934
8.052809902715904 45.57761689076462
8.053054840558502 45.57791081617573
8.053125389700723 45.577970789813826
8.053341874182415 45.57815482269574
8.05392395080456 45.57847687404924
8.054125664112611 45.57856176606236
8.055261888845157 45.57903995169043
8.055423995054436 45.579094145754524
8.056149998072161 45.57933685733386
8.056611934079497 45.57960898979624
8.056641659529678 45.57962877881244
8.05674399562353 45.579696906649254
8.057286956696666 45.58030785427186
8.05743341457441 45.58050600506456
8.058076313317256 45.58137581758327
8.058131852555242 45.58145095962549
8.058334880881047 45.58173594433969
8.058471971567094 45.58200193007295
8.05853663838327 45.58221640418528
8.058664941608868 45.58264193496053
8.058709831357968 45.5827538799365
8.058726967693723 45.5827499683816
8.05874391776496 45.582750899704195
8.058759936513601 45.582754997523615
8.058772975029937 45.58276282063341
8.058781915726854 45.58277399650456
8.058784895959159 45.582784986111186
8.058781915726854 45.582795975717815
8.059080870279987 45.58280789664703
8.059474693760865 45.582846613339704
8.059620851120819 45.58286098203497
8.059820899214317 45.58290289155177
8.059885905531479 45.58292189053272
8.059943833796915 45.58296994677864
8.060027839095023 45.58312398753592
8.060082973392673 45.583330927416625
8.060155785807218 45.58365594890647
8.060239994382263 45.58403184080195
8.060355850913133 45.584290934748
8.060580137191542 45.5845971263799
8.060585887594206 45.58460497672718
8.060806983578361 45.584982907436405
8.060927869251248 45.58540386524954
8.060943281830296 45.58547292068992
8.061008894317052 45.58576689479724
8.061048941188654 45.58588498650234
8.061105938131496 45.58596787421334
8.06120689350084 45.5860358607628
8.061327965438245 45.58606286911807
8.06147790837611 45.586065849350376
8.06167385865019 45.586040889904815
8.061782823393855 45.58601686178186
8.062073632253716 45.585953314433446
8.062665903478845 45.58582389174008
8.063177944641813 45.58571399567382
8.063371453880322 45.58567111219266
8.06408989572726 45.58551189867061
8.064606966032244 45.585394924552624
8.064702230197133 45.58537326345008
8.066031216303543 45.5850710794718
8.066115894901362 45.58505182530847
8.066600927709064 45.584941929242206
8.067398363984342 45.584755607828626
8.067520888168831 45.58472697998718
8.067840890612622 45.58467482592184
8.06801691058316 45.58465489561829
8.068151952359496 45.58466681654752
8.06833486411724 45.584691962257594
8.068462827841852 45.58472697998718
8.068682992503412 45.58484488542776
8.068686653379208 45.58484730456537
8.068788977014773 45.58491492088694
8.069675808350997 45.585463319988534
8.069692918725899 45.58547390070872
8.070053899363888 45.58571585831901
8.0706625428163 45.58612278779103
8.071693512152999 45.58681207772946
8.07266456361011 45.5874613075128
8.073603747088573 45.58808923086512
8.074262918701685 45.58852994267337
8.074418822104159 45.588608918829465
8.074523875292924 45.58863387827502
8.07464494723033 45.58864188764934
8.074659413043335 45.58864140391992
8.074761921348317 45.58863797609444
8.074906835144166 45.58860388968745
8.075017848797541 45.58854894165432
8.075234846962276 45.588440908233245
8.075613895258618 45.5882598591207
8.075751917267262 45.588212920461885
8.07583838489023 45.58819596602601
8.075884910133889 45.58818684342921
8.076022932142532 45.588182931874314
8.076203981255084 45.58820099953266
8.0763719918513 45.58823191944283
8.076553972286447 45.58828798506307
8.07693693213769 45.58845785830448
8.077037715003321 45.58851078218826
8.078132936069462 45.58908591320933
8.079299917929951 45.58969872781793
8.080179983679503 45.59016087480249
8.080336709055079 45.59025004613687
8.08040685386375 45.59028995611422
8.08056182594363 45.59038886257385
8.080731885449556 45.59052781590509
8.080847928244946 45.59066788682345
8.081088299492274 45.59097952717375
8.081538969610758 45.59156381916025
8.081624837554056 45.5917038900786
8.081661904193355 45.5918638913005
8.081665095597566 45.59191241246453
8.081671962477385 45.59201681447067
8.081687981226027 45.59224089068713
8.081791916827676 45.59248899502655
8.081889891964716 45.5926299972675
8.08197482858542 45.592736913101454
8.082004777730829 45.59283233930006
8.082012826547313 45.59285798503886
8.082005934760106 45.59294199033697
8.081968868120809 45.5930379165643
8.081897901339037 45.593121921862405
8.08135698917561 45.59360695467011
8.081309656160064 45.59363392348129
8.08124485793512 45.593670843400155
8.081123972262233 45.59368499950361
8.081023948215483 45.59366991207756
8.080933982452764 45.593625953651056
8.080808998960459 45.5935268609269
8.080707857326594 45.59335587009838
8.080631861402807 45.59321188762512
8.080503897678193 45.59309081568772
8.08034799427572 45.59300289883471
8.080312682368199 45.592989313184795
8.080225991015718 45.5929559601759
8.08008089095535 45.592948882124176
8.079917909501148 45.59296899869224
8.079762937421268 45.5930379165643
8.07967483430374 45.59310888334607
8.079611876896289 45.59322995528347
8.079577976753816 45.59337989822134
8.07958095698612 45.59358497545686
8.0796347179267 45.5938205901257
8.079638885251557 45.593838853996374
8.079661982051924 45.59400183545057
8.079644845716167 45.59411582933625
8.0796178373609 45.59418586479543
8.079545939256533 45.5942559002546
8.079192967992864 45.59453585582679
8.079117903391673 45.594627870499224
8.079090648293718 45.59470191898824
8.079086983481504 45.59471187579733
8.079102815965626 45.594855858270584
8.079171920102207 45.595124824236144
8.079257974310025 45.59528091390314
8.079331921324103 45.59535392959462
8.079461933958425 45.5954239650538
8.079668873839129 45.595488971370955
8.079782511565512 45.59552152384466
8.079954976140446 45.595570927759354
8.080050902367775 45.595636865399115
8.080511907052514 45.59601684501805
8.08066184999038 45.59608986070953
8.08081887097997 45.59616697422043
8.081368910104832 45.59669596545464
8.081480855080802 45.59677196137842
8.081586839592163 45.59683193855357
8.081688912548621 45.59686192714114
8.081700355580251 45.59686218194549
8.08178092722105 45.596863976050855
8.082324819616783 45.59675985418468
8.082611853240696 45.59670490615155
8.082830900315141 45.596662996634755
8.082965942091478 45.59663785092468
8.08307683137865 45.596616506038416
8.083084965119175 45.59661494038883
8.083093224695814 45.59661531635818
8.083215909076092 45.596620900853445
8.08350797184202 45.59665983013794
8.083677845083427 45.5966868384932
8.083784947181902 45.59667491756398
8.083881990996346 45.59663785092468
8.084024855882484 45.59653391532303
8.084248097716673 45.596212358376434
8.084249863421542 45.59620981505982
8.084253408561118 45.59620638990958
8.084370935358947 45.59609284094184
8.084515849154796 45.596013864785746
8.084619971020967 45.59595183870088
8.084736945138953 45.595853863563846
8.085133381539654 45.595471415642905
8.08524898630192 45.59535989005923
8.085383841813739 45.59528091390314
8.085520932499787 45.5952239169603
8.085634926385469 45.59520193774704
8.08575283182605 45.59519783992763
8.085890853834693 45.59521981914088
8.086213836510789 45.595289854600054
8.08627698018276 45.59529898156149
8.086318889699553 45.59522596587001
8.0863788668747 45.595188899230706
8.086417426306426 45.595182457320874
8.086456911708197 45.59517586071437
8.086505899276716 45.59516785134005
8.086723828764047 45.59516785134005
8.086941944515898 45.5951838700887
8.087102877060389 45.5952239169603
8.08727591679862 45.59530997116811
8.087466837930684 45.59542098482149
8.087571891119447 45.59552287151343
8.087616004667703 45.59558147253694
8.087672846488793 45.595656981967174
8.08774493085768 45.59583784481521
8.08776299851603 45.595963945894624
8.087781997496977 45.59623682341509
8.08781198608455 45.5962789191964
8.08786097365307 45.596318966068
8.087931940434842 45.59634485683616
8.088010916590935 45.596347837068464
8.08806698221118 45.59633684746184
8.08812789070892 45.596310956693685
8.088160859528799 45.596273890054384
8.088175946954845 45.5962319805376
8.08820984709732 45.59616697422043
8.088269824272464 45.59605093142504
8.088352898247978 45.59593488862965
8.088693948582424 45.59563593407652
8.088757837312471 45.595552860101
8.088765846686792 45.595517842371414
8.08875392575757 45.59542098482149
8.088741818563829 45.5953859670919
8.08852184016679 45.59498195935
8.088506436822941 45.594932049495675
8.088483842204894 45.59485883850289
8.088479930649994 45.59478787172112
8.088472852598269 45.5947008861907
8.088506939005262 45.59463792878325
8.088558906806087 45.59455094325284
8.088618883981233 45.59448798584539
8.088723937169997 45.59440193163757
8.08890088846313 45.594269870093534
8.08901693125852 45.59413594590431
8.089045030400687 45.5940921550334
8.089102985466338 45.59400183545057
8.089159982409178 45.59385990188703
8.089166969640848 45.593828576866755
8.089182687866455 45.593758109225355
8.0891959907593 45.593698469956514
8.089207116140129 45.59364859286693
8.08922089090692 45.59358683810205
8.089221315523735 45.59357974542857
8.089225516388021 45.59350957543625
8.0892285044923 45.59345966302771
