-58.39163215661438 -34.609324515187055
-58.39173682164557 -34.609328983932635
-58.39189887177718 -34.60929489752564
-58.39210394901269 -34.60925187042174
-58.39271220363881 -34.60931097545612
-58.393328824490204 -34.60937089344943
-58.3938339048868 -34.60940050728376
-58.39430093901533 -34.60942789039227
-58.394371905797094 -34.60943198821169
-58.3948228521978 -34.60945992788955
-58.39495912448819 -34.60946754791205
-58.39607056034296 -34.609529696762635
-58.396251873588234 -34.609539835368246
-58.39717804443183 -34.60960915485175
-58.397575841789894 -34.609638928092394
-58.39830977835536 -34.60970620769903
-58.39866697934271 -34.609738952139146
-58.399104887227075 -34.60977490119133
-58.39934889374708 -34.60978589079796
-58.39942495210115 -34.609791257663964
-58.400454932461415 -34.60986393563145
-58.40052319432795 -34.6098677854839
-58.40093381853999 -34.60989094398672
-58.401695280897776 -34.609932839903216
-58.40180386010864 -34.60993881396813
-58.4023168325942 -34.609960979445894
-58.40237699603387 -34.6099648910008
-58.4028544333603 -34.6099955521135
-58.403310926332566 -34.61002486817594
-58.40396173720752 -34.610062281100575
-58.40456485907506 -34.61009695254483
-58.40506923124681 -34.61011757446164
-58.40527098786691 -34.61012582354529
-58.40594284398726 -34.61015283190056
-58.40616391943538 -34.610159898637455
-58.40641483827863 -34.6101679193266
-58.40663183644336 -34.610183938075245
-58.40678382829093 -34.61019492768187
-58.40697996482953 -34.6102088975208
-58.40767994689226 -34.61025993399903
-58.40812380980514 -34.61029072881542
-58.40847194362742 -34.61031488203216
-58.40886887331759 -34.61035287999405
-58.40921424622755 -34.610378441768184
-58.41031596236637 -34.61045998209253
-58.41032500578204 -34.61046065546135
-58.41141592413744 -34.61054188477044
-58.4117118286724 -34.61056391769418
-58.41254395716652 -34.610632708509165
-58.41306597172616 -34.61067586267015
-58.4136676425017 -34.61071510026519
-58.4144169482831 -34.610763965787676
-58.41493414834783 -34.6107960533019
-58.415785992498385 -34.61084890240838
-58.416049951971466 -34.610867789219924
-58.41716147330364 -34.61094732072408
-58.417295852690096 -34.61095693582945
-58.41830493383557 -34.61103265218696
-58.41849483739946 -34.61104690159217
-58.419718967818895 -34.61116182680045
-58.42076355543527 -34.611418565216034
-58.421020956807304 -34.61148182924424
-58.42173545856939 -34.61180400387464
-58.422384971880575 -34.61209687468626
-58.42270101439684 -34.61223696109284
-58.42356495760899 -34.61261990545586
-58.42366875567635 -34.61266665540644
-58.42467601187179 -34.61312031681418
-58.424914816578806 -34.61322787284615
-58.42563687652162 -34.61355318550037
-58.42611789910759 -34.613769902596694
-58.42662595379987 -34.61399061802556
-58.42759795697625 -34.61441288771658
-58.42760360376744 -34.61441538464438
-58.42850487891968 -34.61481391522617
-58.42858605404515 -34.614850678307164
-58.429259995280056 -34.615155896883216
-58.42955470284305 -34.615285575980025
-58.430107871370936 -34.61552898471495
-58.43054435512278 -34.61572557246188
-58.43082498976942 -34.615851967391045
-58.43133889357758 -34.61608498430442
-58.43153446700722 -34.61617867952489
-58.43160599689795 -34.61621294802903
-58.432205954913925 -34.616468875478255
-58.4325348596159 -34.61660835914912
-58.43281690253653 -34.6167279694243
-58.43327883854386 -34.6169289488404
-58.433547989939214 -34.61704503090653
-58.434022965297615 -34.617249882606785
-58.434511818594814 -34.61746045951017
-58.43471698689573 -34.61754883715992
-58.43523089070389 -34.617773844698974
-58.43549290710168 -34.61789102749353
-58.436402867057986 -34.618297993055684
-58.43650205791548 -34.618342511380106
-58.437117936546755 -34.61861892682207
-58.4373779618154 -34.61873888117236
-58.437415639139445 -34.61875634974987
-58.4375418745922 -34.61881487709615
-58.43768399442026 -34.618879883413314
-58.43841102967512 -34.61921132595597
-58.438975925124645 -34.61946885182267
-58.43937595661117 -34.61964366968146
-58.439902963636136 -34.61987397715168
-58.44002999603816 -34.619929856507405
-58.44018087029861 -34.61999598041168
-58.440507894159936 -34.619246673146854
-58.44071991981685 -34.61876086038561
-58.44156523140932 -34.619134182907786
-58.441951873346085 -34.61930493904587
-58.44254123431436 -34.61956348141877
-58.44328087068977 -34.61988794699061
-58.44349517976214 -34.619981641456555
-58.44392590471936 -34.620169951472505
-58.44445733105858 -34.62038284441042
-58.44484698276625 -34.62053894148482
-58.445482399006714 -34.62081884636036
-58.44572987658672 -34.620927861800666
-58.44646592295595 -34.62123824279974
-58.44650287434093 -34.62125382470907
-58.4474692980432 -34.621661708162016
-58.44763797032024 -34.62173289705216
-58.44849060236961 -34.62209383848127
-58.448672855988285 -34.62217099120105
-58.44951345668599 -34.62250601191863
-58.44954587778924 -34.6225189333227
-58.44996292404747 -34.622692904383534
-58.45021195970949 -34.62278491905596
-58.450592005375704 -34.62292685868481
-58.45120791609305 -34.623156889300574
-58.45160637233937 -34.6233147199866
-58.45263071024189 -34.623720465800275
-58.45356099576267 -34.62408895695408
-58.453660433697046 -34.62412852632966
-58.454550991681614 -34.62448290641195
-58.454716539656 -34.624547068556126
-58.45569728974449 -34.62492718210821
-58.4560859975834 -34.625077835285914
-58.45670169378108 -34.62533072313289
-58.4573838887524 -34.62561092433954
-58.45768955772272 -34.62572904916141
-58.458400893026614 -34.62600394247481
-58.45868938608769 -34.62611648560953
-58.459428886907446 -34.62640496998441
-58.46008639101031 -34.62665562007476
-58.46047792867894 -34.626804879906885
-58.46109125784258 -34.6269978979293
-58.46170783329847 -34.62719193757754
-58.46216876642457 -34.62733932058338
-58.463133874456595 -34.62764791312027
-58.46321883908589 -34.6276698603929
-58.46428313028621 -34.62794477819487
-58.46457388545365 -34.628019883364885
-58.46533283779253 -34.62821607578374
-58.46603587566396 -34.62839781407411
-58.46642229203935 -34.628491067209374
-58.46741590948587 -34.628730855034235
-58.467484513466594 -34.62874955920239
-58.46799593719831 -34.62888899361094
-58.46877070058743 -34.6290925431
-58.46885592048293 -34.62911493247259
-58.46986716899328 -34.62933443352177
-58.47024694391147 -34.62941686725803
-58.47097181734026 -34.629608216376404
-58.471792939419885 -34.62982497281935
-58.47150375468623 -34.630449729369865
-58.47118795226189 -34.63113199094978
-58.471954986467175 -34.631362017172556
-58.47237799627434 -34.63148887376835
-58.473031744372285 -34.63166649176079
-58.473489995453285 -34.63179099481831
-58.47413172289335 -34.631958173940276
-58.47458392697388 -34.63207597953251
-58.47522002998075 -34.632236858223074
-58.47567096670726 -34.63235090596268
-58.47627938817879 -34.6325124025327
-58.47672988049827 -34.63263197912198
-58.47738007463026 -34.63278366542007
-58.47783089007059 -34.6328888378938
-58.47846217722109 -34.633047522685054
-58.47892091003629 -34.63316283300138
-58.479520624643385 -34.6333002449236
-58.47974196403642 -34.63335096016566
-58.479922826884454 -34.63339286968245
-58.48035198033643 -34.63349084481949
-58.48062392653429 -34.63355790004636
-58.48062593207069 -34.63355839215702
-58.48077498705927 -34.633594966685656
-58.481681216649726 -34.63381822253789
-58.481720838287195 -34.63382798359903
-58.48233681505181 -34.633972897394884
-58.48270272456204 -34.633690114432234
-58.48305095321799 -34.63342099562483
-58.48328695036367 -34.63326099440294
-58.48372162690168 -34.633399138888166
-58.48453883419645 -34.6336588554157
-58.48476273128481 -34.633711165004506
-58.48578494382914 -34.63394998685904
-58.485824704241026 -34.633958250409044
-58.48690998016092 -34.63418380722312
-58.48701186821636 -34.634204982985665
-58.4879830895035 -34.63440052393373
-58.48840698946432 -34.63448586988045
-58.48847385842667 -34.63454081791358
-58.48856084395709 -34.63460694181786
-58.48906983414441 -34.634711675506956
-58.4896588732971 -34.63483288067951
-58.49020783725285 -34.634921766862654
-58.491351156509715 -34.635106888825206
-58.49135797824021 -34.6351079933742
-58.49238187430162 -34.63535498012651
-58.49246043877392 -34.63537267556552
-58.49356081269352 -34.63562051786649
-58.49381089569206 -34.635676845215485
-58.494783941539765 -34.63585994323775
-58.49378376115541 -34.636652960544524
-58.493774946639874 -34.63665994934723
-58.49364493400555 -34.63663685254686
-58.49349685371288 -34.637265867827814
-58.49345738498633 -34.63745929633218
-58.49335790038164 -34.63794685090959
-58.49328286352151 -34.63836024959771
-58.49313702846945 -34.63916369498567
-58.493136990662 -34.63916390327731
-58.493578301981145 -34.63922161321904
-58.494589853910874 -34.63935389308677
-58.49466103694839 -34.63936451468743
-58.495771376225605 -34.6395301943326
-58.49603787428225 -34.63956995992891
-58.496927462751565 -34.63968929770565
-58.49751383433149 -34.6397679591127
-58.498021033868014 -34.63983735711854
-58.498960923380274 -34.63996595829649
-58.49911127687734 -34.63998573815122
-58.500209133563665 -34.640130167420836
-58.50043483451981 -34.64015985966086
-58.50113984572455 -34.640264912849624
-58.50129387603715 -34.64014160879109
-58.501786928663854 -34.63974691122205
-58.50213144991736 -34.639477796547254
-58.50254092743712 -34.639157942812695
-58.50294791541132 -34.63884986129813
-58.50297174673536 -34.638833318359104
-58.50307885936824 -34.63875896421281
-58.504169088341904 -34.6389578278798
-58.50428995127134 -34.63897987393245
-58.50529532487913 -34.63917139893108
-58.50570183632601 -34.63924883989801
-58.50641447082267 -34.63937389467187
-58.507120985696936 -34.639497875560025
-58.507525670628205 -34.63956686277916
-58.50849990193173 -34.639732941383116
-58.50861027807105 -34.63975558166351
-58.50957688338109 -34.63995385110275
-58.50967393413654 -34.64001220003101
-58.50975998140335 -34.64006393343353
-58.51073726565663 -34.6402364872178
-58.51105024167886 -34.64029174769789
-58.51115882794169 -34.64031092018584
