135.79931534725472 34.933421354673435
135.79929435703878 34.93340628145252
135.79925419034416 34.9333774374681
135.79919269997526 34.93333328080404
135.79914892015938 34.933301842211975
135.79914355280883 34.933298302567074
135.7990892530841 34.93326249314076
135.79905061332977 34.933237011106684
135.79901400030263 34.933212865652855
135.79896997620455 34.93318383276725
135.79892534497378 34.933154399491535
135.79887111369212 34.933118635201865
135.79886393544518 34.93311390131222
135.7988159449956 34.93308195079726
135.7987948313086 34.933067893976
135.79875795093383 34.93304386585304
135.79845251869233 34.93284199696939
135.79840088185074 34.93280786870736
135.79843189539494 34.932776758547746
135.79869983640387 34.93250798283162
135.7987909197537 34.932401998320266
135.79906193462898 34.932087956341086
135.79909383469447 34.93205198155157
135.79927483497428 34.931847861375985
135.7993959069117 34.931710956954454
135.799554976811 34.93141591395622
135.79962153887 34.93125798551539
135.79977290629833 34.93089884365124
135.7998468533124 34.93046987646378
135.79985393136414 34.930430947179296
135.799855664804 34.93035856001468
135.79986398964817 34.93001092068875
135.79985989182873 34.92986991844781
135.79984092967786 34.92939683709328
135.79983083456378 34.92914497693952
135.79981984495714 34.92892891009738
135.80023093075076 34.92885086526388
135.80026892871263 34.92884285588956
135.80053696335565 34.92879684855335
135.80063288958294 34.92878194739182
135.80071782620365 34.92878082980471
135.80078301050972 34.92878915420743
135.80080388041148 34.92879181941133
135.80087894501267 34.92880690683738
135.8009389221878 34.928826837140925
135.80122185799232 34.928946977755736
135.8016228855019 34.929129889513476
135.80179000961883 34.92920820846239
135.80181287531136 34.9292189239536
135.80188197944796 34.929245932308866
135.80196188692662 34.929268842844714
135.80206284229598 34.92928784182566
135.80215783720072 34.92929696878709
135.8022658706218 34.92929398855479
135.80233981763587 34.92927890112875
135.80241693114675 34.929253941683186
135.80248696660593 34.9292219041859
135.8026369095438 34.92915093740413
135.80281982130154 34.92905799140911
135.8029286586991 34.92900126403826
135.80303495682108 34.92894586016862
135.8032798946637 34.92878883917903
135.8034898147767 34.92864988584779
135.80383746415245 34.928411923297034
135.8040158257786 34.92828983653239
135.80464688996926 34.92787185895156
135.8047403538615 34.92780542177124
135.8048549474371 34.92772396492341
135.80504698615627 34.927592834701976
135.80521890830738 34.9274769781711
135.8054219366332 34.9273598177886
135.80561192644265 34.92725699977406
135.80568711627637 34.92721955830585
135.8057488308642 34.92718882696008
135.80585090382064 34.927144868533574
135.80612396760563 34.927039815344806
135.80642087324904 34.92692097858163
135.80670995578268 34.92680996492825
135.8068148184601 34.926768421132586
135.8070409478331 34.92667883470682
135.80734996067025 34.926562978175944
135.80751890258907 34.92650281473628
135.80763885693935 34.92645382716776
135.80783857378825 34.926382845602895
135.80795383024113 34.92634188219179
135.80811290014043 34.92628581657154
135.80825986284597 34.92624986751936
135.8084278734422 34.92621894760919
135.80865492989096 34.92619491948623
135.80890284796587 34.9261848612022
135.80894321322214 34.92618423469046
135.8091548638602 34.926180949647296
135.80944599530352 34.92616399957606
135.80955086222778 34.92614798082742
135.8096508862745 34.92612693293676
135.8098429249937 34.92607496513594
135.80993493966614 34.92603193803203
135.8100295180737 34.92598593153721
135.8100379439452 34.925981832876396
135.81013983063713 34.925919993056056
135.81039482676374 34.925740992853214
135.81066584163904 34.925537964527415
135.81071594679466 34.92549996656552
135.81093387628198 34.925339965343625
135.81095065271856 34.925330570539145
135.8111108275751 34.92524087261947
135.8113088267589 34.925166925605396
135.8114529954967 34.925130976553206
135.8116619842871 34.92511495780457
135.81190394189738 34.92512482982408
135.81215962875618 34.925150344224
135.81225486425134 34.925159847553665
135.8126309323154 34.92520194333498
135.81282986282176 34.92524087261947
135.81302693068295 34.92530084979462
135.81323089033137 34.925409814538284
135.8133017324562 34.925466225859935
135.81339182287584 34.925537964527415
135.81350693434865 34.925682878323265
135.81359783143395 34.92583487017084
135.81362782002154 34.92588795555878
135.81380948913284 34.926294556224846
135.81383196593447 34.926344862424095
135.8139819088723 34.92665685549356
135.81405194433148 34.92681685671546
135.81419387789504 34.92711283103629
135.8142142455594 34.927157683233354
135.81422889562464 34.92718994454719
135.81430396022583 34.92735683755629
135.8144879895707 34.92774594413666
135.81453492822948 34.92785788911264
135.81456882837196 34.92796182471428
135.81458093556571 34.92805588829642
135.8145745706407 34.928116590822086
135.81457087728168 34.92815181452375
135.8145399573715 34.928274935370865
135.8145019594096 34.928371979185314
135.81444682511196 34.928451886664
135.81437082918816 34.92854092110412
135.81415886016546 34.928719921306964
135.8140539932412 34.92880094637277
135.81416090907516 34.928860923547916
135.81430663327907 34.92895024968252
135.81431588115504 34.92895591845265
135.81460086586924 34.92911089053253
135.81471895757434 34.929171985294786
135.81487486097683 34.92925189277348
135.8149938840045 34.92929585119998
135.81512482796143 34.92931987932295
135.81528687809305 34.92931987932295
135.81536027825518 34.92931461613302
135.81538299058488 34.92931298753574
135.81556385343293 34.92924090316685
135.81570597326098 34.92912895819088
135.8158378485405 34.928980877898205
135.81589782571564 34.92891996940047
135.81606757054104 34.92869364296658
135.81610793209316 34.92863982756376
135.8161589685714 34.92857295860141
135.81622881776605 34.92846585650293
135.816403906414 34.92820098835679
135.81647394187317 34.92809295493572
135.8166074328968 34.927883069407564
135.81662984527566 34.927847830828604
135.8166779015216 34.927773883814524
135.81683287360147 34.927537886668844
135.8168569017244 34.92749988870695
135.8170919675475 34.92716889665653
135.81719558731186 34.92703168364046
135.81732982733837 34.926853923354756
135.81739595124264 34.926752967985415
135.81744493881118 34.92664586588694
135.81753993371592 34.926378948831086
135.81762388728094 34.92609259819444
135.81763287971094 34.9260619266196
135.81773588399 34.92571491582054
135.81781187991376 34.925476869765156
135.81786999444373 34.92527495902646
135.81788284669554 34.92514084857272
135.81788328476395 34.92513652197106
135.8178979341216 34.92499183695745
135.81793388317377 34.92487393151687
135.81800484995554 34.92477297614752
135.81810897182172 34.92468897084942
135.8183928389488 34.92453288118242
135.81863884258914 34.9244002139878
135.8189119581635 34.92425292561023
135.81908686054692 34.92418698797048
135.8192839284081 34.924153832886084
135.8194038827584 34.9240778369623
135.81958996101298 34.923956951289405
135.8197016050771 34.92387632369907
135.81986283853342 34.92375988342821
135.82020482019047 34.92357585408335
135.82065092371369 34.923357924596026
135.82065466065924 34.923357723279096
135.8208168854002 34.92334898389911
135.82096589701547 34.92333091624076
135.8210968409724 34.92327894843993
135.82121083485805 34.9231908453224
135.82135090577643 34.923059901365484
135.8216123931429 34.92276855864415
135.82173591453736 34.92263093417803
135.82201587010957 34.92221984838441
135.82224544537922 34.92198539577452
135.82239286949618 34.92183483962346
135.8225148727562 34.92166887793695
135.82261098524805 34.92160685185209
135.8227599968633 34.921536816392916
135.82289094082023 34.92144983086251
135.82304288711526 34.92135665624764
135.8230488931324 34.92135297331258
135.82319790474767 34.921282937853405
135.82338193409254 34.92109983983114
135.82381891065432 34.92078486652937
135.82392900748 34.92073877040129
135.82413388395608 34.92065299124985
135.82453696037538 34.92037284941315
135.82482585664448 34.92015398860322
135.8248603893357 34.920136099703576
135.82507899012597 34.920022858381785
135.8253598770207 34.91985689669528
135.8255608564368 34.919803997571854
135.82584099827352 34.91977792053918
135.82586926295892 34.919775106132384
135.82610288618736 34.91975184350651
135.82630498319057 34.91967286735042
135.8265318533748 34.91947989730865
135.8268479442637 34.9191388469742
135.8268826090891 34.91909500044422
135.8270139059502 34.918928926861184
135.82719793529506 34.91868398901859
135.82730298848384 34.91855285879715
135.82746895017033 34.91845581498271
135.82753214594894 34.91844291788503
135.82767887028334 34.918412974143315
135.82791486742903 34.91839490648497
135.82816893223307 34.91842098351764
135.8284049293787 34.91850890037065
135.82846229529702 34.91854060496228
135.828641857847 34.918639844327565
135.8288249558693 34.91883281436934
135.82888698195413 34.91903398004995
135.82894675438476 34.919259043175444
135.8289568311488 34.9192969855509
135.82907082503448 34.9195419233935
135.82914886986796 34.919593891194324
135.82930682218014 34.91954993276782
135.8293270394138 34.919534505565004
135.82942081606583 34.919462947237406
135.82945583379544 34.919357894048645
135.82941187536892 34.91919994173646
135.8293298723194 34.91908800359309
135.8293159491416 34.91906899777954
135.82929899907035 34.91899095294605
135.82934891796148 34.918878821705555
135.82946086293745 34.91872682985798
135.8296458236049 34.91854782965514
135.82986989982135 34.91842992421456
135.83006585009542 34.9183688294523
135.83026794709863 34.91832393970319
135.83042496808824 34.91830698963196
135.83059782156195 34.91832393970319
135.8307378924803 34.91837385859431
135.8308608270629 34.91837981905892
135.83091222308337 34.918325278811345
135.8309399894835 34.918295813760814
135.83100685844585 34.918205847998095
135.83107391367272 34.91808887388011
135.83119796584245 34.91800989772401
135.83139391611653 34.917970968439526
135.8315898663906 34.91799890811739
135.83179079920316 34.91803381664426
135.83181394260706 34.918037837401876
135.8319199271184 34.91811085309336
135.83200989288113 34.91822298433385
135.83209389817924 34.9182898532962
135.83221087229722 34.91830698963196
135.83234591407356 34.9182898532962
135.8325638435609 34.9182458948697
135.83270987494387 34.91820081885608
135.83281585945522 34.91808887388011
135.8328854787329 34.91797301301575
135.83291681482456 34.91792086328389
135.83303993567168 34.917813947449936
135.8333319984376 34.917701816209444
135.8336508832943 34.91761296803384
135.8339699544155 34.91749487632874
135.83398460300575 34.917491966105004
135.83416590468957 34.91745594704425
135.83427784966554 34.91751797312911
135.8343398757504 34.91766288692496
135.83427282052352 34.9177979287013
135.83421940249335 34.91782449015277
135.8341379650117 34.91786498392817
135.83397591488009 34.917948989226275
135.83394797520222 34.918049944595616
135.83403682337783 34.91815592910698
135.8342219703098 34.918172879178215
135.83435682582163 34.91814493950035
135.83445182072637 34.918060934202245
135.8345138468112 34.9179599788329
135.8345788531284 34.917840955805204
135.83467682826543 34.917757881829694
135.83479696888023 34.91768896395763
135.83488283682354 34.917645936853724
135.83495790142473 34.917573852484836
135.8350009285286 34.91746488774117
135.83501489836755 34.91735890322981
135.83502849378615 34.917318912450654
135.83504991609715 34.917255898950756
135.83513299007265 34.91712383740672
135.83517899740886 34.91701189243075
135.83520991731905 34.91690590791939
135.83520190794474 34.91679098271111
135.8351559006085 34.91669393889667
135.83510691304 34.91660490445655
135.83508996296874 34.916512889784116
135.83512088287893 34.91643484495062
135.83513632633432 34.91642098175577
135.83520097662213 34.916362946846256
135.8353078924561 34.91639088652411
135.83568992098472 34.916457941750984
135.83578994503148 34.91644695214436
135.83590189000745 34.916396846988725
135.83597099414402 34.91632085106494
135.83610281524895 34.916060932615125
135.83613583824342 34.915995819479136
135.83666594706474 34.91533793319772
135.83667148114068 34.91524807363985
135.83668084822628 34.91509597558743
135.8366158419091 34.91485886085463
135.8365309052884 34.91471990752339
135.83645192913232 34.914632921992975
135.83642585209964 34.91441797273795
135.83643993422984 34.91433389720516
135.83645099780972 34.91426784353557
135.83654990426936 34.91417899535996
135.8368358203061 34.914074873493796
135.83712490283978 34.914143977630374
135.83760186512896 34.91404941829444
135.8379779943372 34.913974849447044
135.83863947553348 34.914286589528366
135.83872696396844 34.91432782071072
135.83963891505388 34.91455282824977
135.83968802389802 34.91456428234277
135.84042793155672 34.914736857594626
135.8407392513683 34.914858992409904
135.84096586348784 34.91494789529475
135.84131995233864 34.915328992500804
135.84164591524703 34.91549197395501
135.8416489473126 34.91549424455079
135.84197299574257 34.9157369117976
135.84233397638053 34.91583898475406
135.842715 34.91583898475406
135.84291884697046 34.91583898475406
135.84340183086846 34.9156149085376
135.8439139525578 34.915579875337464
135.84400085756184 34.915573930343406
135.84445683310457 34.9154109488892
135.84497273448116 34.91524893027507
135.84504282128162 34.915226919544345
135.84556696963833 34.915226919544345
135.84605684532352 34.91534892280435
135.84626099123645 34.91558082213061
135.84644483431677 34.91580489834707
135.84658788546744 34.91602990588613
135.84689391807228 34.91559386064694
135.84717983410908 34.91524684984789
135.84732443913586 34.91516882939739
135.84743185000343 34.915110876748955
135.84751995312095 34.915267897738545
135.84751461556974 34.915272940498305
135.8471388559149 34.915627947053935
135.84692781821477 34.915954841284936
135.8468598316653 34.91622697374732
135.84704386101015 34.91631582192292
135.84726793722663 34.91577099820459
135.8476559262199 34.91555381377534
135.84810482371088 34.91538990099855
135.84800181943183 34.91529397477122
135.84778388994448 34.91513583619451
135.84800181943183 34.91529397477122
135.84810482371088 34.91538990099855
135.84811455879822 34.915403420975146
135.84820782798994 34.915532952149206
135.8484659906134 34.91566184719641
135.84873197634664 34.91567581703534
135.8490449007387 34.9156558867318
135.84950683674603 34.915566852291676
135.84974581412402 34.91558082213061
135.85016099773708 34.915308875932745
135.8504938524327 34.915103984961746
135.85048793829571 34.914986885049935
135.8504808139163 34.91484582233829
135.85039885752795 34.91460796254742
135.85043294393495 34.91443082498977
135.850657951474 34.91438984679557
135.8509909924341 34.91426691221297
135.85116019503835 34.91418752209372
135.85123593027672 34.9141519870047
135.85145385976406 34.914164839256514
135.85156990255945 34.91402886615758
135.85154196288158 34.913817828457454
135.85139295126632 34.91373587206906
135.8511819135662 34.91375691995972
135.8509411926807 34.91370106292017
135.85088891947763 34.91368893341025
135.85079988503753 34.913511982117114
135.85095690602714 34.913375822753665
135.85104649511013 34.91330136453716
135.85123593027672 34.9131439234274
135.85133092518146 34.9129809419732
135.85129087830984 34.912735817866086
135.85135886485932 34.91261288328349
135.85148626697404 34.91251549920128
135.8515628245077 34.91245697988101
135.85176697042064 34.91240184558336
135.85189586546784 34.91223886412916
135.85184184875732 34.91210289103023
135.8519169133585 34.911932831524304
135.85203984794109 34.911839885529275
135.85208399263212 34.91180896561911
135.85212795105863 34.91178288858644
135.85214020987846 34.911769477315175
135.85235184101057 34.911537950743835
135.8525358703554 34.911353921398984
135.8525628787107 34.91113599191165
135.8525628787107 34.910927
135.8525628787107 34.910897945856256
135.85268599955782 34.9107548947056
135.8529309374004 34.91057794341247
135.85308088033827 34.91029184111115
135.8534209993501 34.910223854561686
135.85349472441018 34.910245142827485
135.85375385404572 34.91031996705353
135.85398593963652 34.910421853745476
135.85406696470233 34.91061184355494
135.85416289092964 34.91085082093293
135.85406696470233 34.911054966845846
135.85407262528565 34.9110865529008
135.8540949043802 34.911210870248325
135.85419145512958 34.91115527734315
135.85427185567332 34.91110898355638
135.85436685057803 34.9107958728998
135.8542308774791 34.910564904896134
135.85416834984133 34.9104280284751
135.85415599914245 34.910400992119335
135.85428489418965 34.91031996705353
135.8545439881357 34.91027191080761
135.8546581099027 34.91023864661543
135.8549178210255 34.91016294606394
135.85538795267166 34.90996587820275
135.85569398527653 34.90997295625447
135.85572967453066 34.90998405150419
135.8559318450674 34.91004690326855
135.8561359909803 34.910251980504064
135.85623191720765 34.91045594015247
135.8564898935666 34.91061184355494
135.8567828876551 34.910632891445594
135.8571369765059 34.91073496440205
135.85753185728635 34.91089086780453
135.857571945355 34.91091247143453
135.85834099035728 34.911326913043716
135.85861135423823 34.91145376032449
135.85890593064366 34.91159196745437
135.85950495733704 34.9117288718759
135.85955487622817 34.911726822966195
135.85963041820926 34.911724352410836
135.85970295652083 34.91172198008869
135.85994789436344 34.91153087269211
135.86026789680722 34.911476855981576
135.86071698056273 34.911476855981576
135.86076400605265 34.911477796491376
135.861070883149 34.911483934033306
135.86140392410914 34.91134088288265
135.86156094509872 34.911054966845846
135.8616127284267 34.910922530984465
135.86170995671398 34.910673869639794
135.86194893409197 34.91031288900181
135.86221690582718 34.91009274596261
135.8623298450335 34.90999996460974
135.86272491207848 34.90975484050262
135.86309893123283 34.90963190592003
135.8631425857399 34.909606781023875
135.86335783891434 34.90948289430476
135.86359588496973 34.90919697826796
135.86383069202574 34.908864651204865
135.8638609393804 34.90882184152652
135.86405782097708 34.90854281727693
135.8642628982126 34.90833885762853
135.86458886112098 34.90825094077552
135.86489582504845 34.90829191896972
135.86512697931664 34.90833885762853
135.86521582749222 34.908406844177996
135.86524349198686 34.90841463297992
135.86543282565697 34.908467938940255
135.86562393305354 34.90844093058499
135.86575282810077 34.90844093058499
135.8658008843467 34.908549895328655
135.86585490105722 34.90871995483458
135.8659709438526 34.90868586842759
135.86595697401367 34.90849587861812
135.86595486375606 34.908482758320915
135.86590984909034 34.908202884529594
135.86601881383402 34.9079989248812
135.86622295974692 34.907780995393864
135.86643399744705 34.907603857836214
135.8666519269344 34.90752897949954
135.86672370582056 34.90754469944863
135.8669028252416 34.90758392753267
135.8671008244254 34.907678922437405
135.8672639921441 34.90774690898687
135.86743386538552 34.90773983093515
135.8675109788964 34.907727910005924
135.86778685713546 34.90774685856949
135.8678309813402 34.907749889219176
135.86790883990918 34.90756083073231
135.86820585631597 34.906952401715294
135.86827391836658 34.90681297868817
135.86835084561298 34.90664291918225
135.8683665151997 34.90664755745046
135.8686818376634 34.906740894319285
135.86886381809853 34.90672599315776
135.86892789309312 34.90668892651846
135.86909199213443 34.90647285967632
135.8691930877449 34.90640909355883
135.8692458466272 34.90637581586188
135.86941888636542 34.90633092611278
135.86978396482283 34.90637581586188
135.87014792569312 34.906367992752074
135.87034105783906 34.90634879530101
135.87052082726032 34.90633092611278
135.87082183072317 34.90627094893763
135.87107682684982 34.90617390512319
135.87125582705264 34.906025824830515
135.87133495493447 34.905948120413235
135.8714318470232 34.9058529713568
135.8716779024529 34.90565087435359
135.8721968354031 34.90546386477643
135.87235963408216 34.905403269412616
135.87289793505292 34.90520290818519
135.87339360045212 34.904973512866356
135.8735439004051 34.90490395363206
135.87411796765292 34.904620831563044
135.87424593137754 34.904564952207316
135.8744089098031 34.904495691935075
135.87451899516253 34.904448909411926
135.87490083742665 34.904403833398305
135.87522382010275 34.90444592917962
135.87555689173166 34.90448397195809
135.87561683823802 34.90449081892872
135.87608492097448 34.90453794385205
135.87661298088608 34.904567932439626
135.8767464781913 34.90455080694537
135.87691789590383 34.90452881689062
135.8769819708984 34.904520993780814
135.87708590650004 34.904493985425546
135.87735096091072 34.904403833398305
135.87776092911722 34.90420192265962
135.8778303259618 34.90417815118212
135.8781518983428 34.904067998470396
135.87849797781925 34.903910977480805
135.8788898783674 34.90385882341546
135.87901232931648 34.90383827006201
135.87933598189062 34.903783945078786
135.87980890750458 34.9035898574499
135.87994096904862 34.90348685317085
135.88000941310824 34.90343725250241
135.88004583597285 34.90341085724706
135.8802648830473 34.90304484746705
135.8803829747524 34.90283585867664
135.88051987917393 34.90263394793795
135.8806187709064 34.90255520412928
135.8808288920111 34.90238789250824
135.88130293521218 34.90207385052906
135.88150419470082 34.90194371939387
135.8816028210879 34.90187994916469
135.8818838942472 34.901738946923736
135.8820498559337 34.901655872948226
135.88214783107074 34.90162383545094
135.88247789179857 34.901513939384685
135.88249389768797 34.90151041480446
135.88271388894424 34.901461971583856
135.88318588323563 34.90127999114871
135.88355763330722 34.901025588254385
135.88356884308686 34.90101791697035
135.88391194233105 34.90069493429426
135.8841939468129 34.90054387376928
135.88439467412695 34.90043874768917
135.88461788485836 34.90032184646253
135.88486282270094 34.90025199726787
135.88521188240972 34.900149924311414
135.88534394395376 34.90010987743981
135.88556185792336 34.900068681286506
135.88587796432998 34.90000892207046
135.88649282350747 34.899877978113544
135.8866687257933 34.899812159986126
135.88705683247127 34.89966694041342
135.88741595046406 34.899517928798154
135.88769292580395 34.899404866235066
135.88771958146106 34.89940005915425
135.8881969575926 34.89931396914975
135.8886099060314 34.89935382975684
135.88887495203932 34.899467720352504
135.88903384407686 34.89953599645651
135.8894568507997 34.89979788437034
135.88986998550303 34.900018980354496
135.88989140498435 34.90004688100729
135.89007189624172 34.90028198585544
135.8901018848293 34.900855866838754
135.89010779688076 34.90093902244175
135.89017844275028 34.9019326876579
135.89019296817912 34.90213699420103
135.89018998794683 34.90229699542292
135.890313853852 34.90258384278231
135.89040288829213 34.90274794182363
135.89048484468054 34.90282095751511
135.89073686057486 34.90289993367121
135.89082589501498 34.902944823420306
135.8908808430481 34.90301783911179
135.89093597734578 34.903225896579606
135.89102389419878 34.90371092938731
135.89102529981005 34.90371423638744
135.89107195044468 34.90382399195039
135.89110585058717 34.9039089285711
135.8912839194674 34.90412294650353
135.89133886750054 34.90419596219501
135.89138692374647 34.904302878028965
135.8914180134723 34.90478340219809
135.89142082388895 34.90482684012115
135.89142790194066 34.90510288413844
135.89141393210173 34.90518186029453
135.89133886750054 34.90535098847786
135.8911539068331 34.90570097950923
135.8911129286389 34.90580789534318
135.8910788422319 34.905959887190754
135.8909968858435 34.90645497828249
135.89095021563244 34.90666133382355
135.89093988890068 34.906706994176815
135.89088885242245 34.90712683440283
135.89088382328043 34.907169861506745
135.89084890619185 34.90759666471955
135.8908279439247 34.90785289349823
135.89091884101 34.90834686700285
135.89123195166658 34.90854896400606
135.89126422971458 34.9085600969439
135.89155381675556 34.90865997765943
135.89193696287134 34.90865997765943
135.892444586624 34.9085882711824
135.8926529636827 34.90855883602557
135.89303592353394 34.90847799722429
135.89328793942826 34.908508917134455
135.89358205497237 34.90862985437883
135.8936308524079 34.9086499193754
135.89363935703236 34.90865030465201
135.89385287971467 34.90865997765943
135.89429581674105 34.90851897541849
135.89466890457277 34.90842789206865
135.89477977260773 34.90836919722661
135.89499188724886 34.90825690124013
135.89535491679658 34.90797396543564
135.89564914785646 34.907805057153325
135.89582895999766 34.90770183297325
135.89647399402725 34.90748986395053
135.89675918851262 34.9074551269481
135.89704899259766 34.907419828491356
135.89772382895032 34.90735891999361
135.8979241317346 34.90740788654794
135.89817794184785 34.90746993364699
135.898842906181 34.90772194954131
135.8990313667407 34.90782886355276
135.89914595855353 34.90789387169243
135.89939797444785 34.90805499050144
135.89959988518655 34.908074920804985
135.899901819972 34.90797396543564
135.90009385869118 34.90788399967292
135.900193 34.90788399967292
135.9003458745855 34.90788399967292
135.9006278790674 34.90795384886758
135.90084990637413 34.9081658178903
135.90113191085604 34.90838784519705
135.90120232022437 34.908424709251726
135.90153498727534 34.908598882897174
135.90181792307982 34.90872982685409
135.9020799972582 34.90891199355376
135.90210036898927 34.90893618847273
135.90235194345604 34.909234976229854
135.90255385419474 34.90955684131883
135.90268293550648 34.909652953810685
135.9028133294121 34.90974332425199
135.90283585867664 34.90975893832204
135.9032998435937 34.909798985193646
135.90392119472656 34.90976650513199
135.90406594956067 34.90975893832204
135.90478195037204 34.90977085925127
135.9048829057414 34.909768996606076
135.90511393199583 34.90975395401229
135.90549795118343 34.90972894973447
135.9059008413382 34.90964792466867
135.90624362018065 34.90945536270398
135.90631397604153 34.90941583907789
135.90687891632794 34.90895185416084
135.90701776974842 34.90880756154502
135.90713093222226 34.908689966247
135.90738294811658 34.90845788065622
135.90760497542334 34.90834686700285
135.90783527348867 34.90818436988885
135.90794788840296 34.908104909392556
135.90806896034036 34.908000973790905
135.90830085966664 34.90779291632309
135.90870393608594 34.907540900428764
135.90871293826794 34.907538689414345
135.90931898152795 34.907389839903786
135.90964084661695 34.90731887312201
135.90983703938812 34.90730435804707
135.90986995197542 34.907301923050774
135.910104831534 34.907368978277646
135.91066399762028 34.90765284540473
135.91086581491118 34.90774479713937
135.91108998457543 34.907846933033625
135.91119392017708 34.90789387169243
135.9113598818636 34.90810286048285
135.91146586637495 34.908236970936585
135.91164699040638 34.908474087147106
135.9120509232294 34.90900289063907
135.91233796245706 34.90932703409445
135.91251490814645 34.90952685273126
135.91292785658527 34.9099399874346
135.9130617870142 34.91006789557642
135.9133089537913 34.91030394830489
135.91338383212798 34.91043694117152
135.91353191242067 34.91068392792383
135.9135568718662 34.91073086658264
135.9136408771643 34.9108359197714
135.91372053782584 34.91091633296277
135.91405494319025 34.91125389735223
135.9144329866986 34.91159867765977
135.91454183864315 34.911697951965735
135.91471785861367 34.91186689388454
135.9148089419635 34.912011993944915
135.91485792953205 34.91213884008241
135.9148759971904 34.91223793280656
135.9148393968415 34.912501986427785
135.91481695133783 34.91266391976171
135.91479795235688 34.91270899577533
135.9146938304907 34.91310592546551
135.91492796499122 34.91311691507213
135.9149378370107 34.91332590386255
135.91493483363686 34.913404639368856
135.91491883802976 34.91382397518659
135.91553187108167 34.913991122228765
135.91562999596366 34.91401787655096
135.91567786594504 34.91403482662219
135.91611484250683 34.9141149203654
135.91647098026732 34.914187936056884
135.91672037587549 34.91423798846248
135.91716798209774 34.91432782071072
135.9172838386286 34.91435091751108
135.91734586471347 34.91435091751108
135.9178439360375 34.914351848833675
135.91826694276037 34.91433489876244
135.9187668767296 34.91430584149746
135.91896377345867 34.914292152835976
135.91906694886984 34.914284979871326
135.91944990872108 34.91424996214174
135.920077 34.91424996214174
135.92020185858462 34.91424996214174
135.92035887957422 34.91428982274882
135.92062486530747 34.91440195398931
135.92082398207836 34.91449788021664
135.9209539947127 34.91457089590812
135.92107701055087 34.91467888608594
135.9211659637354 34.91475697416269
135.92120694192965 34.91480186391179
135.92157593194193 34.91536587287558
135.92163016132483 34.915449558673295
135.92173984471873 34.915618820092504
135.9218439665849 34.91576988061748
135.92191791359895 34.91591796091016
135.92208182637577 34.91616587898506
135.9221577680313 34.916258509692625
135.9224098381939 34.916565975172055
135.92268998003058 34.91684295051194
135.9228609708591 34.91696085595252
135.9228768425272 34.9169678777874
135.92296285755106 34.91700593196614
135.9232629296913 34.91709682905145
135.923874994901 34.91728383862861
135.92391668813084 34.91729309210711
135.92446582595556 34.91741496885005
135.9246919510817 34.917458927276556
135.9249648286022 34.91748798454154
135.9250754579968 34.917441115544655
135.92518685590895 34.9173939209594
135.92525987160042 34.91733394378425
135.92540087384137 34.917218832311455
135.9254908396041 34.91713892483277
135.92568194700067 34.916977992288274
135.92578197104743 34.91689193808046
135.9259778062821 34.916740673836685
135.9260978756718 34.916647931560455
135.92639198734742 34.91644695214436
135.92667883470682 34.91628993115477
135.92697799306367 34.91609915581963
135.92699399427312 34.91608895173868
135.92722384468968 34.91585183700588
135.92751087831357 34.91555083354304
135.927744981802 34.91532702031787
135.9278329296671 34.915242938292984
135.9282849936549 34.91495590466907
135.9286442909713 34.914739133871095
135.92887992252886 34.91459697294079
135.92918893536603 34.91418085800515
135.92925966705735 34.913972342614535
135.92931783041325 34.91380087838622
135.9294688909382 34.91336390182444
135.9294918554186 34.91302203725969
135.92949683061607 34.91294797315332
135.92953985772 34.91266093952941
135.92976281634932 34.912115929546566
135.92983412228173 34.91202144707149
135.92991983733893 34.91190787207874
135.93013590418107 34.91185795318763
135.9303579314878 34.911892970917215
135.93057995879457 34.91197995644763
135.93076696837173 34.912086872281584
135.93086059890035 34.91217549655363
135.93089586341893 34.91220887554159
135.9310141006694 34.912246077017954
135.9311249687774 34.912280959910476
135.9311881377822 34.912274076872684
135.93151984955787 34.91223793280656
135.9317279070257 34.91217981827661
135.9318929373896 34.91207998049438
135.93219157959172 34.911843307000865
135.9322008326397 34.91183597397438
135.93220433571042 34.91183394444636
135.93255995063245 34.91162791650655
135.93283897488203 34.91143382887767
135.93312582224144 34.911218879622645
135.93313247936237 34.91118902344401
135.93316884934535 34.91102590958087
135.93316195755813 34.91076681563482
135.93305392413706 34.91041589328086
135.93299789495117 34.910278331058
135.93297494798097 34.910221991916494
135.9329468220386 34.91001393444867
135.93300381898143 34.909712930985826
135.9331049606153 34.909346921205824
135.93313003745376 34.90928509832413
135.9333199098703 34.90881699864902
135.93353229808957 34.908424723401794
135.93359986544252 34.90829992834404
135.933921916796 34.9076759422051
135.93396717689592 34.90758573895277
135.93418790252926 34.90714583338378
135.93435982468037 34.906815958920475
135.9344960625327 34.90665070745145
135.934560990361 34.906571952400476
135.93499796692277 34.906284918776564
135.93529897038562 34.90609083114767
135.93547387276905 34.90605395077289
135.9354926360557 34.90604928503584
135.93568286155946 34.90600198297207
135.93590395754362 34.906022844598205
135.93609189844338 34.90606996952154
135.93648994572067 34.90627094893763
135.93666684668148 34.90636969214188
135.93668682731732 34.906380845003895
135.9370399848455 34.906556864974426
135.93734489986326 34.90667588800213
135.93767627776896 34.90678751003352
135.9378049732254 34.906830860082
135.9387507466908 34.90709362960881
135.9390579746453 34.907178988468175
135.93943385644482 34.907241945875626
135.9396668733582 34.907241945875626
135.93986456150208 34.907206169366994
135.9399879933891 34.90718383134568
135.94053598360426 34.90704096645953
135.94079097973088 34.90694094241279
135.9408785367325 34.90688533273289
135.941050818735 34.90677591204887
135.94181816727104 34.90636020589838
135.94195885826556 34.90628398745397
135.94239192327242 34.906212834407675
135.9428728582607 34.90618489472981
135.9430078526062 34.90615385094817
135.94328189514462 34.90609083114767
135.94358289860747 34.90590493915763
135.94386192285705 34.90563895342437
135.9438820427765 34.905625559472256
135.94405582422144 34.905509872112646
135.94429983074144 34.90548193243478
135.94452185804818 34.9055679866426
135.94481596972383 34.90579690573656
135.94500810973784 34.905936045271304
135.94515292223886 34.90604091225656
135.94534682360322 34.906227921833725
135.94551893201884 34.90627094893763
135.9457409593256 34.90627784072484
135.9459069210121 34.90623090206603
135.9462193282722 34.90612519714377
135.9463148403089 34.906092880057386
135.94652289777673 34.9060198643659
135.9468319106139 34.90587588189265
135.9470829951856 34.90570395974153
135.94716998071604 34.90564286497927
135.9471834908222 34.90563350229455
135.94743391753957 34.90545995322153
135.94789697113404 34.90503396626638
135.9479558307221 34.904968959949215
135.94801921342022 34.90489734135334
135.9482009548292 34.904691984609336
135.94867374360646 34.9041502625065
135.94868896786917 34.90413281852304
135.9494333851119 34.90334774048391
135.9495858315286 34.90318696729512
135.94996599741205 34.90274198135902
135.95007296945724 34.90260597735576
135.95030984171427 34.90230481853273
135.9504748720782 34.901845862757696
135.95047286746131 34.90169985080041
135.95046798029097 34.90134387987876
135.95037484803143 34.90101381915093
135.95023252997453 34.900756203328584
135.95021689571925 34.90072790311414
135.9501518894021 34.90061186031875
135.94980096704813 34.90019593164763
135.94962084925817 34.89988989904277
135.94960915274544 34.899868683988664
135.9495398241924 34.89974293633721
135.94947295523002 34.89959597363165
135.94944091773274 34.899476950603955
135.94943495726812 34.89936891718288
135.94944296664244 34.89916682017967
135.94944184905532 34.89913496894691
135.94945601822366 34.898935846911144
135.94947686678492 34.898642858087484
135.94949996358528 34.89824592839731
135.94952194279853 34.89799093227068
135.94952889621436 34.897914990062375
135.94961692654368 34.89695356077943
135.94963593668422 34.89674594022511
135.94970706117246 34.89595633785579
135.9497458327505 34.89552590762509
135.9497884540689 34.89504915584978
135.94980599619015 34.89485293391763
135.9498149368871 34.89475290987088
135.94986485577817 34.894099866466966
135.94987554299212 34.89406930520023
135.95019418910442 34.893158101503445
135.95051454582693 34.89224200612821
135.95083490254947 34.89132591075297
135.951155259272 34.89040981537773
135.9514756159945 34.889493720002505
135.95280895276684 34.88568089646878
135.95282510470057 34.88565696091089
135.95305593951915 34.885314886688775
135.9531539146562 34.88518394273186
135.95316490426282 34.885153954144286
135.95318390324377 34.88509881984663
135.95325598761266 34.88491385917918
135.9532647568398 34.88480960886425
135.9533159647878 34.884200838600115
135.95332695439444 34.88391995170534
135.9533348864707 34.88381395824628
135.9533608545369 34.88346695639492
135.95343870925564 34.88286234721147
135.95344597742212 34.88280590361668
135.9535109837393 34.88234489893194
135.9535558734884 34.88202396516555
135.9535712418967 34.88193602558647
135.95364099637362 34.88153688344814
135.95367891035556 34.88103601979184
135.95372593299433 34.88041482598517
135.9538521643064 34.880171788867244
135.95399285005018 34.87990092217701
135.95409492300664 34.87980983882717
135.95435494827527 34.879511815596636
135.95442591505704 34.87947083740244
135.9544314237295 34.87946901541258
135.95449799942594 34.879446995543994
135.9546928321129 34.87937882273001
135.9547729258561 34.87933784453581
135.95498992402085 34.879262966199136
135.95522685248912 34.879209880811196
135.95547383924142 34.87914599208115
135.95551690053423 34.87912829565945
135.9557049935096 34.879050997176414
135.9558178698082 34.8790098327177
135.95601884922428 34.878898819064325
135.9561868598205 34.878806990656415
135.9564329152502 34.878626872866455
135.9565279810058 34.87855305389865
135.95656292788453 34.878525917497115
135.95678085737185 34.87831096824208
135.95696395539412 34.87811390038089
135.95714295559696 34.877890941751545
135.95723403836078 34.87774555142434
135.95726197862464 34.877700951942074
135.95731394642547 34.87755585188171
135.95734896415507 34.877403860034136
135.9573599537617 34.87692795418787
135.9573668455489 34.876832959283135
135.95737547130037 34.87674095126735
135.95738081538784 34.876683947667864
135.9573959028139 34.87647290996774
135.95741099023994 34.87628794930029
135.95745792889875 34.87593292912691
135.95749546448957 34.8758069453088
135.95752796435792 34.87569786330382
135.9575609331778 34.875602868399085
135.95767883861836 34.875224937689865
135.9577969543265 34.87489829550197
135.95790198351224 34.874607843338126
135.9580878755023 34.87414292709849
135.95815884228406 34.87394287900499
135.95816028366048 34.87393955592713
135.95823688711755 34.873762947479555
135.95832592155767 34.87361486718688
135.95846990403092 34.873452817055274
135.95866790321472 34.873283875136465
135.95884489556676 34.87317048598404
135.95911884961544 34.87299497886736
135.95943996964633 34.8728148610774
135.959631822101 34.872719866172666
135.95983761752754 34.872632130539664
135.95985682964005 34.87262393994534
135.96007587671448 34.872573834789705
135.96038284064196 34.872573834789705
135.96044486672682 34.87257886393172
135.9608039847196 34.872689877585096
135.96093290908834 34.87273644191627
135.96104482474277 34.87277686311551
135.96129199775962 34.87288396521399
135.96147882107226 34.87298398926073
135.96189612904584 34.87322284824895
135.9619819215383 34.87327195420724
135.96220096861276 34.873373840899184
135.96235798960234 34.873423946054814
135.9623849979576 34.873429906519426
135.96273182249217 34.873459895107
135.96305537044182 34.87347633804257
135.9633219084886 34.873489883694575
135.96374491521146 34.873508882675516
135.96425305290646 34.87352850658514
135.9642899251943 34.87352993056618
135.9654717475619 34.87359259327635
135.96549487036827 34.873593819296225
135.9658228821864 34.873593819296225
135.96608793659703 34.873598848438235
135.96628295554854 34.8735848785993
135.9664779745 34.87354390040511
135.96658913439958 34.87351301584646
135.96664691641882 34.8734969617463
135.96677488014345 34.87346194401671
135.9674839891676 34.87320098742547
135.9675698571109 34.87316783234107
135.9676942396243 34.8731257595962
135.96803682226025 34.87300988002889
135.96810499507424 34.87298696949304
135.9685799695979 34.872813929754805
135.968741833465 34.87275786413456
135.96883598431808 34.87272238936532
135.96917191823957 34.872595814002956
135.96930286219649 34.87254794402155
135.96944591334713 34.87248591793669
135.96960982612393 34.87240899069031
135.96988201024317 34.87225883657899
135.96992889724513 34.87223297071978
135.96998887442027 34.872173924867226
135.97006189011177 34.87208693933681
135.9701239161966 34.872010943413024
135.9702468507792 34.871829894300475
135.97032899343213 34.87165592323964
135.9704146344698 34.87141888387767
135.97043088012407 34.87137391875775
135.9704828479249 34.87120683948413
135.97050799363498 34.870946814215486
135.97049886667352 34.87080897847136
135.97046291762135 34.87063295850082
135.97041895919486 34.870499965634195
135.97037828394153 34.87042749348234
135.97030887686407 34.8703038290956
135.97014384650015 34.87007882155654
135.96979399570623 34.86961786158525
135.96964298120832 34.869418886365416
135.9694749706121 34.86919685905867
135.9692318954147 34.868850965846725
135.96917742166949 34.86875736055083
135.9688919626674 34.86826684031487
135.9687749885494 34.868057851524455
135.96869498561236 34.86785569163651
135.96869191457387 34.86784793141145
135.96862988848903 34.867598895749424
135.96858294983022 34.867227856827405
135.96856786240417 34.86705593467629
135.9685728915462 34.866950881487526
135.96857733342517 34.866866895806965
135.9685849987399 34.86672196239357
135.9686568968443 34.866277907780066
135.96866695512833 34.86620191185628
135.96867198427034 34.8660899668803
135.9687038355031 34.86589997707084
135.96870719878953 34.86588708447291
135.96872395207117 34.865822863559934
135.9687779687817 34.86569694874503
135.96887184609932 34.86555594650409
135.96897298773317 34.865455922457336
135.96916297754265 34.86528195139651
135.96925387462795 34.865172986652844
135.96928891689052 34.86512458015708
135.96933787992606 34.865056943857454
135.96936991742336 34.86493196036515
135.9693898477269 34.86471086438099
135.96936991742336 34.86436590249164
135.9693631898183 34.86411308617543
135.96936283937163 34.864099916758384
135.96937289765566 34.86404888028016
135.96940996429495 34.86387099766443
135.9695479863036 34.86342098258632
135.96957499465887 34.86330996893294
135.96962208510902 34.86314614522833
135.9696368344792 34.8630948334134
135.9696418636212 34.86294097892063
135.96957499465887 34.86273683300771
135.96949899873508 34.86263699522548
135.9693978571012 34.86256193062429
135.9693039797836 34.86250996282347
135.96917098691696 34.86245296588062
135.96899821705787 34.862382351148845
135.96891897102265 34.862349961601566
135.96868893434157 34.86226297607116
135.9685358249069 34.86219387193457
135.96840283204023 34.86210092593955
135.96832385588417 34.86200686235741
135.96827486831563 34.86190795589778
135.96825996715413 34.861761924514816
135.96828745618657 34.86165039006732
135.9682988964386 34.86160397220263
135.968409910092 34.861369837702135
