12.841671992279707 52.08143391642199
12.841680241522912 52.08142117526744
12.84168261517064 52.08141750911143
12.841708636251886 52.08137731892556
12.841710675257474 52.08137416963238
12.841732984566724 52.08133971236764
12.841754027025374 52.081307211784114
12.841779006710857 52.08126863005904
12.841801590064303 52.08123374952644
12.841805799947092 52.08122724726121
12.84182269748004 52.081201148615136
12.841838749751808 52.08117635549528
12.841849175662617 52.081160252425256
12.841853972714857 52.08115284326269
12.841862870467988 52.08115435287604
12.841866129644652 52.08115490583547
12.841928275253494 52.08116544960299
12.842032895130153 52.08118319965287
12.842120601134564 52.081198080056126
12.842189629237534 52.08120979152349
12.84220733784758 52.08121279600716
12.84225696162938 52.08122121529258
12.842275988638011 52.08122444345881
12.842306852097623 52.08122967982464
12.842366411665056 52.081239784838395
12.84237404565803 52.08124108003927
12.84237763764392 52.081241689463894
12.842381356553872 52.081242320422746
12.842389311448688 52.08124367006857
12.842413522114104 52.081247777705975
12.842424535621934 52.08124964628315
12.842537936028942 52.08126888605808
12.84255325884091 52.08132925793724
12.842564123893537 52.081372066244576
12.842565875706804 52.08137896838886
12.842566113948404 52.08139558032589
12.842566715394035 52.08143751748958
12.842567187154009 52.0814704120257
12.842567702168422 52.08150632257629
12.842567924616514 52.081521833275005
12.842563264504903 52.08153053089222
12.84254429765067 52.08156593056753
12.842520214836975 52.08161087865301
12.842492178455892 52.08166320566386
12.842460643568762 52.081722062275055
12.84242434997335 52.081789800523985
12.84238180068603 52.08186921437603
12.842334285740296 52.081957896116855
12.842288410907605 52.082043516756
12.842245873263014 52.08212290887809
12.842235122030518 52.08213948512424
12.842178536661413 52.08222672842466
12.842123778749755 52.08231115415188
12.842113256392953 52.08232737751757
12.842070448368524 52.082393378913245
12.842067147363943 52.08239846840085
12.84202665779392 52.082460895204406
12.842022132435584 52.08246787240015
12.841991513509624 52.08251508064848
12.841981789099894 52.08253007373968
12.841959338707118 52.08256468774666
12.841958590739784 52.08256584096241
12.841953996761603 52.08257292395621
12.841938925311602 52.08257568766953
12.841912353774116 52.08258056020085
12.841877814573298 52.08258689379514
12.84187417383858 52.08258227000489
12.841872726327884 52.082580431643585
12.841869761093108 52.08257666574887
12.841862256868117 52.08256713526532
12.841858743411464 52.08256267312022
12.84183842427571 52.08253686749883
12.8418357581221 52.08253348144189
12.841807246112705 52.08249727074236
12.841801186004565 52.08248957430988
12.841766549764529 52.082445585741304
12.84175787144298 52.0824345641367
12.841713610349176 52.082378351852725
12.841711608525712 52.0823758095055
12.841660258396352 52.08231059403509
12.84165347997203 52.08230198532979
12.841605787074878 52.0822414146017
12.841583796303023 52.08221348597622
12.84154991887996 52.0821704611171
12.841521863077324 52.08213482980731
12.841098952072896 52.08158950386255
12.841097914993831 52.08158816659274
12.840408919017383 52.080699735273
12.840277988618864 52.08053090603346
12.840011816621091 52.08018985569901
12.83975086002985 52.07985383450658
12.839684780904706 52.07976835524572
12.839006994215705 52.078891577517936
12.838858839247946 52.078699925810845
12.83837697293707 52.07806699897499
12.838281954288934 52.07794255915907
12.838059950725585 52.07765181536194
12.837519609527048 52.07693860942627
12.837425906302611 52.07681492887769
12.83688354621465 52.0761130529258
12.836220889348413 52.07525549919149
12.83555733958394 52.07439678994481
12.834881779062616 52.073522537405786
12.834183042760884 52.07261829275765
12.834140945244004 52.07256381375858
12.833478388603066 52.07168471105025
12.83278560595537 52.0707655034471
12.832109835719642 52.06986886849134
12.832048822165628 52.069787913630634
12.831440741012903 52.069005071387686
12.830768707544088 52.06813989708371
12.83009838602824 52.06727692674395
12.82942612595652 52.06641146071194
12.82925094282443 52.06618593036054
12.828760660792543 52.06555887120385
12.828091732389334 52.06470332755118
12.82745339225015 52.06388690556684
12.827394816891733 52.06381198906478
12.826689097010698 52.06289891494241
12.825953730087962 52.06194748290026
12.825194764163284 52.06096551800992
12.824420027684427 52.05996314886954
12.824344921656213 52.059865975227936
12.82365994488465 52.058979756427185
12.822878784277146 52.05796909556172
12.82224994658132 52.05715550915733
12.821907836688483 52.05671288944884
12.82160661462808 52.05632767915666
12.821146946128016 52.05573984360113
12.820961632993802 52.05550030461019
12.820214633118107 52.05453471953597
12.819481233245506 52.053586714063066
12.819342974260666 52.05340799808669
12.81875134163359 52.05264069286831
12.818010986272345 52.05168050489669
12.817269739002263 52.05071916018308
12.816635898063458 52.049897113802075
12.815855045307144 52.048884403604426
12.815752911919793 52.048751943903085
12.81509365513424 52.04789162155284
12.814330025542882 52.04689509391877
12.81357723697304 52.04591271369026
12.812842950065717 52.04495447791369
12.812116832594628 52.044006903155314
12.811441930990735 52.043126164501174
12.810772599610232 52.04225269492303
12.810289959839508 52.04162285569957
12.810120080455093 52.04140593888724
12.809650886274522 52.040806830841454
12.809442784020948 52.04051269817819
12.80933684429534 52.04036296249247
12.808761788977725 52.03964234332585
12.808098192159049 52.03881077013316
12.807759928876756 52.03838688220949
12.807456876504205 52.0379879036096
12.807410814700322 52.03792768586918
12.807339902386216 52.037834980439435
12.806713732019547 52.03702013452088
12.806476938869288 52.03671199165386
12.80604637970846 52.03614146524108
12.805419183735337 52.03531037882785
12.804759350658747 52.034436045559694
12.804670918092226 52.03431886511264
12.804601813955646 52.03423690872424
12.804133287993928 52.03361436679654
12.804062950701928 52.03352090791287
12.803893822518598 52.03329683169641
12.803763996148795 52.03313589915192
12.803642924211388 52.03294292911014
12.80346676994334 52.032717423843664
12.802726943511736 52.03177032924041
12.802053887411764 52.03090871120037
12.801391663512804 52.030060960087326
12.801329891413374 52.02998188205023
12.80074164339081 52.02920096891643
12.80003286586046 52.02826005001629
12.79979097395668 52.02793893280489
12.79939764836796 52.027411581562326
12.799338909968858 52.027332828059784
12.799073855558198 52.02697687656381
12.79882481989618 52.02703089327434
12.79790904833628 52.027237472365435
12.797184947070145 52.02740081460925
12.79790904833628 52.027237472365435
12.79882481989618 52.02703089327434
12.798757950933828 52.02693999618903
12.798676925868024 52.02680793464499
12.798838975999631 52.02668090224298
12.7986187555281 52.026401113102914
12.798436830902922 52.02616997866713
12.79794322362905 52.02553668790202
12.79722490367914 52.02461509412747
12.797188858625043 52.02456884886106
12.796519922704451 52.023690772808415
12.795889457708528 52.0228631954607
12.795232448599862 52.022000775089886
12.79455247469079 52.02110821006594
12.7938615826609 52.02020131341451
12.793168540607276 52.01929159454304
12.792516996649846 52.01843634798107
12.791768380342743 52.01745367978872
12.791093150849775 52.01656734250354
12.790456512149142 52.01573166126711
12.79033097156132 52.01556687091813
12.78980990848198 52.014879631712134
12.789628940588882 52.01464094999375
12.789172253586498 52.01403926516366
12.788490672272568 52.01314128222365
12.788189860914422 52.01274496345397
12.787851423731134 52.01230724981851
12.787144039115498 52.01139236248619
12.786463628453935 52.01051236159095
12.78582630862472 52.00968809170226
12.785030392714384 52.00865870349128
12.784381869086218 52.0078199433048
12.784358471851196 52.007789125678094
12.783732173353483 52.00696419772009
12.78299357613528 52.005991355701106
12.782284837621573 52.00505784202191
12.782202946741943 52.00494997959472
12.781788880716016 52.00437293211459
12.781683197162794 52.00422586981566
12.781668721852135 52.004205726923054
