3.675778837662105 43.480081573751185
3.6757538916711634 43.480079847874045
3.6746269913306904 43.48003682077013
3.6742165128304247 43.480021949202616
3.673968918784758 43.48001297891169
3.673564911042859 43.47999882280824
3.672650797628115 43.47996120554987
3.671138815681759 43.47989898502601
3.671089452256513 43.47989707297435
3.669533545448337 43.47983680620431
3.6681958362801934 43.47978499114033
3.6679823012023633 43.479777222679544
3.6671769693607903 43.47974792450103
3.666436566587219 43.47971257762692
3.666150838125143 43.47969893693251
3.6657889261645584 43.47968291818387
3.6648772023007496 43.479625919772
3.663756966525845 43.47955588578185
3.663302126312213 43.479497841829655
3.662714816541556 43.479422892915224
3.661991923942981 43.47932286886847
3.661770696817721 43.47928571236045
3.660932823887456 43.47914498625275
3.660258220302588 43.47900419097415
3.659379936591833 43.478820885989535
3.658761791749941 43.478657663784105
3.6576799003261304 43.47837198849854
3.657290697655082 43.47824752449375
3.6560659182682462 43.47785584951615
3.655839164558041 43.47776581884881
3.654425217181743 43.47720442284888
3.6541518640701143 43.47709589027828
3.653068161782687 43.47658207703078
3.6522728276015703 43.47620498708349
3.652024705927719 43.4760795556313
3.650986506986346 43.475554721186775
3.649979911371617 43.47504586298121
3.649651488060005 43.47488670354759
3.648287825533631 43.4742258498637
3.6478609662024897 43.47401898668749
3.646964372753757 43.47352776551233
3.6459720104844378 43.47298407499038
3.6446418200167736 43.472255296829395
3.6436363334076542 43.4717044158092
3.643096878597816 43.47140886198153
3.642646350012913 43.4711457297202
3.6416785042322983 43.47058045715502
3.641045919978155 43.470210994859286
3.640416447349938 43.469825976557814
3.639974898993408 43.46955590254566
3.6392006738684577 43.4690586594501
3.6386248537590697 43.468688841209314
3.6379881743780143 43.46829828611371
3.636740853682223 43.46753314832522
3.635502075868773 43.466773250954944
3.634300024087739 43.46603588225378
3.634076832996536 43.46589897124243
3.6330462950240574 43.4653049506977
3.6322048745797177 43.464819940883366
3.631807379445894 43.46461635447688
3.6313709683277673 43.464392836341105
3.630850917790478 43.4641449182662
3.6304882628256423 43.46398000210035
3.630177944083018 43.46383888566134
3.6296079746546144 43.463590967586434
3.6290666785052976 43.463385446069054
3.628593950612707 43.46320595882548
3.6279357345373984 43.46298113810791
3.627612895390679 43.46287086895565
3.626639849542972 43.46255794456358
3.626427628792881 43.46249948434224
3.62562694308818 43.46227892031399
3.6249031795468305 43.462106817738366
3.6247308244868552 43.46206583370415
3.6243089353511246 43.46196990747683
3.623344770079496 43.46176949533687
3.622403821849909 43.46157390910925
3.6217984439107527 43.461442918422286
3.620540990394525 43.461170832689945
3.620242872104805 43.46109660404446
3.6187469321877224 43.46072412909875
3.61874186140467 43.46072286652154
3.617606951689876 43.46038498268392
3.617278273464976 43.46027725937005
3.616428828606654 43.45999885633585
3.615825005176741 43.45977301173127
3.614388782802171 43.459235829737
3.614185831267815 43.459159920941886
3.612930304601288 43.45867758065529
3.612855902601538 43.45864899736603
3.6123459103482793 43.45844298880792
3.611862926450288 43.45821593235916
3.6115557895020434 43.458061130403316
3.611120848606248 43.45784191320483
3.610763965787678 43.45763981620162
3.610377839439612 43.457402887733345
3.610286100531997 43.457346258778024
3.6093669818945298 43.4567789015944
3.609344855735881 43.45676410597511
3.608426570697745 43.45615005470483
3.608294843322669 43.45606196946044
3.6073938818438473 43.455465922999366
3.607197676795821 43.45535231162045
3.6064819307584 43.45493786308776
3.60588302084304 43.45463119234796
3.60536881399234 43.45436789365935
3.604529542055772 43.45395696738622
3.6042739511491497 43.45383182437342
3.603517903466178 43.4534978520907
3.60318299986086 43.45336187899176
3.603121675890831 43.45333713717143
3.602773962976946 43.453196848627854
3.6020079947064305 43.452915365153515
3.6011469424027265 43.452598939521586
3.60087050709666 43.45251598604605
3.600246912246501 43.452328855968915
3.59969096154468 43.45218469063849
3.59960690735892 43.4521628942824
3.5991799890811738 43.45206287023566
3.5986249208142964 43.451932857601335
3.598484265516905 43.45189990670591
3.598112879651328 43.451812903251046
3.597261523752526 43.45165409330071
3.5967458843457525 43.45155790712441
3.596033299442149 43.45145889896812
3.5949039145165065 43.451301979675186
3.5948063903175633 43.45129067366753
3.5932113707539988 43.45110576260341
3.593065856242162 43.451088893065354
3.5916732515980927 43.450941141774805
3.5902343843874487 43.45078848216089
3.589738985666759 43.45073592180169
3.5887588196844393 43.45061503751876
3.5882468206043576 43.45055189245683
3.5872568246854133 43.45042187982251
3.5872452851417296 43.45042012181499
3.5857178018771183 43.45018741529451
3.585307939022212 43.45012497417908
3.584185757599593 43.44988486922235
3.5839899312851564 43.44984296969719
3.583066990593083 43.449596914267474
3.582681779689199 43.44947573143246
3.5820468198220468 43.449275980501085
3.5815049763360243 43.44907593240759
3.5812140582607555 43.44896986439174
3.580958848766062 43.44887681563668
3.5800988654814407 43.44850689430178
3.579831360864205 43.4483684908945
3.5793489645275987 43.44811890530852
3.578790916028416 43.447821999665095
3.578530795284061 43.44766512624586
3.5782948936140886 43.44752285884744
3.577655820049103 43.44710991040863
3.577316389215866 43.446861666093
3.5766768137367846 43.44639390959726
3.576451797892104 43.4462150255838
3.5762089172648395 43.44602193935265
3.575713826173108 43.44559688372009
3.5753869847785817 43.445309624833925
3.575127837996062 43.44508186232481
3.5745798734296477 43.44461886735124
3.5743278318865856 43.44440590838505
3.5735914040083117 43.443685689661784
3.572630144623735 43.4427455880889
3.5720598751021893 43.44218787049177
3.571671439892759 43.44181189349255
3.5707214307481236 43.44089235381446
3.5703408398555405 43.440523969542774
3.5698319651893966 43.44003185868335
3.5697728014316237 43.43997536694363
3.5691638343594336 43.43939390270547
3.568897848626178 43.439150827508065
3.568786187741648 43.4390437493907
3.5681898571891306 43.43847189333599
3.567803352751267 43.43808716037681
3.567742822343323 43.4380269073999
3.5675329022303126 43.43780786032545
3.566955854750183 43.43722895020013
3.566855277948425 43.437118401681275
3.5665199957755207 43.43674987785704
3.5662849299524337 43.4364879899432
3.5659939847736206 43.436149919841064
3.5659791998417214 43.43613056179209
3.565683854349342 43.43574386318946
3.5653509996537345 43.435333894982946
3.5651903701778274 43.43510958202075
3.5649929992480502 43.43483396101371
3.5644534164374058 43.43404601683573
3.5642848215464835 43.43379982040375
3.5639057816275934 43.4332311225924
3.5637729666480342 43.433031851791554
3.563403976635724 43.4324799500215
3.5633511701410674 43.43240365735217
3.5631409711347737 43.43209997040257
3.562779990496784 43.43160990845285
3.5627532015273338 43.43157526534814
3.562544924673697 43.4313059247577
3.5622958890116787 43.43100287238515
3.562102294571149 43.4307686417132
3.5620438731173545 43.43069795736741
3.5615539974321573 43.43017883815271
3.561365268240583 43.42999310034602
3.5610369271271733 43.42966996348657
3.5605765567213936 43.42926526756689
3.5603669336520194 43.429080995077214
3.5598019933656304 43.42864588116063
3.559720674306906 43.42858493307954
3.559158821981225 43.428163828585234
3.558824309227632 43.42795451027456
3.5584988867901015 43.42775088014642
3.5578423520234113 43.42737567511737
3.5576729899124726 43.42727888585505
3.5567951107429634 43.426807683064276
3.556139846655872 43.42645596920973
3.5557682126256345 43.42627640962844
3.554712060914306 43.42576611685753
3.554214989115633 43.42552595046593
3.553659447354585 43.425269762492825
3.552850974042363 43.424896935184975
3.5525917773792677 43.42480052011662
3.5517728750058906 43.424495907675386
3.5510968637923637 43.42430252778138
3.550695893556533 43.42418782616082
3.5495782945473247 43.42388749688192
3.5493158597346213 43.423816973503314
3.548629847510826 43.423665912978336
3.548014273392183 43.42355606883932
3.5472958210251293 43.42342786692294
3.5464489416472604 43.4232950265398
3.546396908456018 43.42328686468199
3.544870863427914 43.42304783878915
3.543875818190183 43.42289198390153
3.543258771040719 43.422792433257314
3.542040413844183 43.42259587089754
3.541395892383066 43.422491887714536
3.540452908702035 43.42233617706707
3.5404088766964272 43.42232890626033
3.539049453519447 43.42207401441465
3.538888958220682 43.42204392154613
3.5378589154301343 43.42181686509736
3.537675975725016 43.42177424237202
3.5366189525265757 43.42152796882826
3.5362511496599325 43.421439834004794
3.534823800084572 43.42109780512395
3.534531858590212 43.42102784859451
3.533390949427788 43.42071117601247
3.533382979036487 43.42070896373784
3.5319400191885815 43.4203564110547
3.531634886524861 43.42028185919557
3.5308508991640264 43.42007994845688
3.530527083859371 43.41998989893795
3.530152966011009 43.419885860828
3.5292778953003414 43.41963384493367
3.5291292001676187 43.41958858662096
3.528173905495716 43.41929782374124
3.5277278998990576 43.41913843157719
3.527264934642574 43.41897297841995
3.5263478082767103 43.4186427848117
3.526292820117462 43.41862298738859
3.525305990695342 43.4182258714339
3.524987621467208 43.41808818322871
3.5237059784763898 43.41753389874549
3.523607106359004 43.417487512763216
3.5222520823000103 43.41685180146626
3.5217768368522115 43.41662883944725
3.520899612066741 43.41623255123459
3.5199218285066296 43.41579083537588
3.5195700568801556 43.41562762323284
3.519391905949829 43.41554496621068
3.5182506782456535 43.415016403986456
3.517642882115607 43.41473490181718
3.5169583529376327 43.414429381792864
3.5159668739728676 43.413986863508526
3.515661038646639 43.41384566627028
3.514831964258074 43.41346290141634
3.5143607117698177 43.41326251462143
3.5132988210014737 43.412810975599534
3.513020838619779 43.41270136247107
3.511658855939728 43.41216430979329
3.5112798998790957 43.41201488104496
3.5104158187750536 43.4117088484401
3.5102337560423207 43.411642343339395
3.5093179756995583 43.41130782093051
3.508739695087662 43.411129062827754
3.508153822455268 43.41094795787963
3.5075854776131328 43.410764160716425
3.506854999963678 43.41052793138909
3.506423820151917 43.41040514881884
3.5055729412788064 43.41016285293168
3.5052536896947077 43.41006671926611
3.5041030781047495 43.40972024483873
3.504028994680099 43.40969793669204
3.5029115419982775 43.40941996146108
3.502416875267406 43.40929690918245
3.5013729024976405 43.40905217843129
3.501008901767632 43.408966848454625
3.4998703824427757 43.40871893820641
3.499759998167157 43.40869490225676
3.4984399415203917 43.40844381768503
3.498388869246999 43.408434892641665
3.496940882592914 43.40818185233581
3.4955023426653753 43.40793046287568
3.4940370150039683 43.40767439217324
3.494005914643539 43.40766895728564
3.4925201975529907 43.4074128044211
3.4921898355824466 43.40735584662905
3.4910349955641107 43.40714387760633
3.4909440063826724 43.40712540118993
3.4897939150734376 43.406891861712005
3.4893911158878352 43.40680344237858
3.488846946258402 43.406683990508704
3.4880519692909413 43.40648394241521
3.4878728734849456 43.406433842837906
3.487232964200518 43.40625483705673
3.4863904105930805 43.40600343742107
3.4860499982398 43.40590186579306
3.484977752759795 43.405527781654634
3.484811897981433 43.4054699183733
3.4835977296630687 43.40502189192935
3.4835898164717065 43.405018971972595
3.482439819330867 43.40452891002288
3.482281894831862 43.4044549899604
3.4815209764582136 43.404098825248305
3.4810253413388823 43.40385373585319
3.48069191308376 43.40368885704179
3.4797896138181637 43.40320409662472
3.4794618221997133 43.403027990528074
3.4786007310947897 43.40252445385054
3.478204909224918 43.40229299073576
3.477447116448602 43.40181535265659
3.4773529353146166 43.401755990127235
3.476286216725009 43.401121120189856
3.475381884173644 43.40058289618603
3.4751441139614276 43.40043333403963
3.4740096186781604 43.39971971416245
3.4737079249406144 43.39952994285964
3.4730729491950485 43.39912295488543
3.472848627863535 43.39898951744717
3.4718288884720705 43.3983829259511
3.4717150943945017 43.39830978091124
3.4705874542939164 43.397584951624296
3.4700038687140613 43.39720983200989
3.46944161435528 43.39686423063495
3.4689399257810396 43.39655585728338
3.468278331064951 43.396148291985135
3.4672648489608955 43.39552395184764
3.467108814942431 43.395431425651026
3.46605897246433 43.394808882358866
3.465951619918165 43.39473634902805
3.4648189472707145 43.39397105260258
3.4645669936664474 43.39380081878157
3.463653707286437 43.39319875372376
3.463556881179442 43.39313492312584
3.4628129406902106 43.39264299853093
3.462497000517218 43.39240809712332
3.4622828318688907 43.39224886280854
3.461376968516416 43.39154651941632
3.461098934585577 43.39133095125849
3.4609048469566894 43.3911739302689
3.460317114164093 43.390696564406014
3.4592893219046776 43.389861775289326
3.4582532564133173 43.389020266522905
3.457223620782371 43.388183980190725
3.45635794378127 43.38748086364897
3.4561954268995976 43.38735491651565
3.455699871235338 43.38697087139571
3.455165311171046 43.3865426836991
3.454126549676985 43.38571062586091
3.4537809741597094 43.38543381658421
3.4531269994331972 43.38491786386634
3.4530950224006527 43.38489241785005
3.452195863102284 43.384176903609415
3.45208475173216 43.38408630591892
3.451410944418854 43.38353689872184
3.4512028869510343 43.38336981944821
3.4510745968748844 43.38327574806341
3.4508048396737467 43.383077942946805
3.4501259055016766 43.38256292155153
3.449992886513616 43.38247099219853
3.4496989872239303 43.3822678785533
3.4488589342428506 43.381754906067734
3.4488145084078803 43.38172771271764
3.4476127396905425 43.38099210206492
3.447538877596085 43.380946890583935
3.4469908873809327 43.38063396619187
3.4463758419389094 43.380322904444995
3.446355962589775 43.38031285896489
3.445150966461397 43.37970394744807
3.445044056154698 43.3796579967111
3.444159852955338 43.37927796049292
3.4436938867462237 43.379088868671744
3.443543876190719 43.37902799350831
3.442427965456873 43.37861690771469
3.442278152575667 43.37856846743858
3.4409929836018307 43.37815292279764
3.440819650703518 43.37810643913196
3.439478839326177 43.37774686614603
3.4393405875059653 43.37771408241982
3.4389179968592076 43.37761387327941
3.438237945100023 43.37745796987693
3.4378482329192557 43.37738341226488
3.437761852989238 43.3773668865271
3.437316867053141 43.37729089060331
3.4365038224273285 43.37714597680746
3.4363161672987177 43.377118798609466
3.435640858910401 43.37702099331515
3.434754457239149 43.37690891141256
3.4347069286117016 43.37690290161005
3.4337949775262544 43.37680585779561
3.4331539685700005 43.37676005236394
3.4329009078346395 43.37674196906556
3.4317738212296476 43.37668683476791
3.431548556020094 43.37667998093082
3.430622892766213 43.37665181703832
3.429940274510858 43.376647083876136
3.429037967973306 43.3766408274317
3.4283748566666485 43.37664788273393
3.427619936189501 43.37665591485774
3.426804807141638 43.37667308937577
3.4260109832736325 43.37668981500022
3.425255912953616 43.376712837899674
3.4242699688137317 43.37674290038816
3.4237064522709706 43.376761740632624
3.4234008585676743 43.37677195765313
3.4221568795369213 43.37680978489962
3.42120181965534 43.37683882661548
3.4206142861147444 43.37685602831316
3.4203429539578325 43.376863972325566
3.4192918632766274 43.37689284332602
3.419087472417975 43.37689405691438
3.417942935629404 43.376900852700345
3.4175757429941296 43.37689511091761
3.416727932171403 43.3768818537194
3.4161180246303524 43.37686149069995
3.4159189853650105 43.37685484536413
3.415548877765586 43.376900852700345
3.415307851477888 43.37688986309371
3.414956929123929 43.37688893177112
3.414678836196933 43.37690290161005
3.4146170753842315 43.37691739109144
3.414439858818945 43.376958967230294
3.414189891834331 43.377087862277506
3.4140308219350315 43.377260902015735
3.414004931166878 43.37748292932249
3.4141068178588188 43.37769396702261
3.4142768773647445 43.37784186105077
3.414334793992722 43.37786956690819
3.4144189971928074 43.37790984760024
3.41465499433849 43.37794281642011
3.414889873897058 43.37790891627764
3.4150919709002667 43.37781895051492
3.4152529034447574 43.37767589936426
3.4154298547378894 43.37744996050261
3.415501985841422 43.377333717119065
3.415661940328671 43.37707594134828
3.415811489564329 43.3768400238341
3.415971884488431 43.37658699698568
3.4160359594829965 43.37647896356461
3.4160713115800743 43.376391192840835
3.4160899761935317 43.37634485311087
3.416469955812468 43.375727945023655
3.4166386369551356 43.375442165372455
3.4166819248351885 43.375368827030854
3.416828887540748 43.37509092036838
3.4171757084932923 43.37456795327911
3.417253943173303 43.37444998415821
3.4176218155984985 43.37386790753606
3.41770370935059 43.37372416245015
3.41790493766751 43.37337095379913
3.418070899354016 43.37310291915617
3.4182354936055006 43.37289528987475
3.4183309246226607 43.372774907338055
3.4183279443903554 43.37269295094966
3.418490925844556 43.372258954620186
3.4185358155936556 43.37213993159249
3.4185248259870296 43.37200693872587
3.418501364706677 43.37194671827346
3.4184788186508155 43.37188884702076
3.418406920546448 43.37179198947083
3.4178648907959066 43.371181973170835
3.4177835274025585 43.37111124780736
3.417475970480054 43.37084390306869
3.4168238394264083 43.37035903207569
3.416613938285722 43.370202966858514
3.4158437814462492 43.36973842196264
3.4150569531706783 43.36926382115328
3.414862627618199 43.369139853020144
3.413893037443866 43.36852131221435
3.4128963864760244 43.36788550823337
3.4126729535908913 43.367742971354936
3.4118771169334017 43.3672107466603
3.411842958893842 43.36718790308806
3.4113288688211636 43.366770856829824
3.4109598788088533 43.36639795526261
3.4109426951800605 43.36637544175984
3.410514892872756 43.36581494731787
3.41038611273794 43.36555418430342
3.4101928415192555 43.36516283523655
3.41003488920707 43.36468990962259
3.4100318158838565 43.3646757910816
3.409918846411679 43.364156820568965
3.4098613863592364 43.36375399077706
3.4097959118290824 43.36329497463915
3.4097625570797043 43.36280814691074
3.409754933634883 43.36269687926837
3.409767972151219 43.36190898035263
3.4097710588574617 43.36185555146616
3.409793862919372 43.36146082791971
3.409840987842701 43.36101193042871
3.409863292315819 43.360862068482305
3.409909905714763 43.360548876834265
3.410002851709787 43.36008694082693
3.4100624334727576 43.35986228524934
3.410122992324598 43.359633945516514
3.41030199252744 43.35903789905544
3.410371426648227 43.358843269048904
3.4104949625692136 43.35849698689201
3.410726861895476 43.357962966515785
3.410782358553812 43.35785017413162
3.4110658633202133 43.35727397405969
3.411256970716796 43.35694298200927
3.41129595821835 43.35687834888293
3.4114458429391497 43.35662987135269
3.4116749482976263 43.35628695837305
3.411924907232434 43.35593077150955
3.41192696419195 43.35592784038025
3.4121899696929 43.355578966936
3.412592859847684 43.355083875844265
3.412642241872053 43.355028148822605
3.412879893471596 43.35475996184557
3.4131699073278137 43.354454860563315
3.4134518775096887 43.354176861792446
3.4135269764109024 43.35410282062224
3.413991892650542 43.353666961647576
3.414325273589657 43.35338517537761
3.414476925458243 43.353256993441065
3.4149209800717455 43.352906816145186
3.4151068720617936 43.35276395125904
3.4152685162941054 43.35264675198722
3.4155248496426234 43.35246089888649
3.416301242427189 43.35195929039137
3.416917921980871 43.35156086873027
3.417341783244014 43.351287793856905
3.4183880700510763 43.3506137180161
3.419430119675443 43.349942372002786
3.419981973319843 43.34958683735699
3.420472599981305 43.34927867140397
3.4213908781422124 43.34870189462681
3.421517706076562 43.34862372466281
3.421807924400447 43.34844484959047
3.4225279263544217 43.34795413107335
3.4226338212780765 43.34788195821379
3.4230069091098065 43.34759082677046
3.423324862643887 43.347299881591645
3.423361471169983 43.34726345399731
3.423550987770058 43.34707487405259
3.4238888716076805 43.34667887568501
3.4241310310208255 43.34633473019857
3.4241829832833184 43.346260898104184
3.424319887704846 43.34603793947483
3.424442822287444 43.3458278330973
3.424533905637277 43.34558997330643
3.4246595263844704 43.34529436363325
3.4247089942852185 43.34517795619021
3.424857819635968 43.34470391298914
3.424916018213441 43.344403822061125
3.42493288423716 43.344316855318475
3.424959892592428 43.34400896006843
3.424964921734443 43.34376495354842
3.4249544547221946 43.34347542534522
3.424953932127817 43.343460969853275
3.4249168654885187 43.343112841467104
3.424844091736589 43.342562117151786
3.4248259684032045 43.34242496659812
3.4247268756790508 43.34172796476769
3.4247144698869283 43.34164331215344
3.4245523074182156 43.34053677443512
3.4245219847080555 43.34032986328743
3.4244228767472698 43.33963633539632
3.4242942745294824 43.338736415509096
3.42416568879566 43.33783661097173
3.4241168593790423 43.337494917306934
3.4240559508813013 43.33696182825331
3.424051813363604 43.33692320051892
3.4240088259579724 43.336521871459226
3.4239758571380943 43.33606384700679
3.4239738910418556 43.33600900206636
3.4239598383894525 43.33561699842551
3.4239598383894525 43.335318975194966
3.423962998728975 43.33491100409301
3.4239639362088727 43.33478998396076
3.4239808862801095 43.33450499924656
3.4240108748676823 43.3341179415759
3.4240449519143135 43.33380853104951
3.4240669404879274 43.33360888064524
3.424138838592295 43.33308193832074
3.4242108791850927 43.33270555733495
3.4242358824067387 43.332574926299785
3.42434987629242 43.33204984662048
3.4244704495054887 43.331604343522336
3.4247674622596707 43.33050691815887
3.4249969592317258 43.329658955253485
3.4250630511480313 43.32941471619364
3.425302034609385 43.3285315658905
3.4255460068948618 43.32762997966083
3.4257968991566132 43.32670282103752
3.4260468985978534 43.32577896178355
3.4260929396620305 43.325608819550474
3.426298946764799 43.32487042748526
3.426548710524586 43.32397519826292
3.4267971830982207 43.32308459704418
3.427046218643986 43.32219197796222
3.4272941733491455 43.32130323294147
3.427541077760924 43.32041825249141
3.4277918126781772 43.31951954234557
3.4280435007114325 43.318617415942306
3.428289430480716 43.317735928907155
3.428475821654703 43.31706784629228
3.4285298383652383 43.31687599383763
3.428586672045858 43.3166772258333
3.428875594270367 43.31566675997322
3.428882995893426 43.31564087381156
3.428931983461946 43.31546988298304
3.429151885060706 43.31466994585575
3.429272847531874 43.31422992007949
3.429371940256028 43.313863910299474
3.4294315573354144 43.31367409500074
3.4295339903876334 43.313347957581605
3.429540882174839 43.31327587321272
3.429695854254719 43.31275191112053
3.429722561208308 43.31270255132055
3.429933900310112 43.31231195432645
3.4302244062184615 43.311843257494345
3.4303988165497517 43.31156186710809
3.4306579104958006 43.31110998938478
3.43072338003647 43.31094389645417
3.4308948389640785 43.310508913781696
3.4309699035652703 43.310293964526664
3.4310019410625534 43.31009689666547
3.4310179263036957 43.30995540638562
3.431115934948234 43.30908790176558
3.4311541269414936 43.30893947977798
3.4311699516587693 43.30887798165257
3.431248927814862 43.308711833701544
3.4313208259192294 43.30860082004817
3.4314608968375824 43.30845683757491
3.431604879310836 43.30834191236664
3.4317669294424413 43.30824188831989
3.431934940038657 43.30816086325409
3.43208969382511 43.30810447595489
3.4320969901702627 43.30810181740154
3.4322998322315477 43.308049849600714
3.432551848125871 43.30802190992285
3.4327679149680117 43.30801799836795
3.4329389057965334 43.30803196820688
3.433130944515711 43.30805990788475
3.4334399573528755 43.30813497248594
3.433504296976099 43.30815323521061
3.4337109722281465 43.30821189973232
3.4342518843915735 43.308363891579894
3.4345189877119435 43.30838885102545
3.43471681246665 43.30836654725409
3.4347849734451987 43.30835886243788
3.4350198530037668 43.308281935191495
3.4352929167887476 43.30816496107351
3.435606958767927 43.30806493702676
3.435882816520694 43.3079589525154
3.436006008853273 43.3079149507893
3.436249943887814 43.307827822293966
3.4365988173320625 43.30773487629894
3.436893860330295 43.30765087100083
3.4373176977922832 43.307544051649025
3.437329905569477 43.30754097493457
3.4378968947655757 43.307421951906875
3.438796892660987 43.30725837911394
3.4393439838143585 43.30715894640592
3.440045617063429 43.30703238996028
3.4400709742323525 43.30702781618449
3.440790886598622 43.30688886285325
3.4413180000591796 43.3067959633751
3.4427454696225803 43.306544383426136
3.442946898407047 43.306508883234315
3.444111982973933 43.306295982889
3.4441548748265536 43.30628805095217
3.4455899910528354 43.30602265669761
3.4469987610757866 43.30576213461358
3.4482818867627207 43.30552484777998
3.4484206953437377 43.3054992648645
3.449823220724729 43.30524077444547
3.450652847826172 43.3050878712182
3.451217344895775 43.30499055640664
3.451243865145233 43.30498598452626
3.4526004003426465 43.30473737760002
3.45304485678028 43.30465592379844
3.4538208347667942 43.30450691218317
3.454005637622539 43.30447323020233
3.454473878170711 43.30438788915548
3.45504291627652 43.30427091503749
3.455364234567915 43.304198701562434
3.4554208469857466 43.30418597841678
3.455699871235338 43.3041148253705
3.4560818997639844 43.30400399798164
3.4562839967671932 43.30393582516765
3.456576990855716 43.303832820888594
3.4565889041704403 43.303828104506294
3.4569759694555993 43.303674868576415
3.457430827411208 43.30347184025061
3.457751302035995 43.30331928508344
3.4578698528826948 43.30326285146019
3.4588783665338654 43.302735896259925
3.4590408979141913 43.30265097251499
3.459463904637037 43.30242782762113
3.460016923994204 43.30213986267462
3.460033640813013 43.302131157492866
3.4606679184884115 43.30180086124988
3.4611602823368277 43.3015438872314
3.4622082338125093 43.3009969415067
3.463243763448751 43.3004564789753
3.4640458255420437 43.300037867576734
3.4643047785669316 43.299904337951176
3.465342971652962 43.29936899168869
3.465364866376525 43.299357700379275
3.465757969001486 43.29915497375626
3.466291989377707 43.298878929738976
3.4664476795571075 43.29879849476178
3.467170971643276 43.29842481684144
3.467464572469259 43.298286070485226
3.4675749793851742 43.29823389570938
3.467763851607528 43.29813294034003
3.468157987329915 43.29790998171069
3.468552589744155 43.29767896195091
3.469590921195351 43.297071071391265
3.4702778638216376 43.296668901220016
3.470371927403776 43.296635932400136
3.470451834882464 43.296613953186885
3.47051795878674 43.29658396459931
3.47056489744555 43.296542986405115
3.470590373921819 43.29652390063814
3.47061984547868 43.29650182194639
3.470618914156085 43.29647798008795
3.470644991188757 43.29640887595137
3.470693978757277 43.29636193729256
3.470735888274071 43.29633995807931
3.470802943500942 43.29632095909836
3.470864969585798 43.29631686127894
3.4709439457418907 43.29633083111787
3.4709869728458 43.29634796745363
3.47104396978864 43.29638987697042
3.4710648314147776 43.296415954003095
3.471066481119606 43.29641965624765
3.4710808501634194 43.29645190305528
3.4710858793054347 43.2965008906238
3.4710499302532507 43.2965789354573
3.471030564279522 43.29662536073678
3.470981943703784 43.29674191691149
3.4709789634714787 43.2969009868108
3.470908928012302 43.29725190916476
3.4708742132549673 43.29741308482381
3.4708098352881485 43.2977119825269
3.4706988216347727 43.29822085719304
3.4706688330472 43.298340997807856
3.4706659858208972 43.29835234740225
3.4704799608248464 43.299093878994
3.4704548151147696 43.29926691873223
3.47045504742234 43.29929808666463
3.470455932701884 43.299416861670096
3.4704998911283886 43.29956382437565
3.470571975497275 43.299701846384295
3.4706768424215206 43.29983092769603
3.470802943500942 43.299947901814015
3.470956984258226 43.30004792586076
3.47112560839005 43.30012874788473
3.471127975086748 43.30012988224916
3.471317964896216 43.300187996779115
