2.390973533043451 51.01524423709876
2.3900328738249734 51.01507382873611
2.3895169098363818 51.01497972676784
2.38873889421088 51.01483783159043
2.3877810930076224 51.014665164307345
2.3872469154129976 51.01456886562487
2.386164552849703 51.014371331911526
2.3858609211264756 51.014315918407945
2.3847178157728424 51.01411195875954
2.384538901360839 51.014080446905325
2.3844618883236173 51.01406688274593
2.3839379262314275 51.0139709565186
2.3830187761902386 51.01380352340808
2.3823069941023065 51.01367386461065
2.381510937985851 51.01353452692274
2.3813758577713933 51.01351088315646
2.380719834135171 51.01340098709019
2.380390890994464 51.01335088193456
2.3800399686405056 51.01330599218546
2.379878479148382 51.01328868467327
2.3794038753078253 51.01323781937147
2.3788048486144433 51.013186969157765
2.3782443540323452 51.01314626734109
2.3781559030299464 51.01313984423443
2.3775248388392813 51.01310687541456
2.376863972325563 51.01307688682698
2.376719169249655 51.01306992137797
2.3751970464940695 51.01299670284742
2.3751408392594944 51.01299399911599
2.3744129175189044 51.01296084403159
2.373566406510699 51.012919385995154
2.3718229093810077 51.01283399789409
2.3717853721674556 51.01283227585405
2.370535821554121 51.012774952041546
2.37000457013329 51.012747715578634
2.3698309966138975 51.01273881672484
2.369151876177308 51.012700818762944
2.3685666501915463 51.01267621595236
2.3681328229933865 51.01265797792356
2.367472887802263 51.01263488112319
2.3671290652236117 51.01262201131882
2.366860822592545 51.01261197058734
2.365879953635036 51.01258682487727
2.3656243113291966 51.01258207334554
2.3649178973939544 51.01256894348343
2.3640991019059654 51.01256747706364
2.3637738607177257 51.01256689457372
2.362554 51.01256689457372
2.3623709163599664 51.01256689457372
2.361390978725053 51.012569874806026
2.361031276211784 51.01256862148717
2.360802941638297 51.01256782589632
2.3591949200450237 51.01261588214224
2.359013979071548 51.0126160993583
2.35826396997863 51.01261699972936
2.3581099292213454 51.012621842606855
2.3579508593220457 51.012633949800595
2.357606828755293 51.0126779082271
2.357538944869934 51.01268962891972
2.3572648470982505 51.01273695407965
2.356938884189849 51.01281499891315
2.356720954702518 51.01288689701752
2.3565328275382407 51.01295991270899
2.3563599740645285 51.01304186909739
2.3561933045678063 51.013134740549575
2.3561858167391825 51.013138912911835
2.355265856279414 51.01370087296592
2.3550656300560395 51.01383636851982
2.355061896631015 51.01383889497456
2.354953863209945 51.01392886073728
2.3549128850157457 51.013971887841194
2.354873955731257 51.0140188265
2.354824968162737 51.01408290149457
2.3547919993428588 51.01414697648914
2.3547698338650873 51.01419894428996
2.354753815116446 51.01424588294877
2.3547329534903083 51.01432783933716
2.354718983651377 51.0144179913644
2.3547029649027356 51.014490820791366
2.3546908577089947 51.014529936340374
2.354673907637758 51.01456681671515
2.3546519284245058 51.01460593226416
2.354625851391834 51.01464486154865
2.354556275830818 51.01472710142527
2.3545429636808404 51.01474283668569
2.354487829383191 51.01479592207363
2.354451880331007 51.01483298871293
2.3544308324403502 51.0148599970682
2.354416862601419 51.01489296588807
2.3544008438527775 51.01496095243754
2.3544118334594035 51.015100837091374
2.3543518562842576 51.015228987080505
2.354290947786516 51.01528691534594
2.354272880128165 51.01535788212772
2.354266919663554 51.01539699767672
2.3542659883409587 51.015448965477546
2.3542879675542108 51.01551285420759
2.3543369551227307 51.01560188864771
2.3543725158033464 51.015655961547054
2.3544138823691134 51.0157188627657
2.3544939761123205 51.01582484727707
2.354585990784749 51.01593288069814
2.3548109983238055 51.01618396526986
2.3549229432997767 51.01631192899448
2.3550434350344567 51.01645319071768
2.3550969143606033 51.01651588864287
2.355237916601552 51.01663882322547
2.355369978145584 51.016737915949626
2.3554878835861657 51.01681093164111
2.355658874414687 51.016918965062175
2.3560148259106612 51.01710597463934
2.3561227189128244 51.01715663936422
2.356559835893508 51.01736190208857
2.3568518986594356 51.01751985440075
2.357265724705413 51.01773090186779
2.357457817140024 51.01782886723792
2.357837983023479 51.01804381649294
2.358149976092949 51.01821983646348
2.358315937779455 51.01832582097484
2.3583570261432083 51.01835966329448
2.3585018297695033 51.01847893040953
2.358642832010452 51.01861788374077
2.358653821617078 51.01863595139912
2.35878998098053 51.01878794324669
2.3589179447051425 51.01894887579118
2.359004930235556 51.01910589678077
2.35905093757177 51.01925285948633
2.359060808465325 51.0192812537931
2.3591399720118935 51.019508973200075
2.359328844234247 51.02015586987486
2.359333654010115 51.02017392866524
2.35941992758408 51.02049785153191
2.35931599198243 51.020528957706595
2.3593059336983995 51.020532869261494
2.3592548972201697 51.02054590777783
2.359179832618978 51.02055298582955
2.3591019740499997 51.02055391715215
2.3588149404260874 51.02053082035178
2.3581628283447658 51.02047698990577
2.3578379266424507 51.02045182793108
2.3575038244762383 51.020425953427534
2.3571579312642945 51.020397827485155
2.3568518986594356 51.02038199500103
2.3566769962760135 51.02037789718161
2.356330924610001 51.02038907652526
2.3552239467626204 51.02042483584042
2.3550238986691214 51.020431913892146
2.354894932824913 51.02043591059722
2.354440890724381 51.0204499815505
2.354037814305078 51.02046488271203
2.3534370023926434 51.020481928091414
2.3532959227255565 51.02048593060268
2.3519952030955253 51.020460796678
2.3517439667525286 51.02045594201511
2.3512889225324 51.02044197217618
2.350789919885768 51.02042986498244
2.35050195493926 51.02040285662717
2.3503348756656397 51.02038087741392
2.350203517194675 51.02036441645264
2.3498889584069467 51.02032499805819
2.349758945772624 51.020308979309554
2.3496619019581804 51.02029687211581
2.348975889734385 51.020210817907994
2.3487678322665655 51.02018492713984
2.348483781509399 51.02013284000218
2.348451927642195 51.0201269988744
2.3482418212646654 51.020091981144816
2.348052949042312 51.020054914505515
2.3479018885173324 51.02002585724054
2.3477558571343686 51.01998990818836
2.347458951490945 51.01991987272918
2.346994361971108 51.019808767263896
2.34698695719958 51.01980699643061
2.346585929689987 51.019716844403376
2.3458019423291523 51.01954790248456
2.345697820462983 51.019526854593906
2.34556594518347 51.01949891491604
2.3454086285254103 51.0194646810279
2.345381915838612 51.01945886804444
2.3451628687641666 51.01941192938563
2.344611898316709 51.01929383768053
2.3443509417254687 51.01924093855711
2.3439546792516177 51.01915437690219
2.3430139350074666 51.01894887579118
2.342749998183921 51.01889597666776
2.3424342553164004 51.01882842160496
2.3413379268647265 51.0185938556178
2.341075740829096 51.01853691556513
2.3409648390329965 51.018512830552
2.340680971905909 51.01845192205426
2.339714452028088 51.01825020835317
2.3394778893771297 51.01820083748253
2.3394059912727623 51.01835096668491
2.3390535478508996 51.01908818485072
2.338995836801734 51.01920890105983
2.338965848214161 51.019268878234975
2.338789828243624 51.019612908801726
2.338792994740449 51.01969393386753
2.3388028667599605 51.01978799744967
2.3388248459732126 51.019908883122554
2.338872902219137 51.020013936311315
2.338934928303993 51.02009291246741
2.3389688284464665 51.020144880268234
2.338984847195108 51.0201679770686
2.3389999346211536 51.020189956281854
2.3390139044600855 51.02020690635309
2.3390248940667115 51.02022087619202
2.339034952350742 51.02023186579865
2.3390489221896735 51.020244904314985
2.3390619607060095 51.020252913689305
2.3390818910095517 51.02026688352824
2.3391129971842393 51.0202948232061
2.3391349763974914 51.020327978290496
2.339144848417003 51.02035889820067
2.339144848417003 51.02039987639486
2.339127898345766 51.02044197217618
2.3391139285068347 51.02046097115713
2.3390979097581934 51.02047792122836
2.339090831706468 51.020483881692975
2.3390789107772463 51.02049282238989
2.3390669898480247 51.02050697849334
2.3390599117962996 51.02055391715215
2.3390418441379484 51.02062898175334
2.3389539272849396 51.02086088107961
2.3389399580508674 51.02090052350062
2.3388919012000837 51.02103690105014
2.338854834560786 51.02113990532919
2.3388378844895485 51.02118796157512
2.3388209344183117 51.021231920001625
2.338807895901976 51.02125892835689
2.3387959749727543 51.02128183889274
2.3387779073144026 51.02131182748031
2.3387598396560514 51.02133883583558
2.338672854125638 51.02149194527027
2.338508941348842 51.02177991021678
2.338507377892912 51.02178247980839
2.3384498954962916 51.02187695403122
2.338426984960444 51.02191588331571
2.3382928745067018 51.021885894728136
2.338142931568837 51.02185199458566
2.3380229772185457 51.02182498623039
2.3378748969258716 51.0217908998234
2.3372479305546268 51.02165194649216
2.336990350190419 51.021593292473966
2.336263895100293 51.0214278702757
2.335539884914604 51.02126693773121
2.335466756365093 51.021250602390985
2.335002884306078 51.02114698338092
2.334819972548335 51.021107867831915
2.3346519619521193 51.021070987457136
2.334499970104545 51.021037832372734
2.3340339362777907 51.02093687700339
2.3339799195672555 51.02092495607417
2.3339288556985984 51.02091368005276
2.3336399868199225 51.02084989147298
2.333577960735067 51.020835921634045
2.3335269242568373 51.02082493202742
2.3332428708652304 51.02076290594256
2.332957886151028 51.02071391837404
2.3326458930815583 51.02065599010861
2.332531917880461 51.02063447135319
2.3325028419309 51.02062898175334
2.3324508741300747 51.02062395261133
2.3323979750066544 51.020625815256516
2.3322869613532786 51.02063997135997
2.3321999758228653 51.02066697971524
2.332121930989368 51.02070982055462
2.3320248871749243 51.02078898297523
2.3318859338436857 51.02099797176565
2.3318278193137307 51.02109296667039
2.331754989886768 51.02121087211097
2.331722952389485 51.02127494710553
2.3317039534085384 51.021325983583765
2.331698070668308 51.021343727927665
2.331646956465698 51.02149790573488
2.331635966859072 51.02154894221311
2.3315968513100636 51.021673925705414
2.3315799012388267 51.021785870681384
2.331571891864506 51.02189781565736
2.3315929397551627 51.02204086680802
2.3315989002197735 51.0220689927504
2.3316139876458193 51.022132881480445
2.331642858646278 51.02222489615287
2.3316570241735186 51.02226390474045
2.331679925285576 51.022326969109336
2.331722952389485 51.022416934872055
2.3317758515129055 51.02252794852543
2.331793919171257 51.02255681952589
2.331868983772449 51.02267397990839
2.3319678902320837 51.0228028749556
2.3320248871749243 51.02288986048601
2.3321831470005048 51.02311518230523
2.3322068676100716 51.02314895443206
2.3323858678129135 51.02342891000425
2.3325188606795413 51.02363883011726
2.3326848223660472 51.023908913669935
2.3327544458450373 51.02402880342748
2.33276789634156 51.02405196482059
2.3328148350003697 51.02412796074438
2.332933858028066 51.02431199008924
2.3330018445775327 51.024417974600595
2.333263918755887 51.024842843968635
2.3332957666641927 51.02489000134554
2.3334328606746984 51.02509299721777
2.3334829658303327 51.025082938933735
2.3341199904856085 51.02495385762201
2.3341378718794408 51.02494994606711
2.3341849968027697 51.02493988778308
2.33423789592619 51.024928898176455
2.3342619240491524 51.02492386903444
2.3342948928690306 51.024917908569826
2.334810856510809 51.02481363427297
2.334987983144551 51.02477783765147
2.335153944831057 51.024743937509
2.335217833561104 51.024730898992665
2.335353992924556 51.02469997908249
2.3354968578106954 51.0246658926755
2.335606940141475 51.024633855178216
2.3357349038660877 51.02458896542912
2.3358418197000432 51.02454482073809
2.336004987418763 51.02447292263373
2.336153279101571 51.024407116570615
2.3362169564414836 51.02437885905159
2.336625993325397 51.02420395666817
2.33685789265166 51.02410598153113
2.3369499073240885 51.02407394403384
2.337068930351785 51.02404283785915
2.3371978253989925 51.024013966858696
2.337325975388124 51.02399291896804
2.337463997396767 51.02397391998709
2.3374661040947378 51.02397375955719
2.337556943391791 51.02396684193537
2.337656967438541 51.02396795952249
2.3377359435946334 51.02397093975479
2.3378268406799476 51.0239769002194
2.3379149437974753 51.02398695850343
2.337987959488957 51.02399683052295
2.3381118253941495 51.02400595748438
2.338191919137357 51.02401489818129
2.3382679150611443 51.02402290755562
2.338330872468595 51.02402681911052
2.33838693808884 51.02402793669763
2.3384329454250548 51.024024956465325
2.3384569735480167 51.02402197623302
2.3384739236192535 51.0240178784136
2.3384819329935747 51.024013966858696
2.3385048435294222 51.02400688880697
2.33854395907843 51.02398490959372
2.3385748789885987 51.023961999057875
2.338597975788965 51.023938902257505
2.3386179060925074 51.02390984499253
2.33864193421547 51.02386588656603
2.338657952964111 51.023833849068744
2.338665962338432 51.023814850087795
2.3386758343579435 51.023792870874544
2.3387013143736715 51.0235135061512
2.338706940532631 51.023451820540096
2.3387019113906153 51.02338290266803
2.338691853106585 51.02333391509951
2.3386629821061264 51.023265928550046
2.3386288956991335 51.023213960749224
2.338583819685515 51.02315994403869
2.3385558800076516 51.0231249263091
2.3385318518846896 51.02310499600556
2.3385169507231627 51.02308599702461
2.3385078237617276 51.02306886068885
2.3384459839413907 51.02304092101099
2.338379860037115 51.02301298133313
2.338308893255343 51.02298988453276
2.33817292015641 51.02295393548058
2.33806283782563 51.02293288758992
2.3379758522952168 51.02291593751868
2.3380548284513094 51.02291984907359
2.3381839097630364 51.02292897603502
2.3382969723261215 51.02294182828684
2.3384148777667035 51.02295784703548
2.3384988830648115 51.02296790531951
2.3385169507231627 51.02296995422922
2.338530920562094 51.02296790531951
2.338557928917362 51.02294592610626
2.3386158571827975 51.02291891775099
2.338648826002676 51.022910908376666
2.338635973750859 51.02289284071832
2.338620886324813 51.02287495932448
2.338605985163286 51.02286098948555
2.3385858685952248 51.022847950969215
2.3385558800076516 51.02283491245288
2.3385139704908573 51.02282187393654
2.338465914244933 51.022809953007325
2.337733302148337 51.02266123492185
2.337396942169896 51.02259295484259
2.3372808993745053 51.02256892671963
2.3371588961145036 51.02254992773868
2.336924947878531 51.02251993915111
2.336706832126681 51.022491999473246
2.3366239444156873 51.02248194118921
2.3364037358475738 51.022438897184315
2.3358414916099375 51.02232899572168
2.335472829687733 51.022256933650155
2.33544489000987 51.02225190450814
2.335473085017008 51.02218186691062
2.3354799077394586 51.02216491897773
2.3355568349858413 51.02217199702945
2.33575483416963 51.02219788779761
2.335838839467738 51.02221390654625
2.3358926764326284 51.02222364362087
