9.85064417195625 55.86180434155367
9.850645966917336 55.861804251681654
9.850649690858834 55.8618040652274
9.850664387897403 55.86180332936048
9.850675509238268 55.861802772525394
9.85068728198654 55.86180218307494
9.85071383082972 55.8618008537993
9.851002913363343 55.86178688396037
9.851404872195532 55.86177086521173
9.851408582742849 55.86178740544808
9.851415861802158 55.86181985278025
9.851465966957791 55.86205286969363
9.85148086811932 55.86214991350807
9.851512905616602 55.862274897000376
9.851542256803114 55.86237950136786
9.851577228350758 55.86250413607793
9.851579960843472 55.862513874378365
9.85159691091471 55.8625708713212
9.851891814518824 55.862544657667506
9.851990860372576 55.862535853591616
9.852355938829987 55.86249692430713
9.852550957781473 55.86248481711339
9.852709841416251 55.8624898462554
9.853054989570118 55.862491895165114
9.853341836929513 55.8624898462554
9.853625890321116 55.86248183688108
9.853659328704545 55.862479974342754
9.853839908253548 55.86246991595186
9.85438584955899 55.862439927364285
9.855033863820893 55.862397831582975
9.85525653922205 55.862389769616435
9.855887886640904 55.86236691167281
9.856085885824692 55.86236095120819
9.856280904776176 55.86235797097589
9.85658190823902 55.862356853388775
9.856908253324775 55.86235770881495
9.857718866863523 55.86235983362108
9.858589473006214 55.86235440576099
9.85915291739597 55.86235089292416
9.859286841585194 55.86235182424676
9.859392826096553 55.86235797097589
9.85958691372544 55.86237287213741
9.85980093165787 55.86240695854441
9.860027988106635 55.86245389720322
9.860123661086728 55.86248051299467
9.860250946735984 55.86251592328807
9.860519912701545 55.862587821392445
9.860654954477884 55.86262395670914
9.860746969150313 55.86264686724499
9.860819984841791 55.86266195467104
9.861069951826408 55.86271485379446
9.861412864806043 55.86276589027269
9.861783513636183 55.86280800630412
9.862407889867006 55.86287895283577
9.862901863371622 55.8629279404043
9.863357838914348 55.86297990820512
9.86346771111223 55.862993742315865
9.86381791227649 55.86303783647055
9.86398890310501 55.863066893735535
9.8645499318365 55.86317697606631
9.865297988744402 55.863307554388555
9.865757857242777 55.86338782750192
9.865850989502318 55.86340384625056
9.865940955265035 55.8634198649992
9.866642986237473 55.86354391716891
9.866821986440316 55.86357688598879
9.866983584157891 55.86360587748256
9.867930819122437 55.86377581649518
9.867906977263994 55.86382499032821
9.867833145074249 55.864366890739745
9.86775889697132 55.86491184379708
9.867686208875952 55.865352465608375
9.867523563276178 55.86633839319949
9.867520850915929 55.86635483502645
9.867446425445973 55.86729321265612
9.867421944456291 55.867601875981734
9.867426973598308 55.86764881464054
9.867542094166591 55.86821948701937
9.867724129196754 55.869121865849166
9.867800992752636 55.86950289166353
9.86781589391416 55.86956584907098
9.867445972579254 55.86960682726518
9.866486613430016 55.86970687065251
9.865248982576633 55.86983593262365
9.864814195364955 55.86988159267522
9.86481088842774 55.86988193995987
9.863995981156735 55.86996799416769
9.863193184552271 55.87005263644786
9.862792898627957 55.870094840305185
9.862774830969606 55.870035980717155
9.86261131800566 55.869155436720206
9.862460975254946 55.86834581647096
9.862444956506303 55.86825193915334
9.862440197673042 55.86822163289941
9.862437878454578 55.868206863139726
9.862401929402395 55.86818991306848
9.862342883549845 55.86818693283618
9.861579944079669 55.86826590899227
9.861173887428055 55.86831284765108
9.860846136511803 55.86835014428779
9.859924983827582 55.868454967479146
9.859575924118817 55.86849091653133
9.859079437190658 55.86854503870581
9.85877796691905 55.868577902061745
9.858564880309212 55.86860099886211
9.857607853210148 55.868701954231454
9.857289538968818 55.86873555482996
9.85631089336375 55.868838858652985
9.855564359340123 55.86891892548053
9.855023991801382 55.86897688066163
9.854756888481012 55.86900482033949
9.854291972241372 55.86905790572743
9.853991900101123 55.86907988494068
9.853934903158285 55.8690888256376
9.853773970613792 55.86910186415393
9.853094850177202 55.86918195789714
9.852534939032829 55.869247895536894
9.852312431907633 55.86927154887313
9.851884875861217 55.86931699967348
9.851299819006767 55.86937883949381
9.850684959829264 55.86944589472069
9.850681666870925 55.8694462647048
9.85006991438724 55.86951499885727
9.84945393762262 55.869583916729326
9.848936111742644 55.86963509655704
9.848573837769935 55.86967090225974
9.848325919695032 55.86969791061501
9.848092902781657 55.869717840918554
9.847672876291115 55.869739820131805
9.847320813383815 55.869758664992816
9.847223978800118 55.86976384825476
9.846605953125788 55.86979793466176
9.846022945181048 55.86982792324933
9.845804829429198 55.86983295239135
9.845694933362935 55.869833883713945
9.845630422452835 55.86983009930858
9.845421869577956 55.8698178649653
9.84518885266458 55.86978191591312
9.844952855518896 55.86974093771891
9.84472393642494 55.86968394077608
9.84451587895712 55.869639982349575
9.84463788221712 55.8694948822892
9.845086879071854 55.868982868332054
9.845136884863754 55.868925844183394
9.84515383493499 55.86890684520245
9.845177863057954 55.86887294505998
9.84520095985832 55.868830849278666
9.84520692032293 55.86876882319381
9.845197979626017 55.86870791469607
9.845120866115112 55.86846781973097
9.845052879565646 55.868338924683755
9.845011901371446 55.86823089126269
9.844966825357828 55.86809491816375
9.844955437161548 55.86805851018587
9.844842959452636 55.867698919796176
9.844733994708973 55.8673459485325
9.844666527302934 55.86711692240529
9.844650920733455 55.86706394405061
9.844581816596875 55.86684992611818
9.8444668913886 55.866479818518755
9.844416972497484 55.86631087659994
9.84437321211533 55.86615136692527
9.844350848593209 55.86606985031224
9.84431992868304 55.86587483136076
9.844316948450736 55.86567683217697
9.844350848593209 55.8653579473203
9.844368930338472 55.86524815984589
9.844394993284231 55.865089912677334
9.844397973516536 55.86507296260609
9.84441585491037 55.86498299684337
9.844445843497944 55.86488986458383
9.844512898724814 55.8646758466514
9.8445975866716 55.86433640296927
9.844626892610496 55.864218939786085
9.844716858373214 55.8638609393804
9.844736974941275 55.8637858747792
9.844741817818772 55.86375588619163
9.844741817818772 55.863698889248795
9.844720080083023 55.8636327027101
9.844716858373214 55.86362289332501
9.84467494885642 55.86355192654323
9.84462391237819 55.86349884115529
9.84451196740222 55.86343085460583
9.844420698958102 55.863397555779095
9.844385866322796 55.863384847269614
9.844290871418064 55.86335485868205
9.844192896281024 55.863332879468786
9.84415899613855 55.863325987681584
9.843982976168014 55.863286872132576
9.84383694478505 55.863264892919325
9.843712058094322 55.86325156818872
9.843658875904802 55.86324589393838
9.84334986306764 55.86322484604772
9.84294585532574 55.86320696465389
9.842885878150597 55.86319690636986
9.842829998794867 55.863178838711505
9.84279350905438 55.86316181978116
9.84278287387154 55.863156859498254
9.842756983103389 55.8631309687301
9.842734817625615 55.863097999910224
9.84272997474812 55.863059815683805
9.84273183739331 55.862996858276354
9.842757914425984 55.86290484360393
9.84290009591705 55.86237678595972
9.8429259250222 55.86228085746499
9.842912813778714 55.86223310905588
9.84290096557664 55.86218996037967
9.84285588956302 55.86210185726215
9.842807833317098 55.86205789883565
9.84272382801899 55.86197985400214
9.842536818441827 55.86186194856156
9.842459891195444 55.86174888599848
9.842447970266225 55.86168685991362
9.842445921356513 55.86160192329291
9.842445921356513 55.86156299400843
9.84244245245312 55.86147744117006
9.842437548100502 55.86135648614801
9.84242990260787 55.86116792696345
9.842461940105151 55.86064787642616
9.84246492033746 55.86061285869657
9.842462041833814 55.8605462932998
9.842461940105151 55.860543940824506
9.84244260223331 55.86040429743136
9.842440892214498 55.86039194897693
9.842420131613478 55.86036868278614
9.842332858793426 55.860270877039525
9.842320937864203 55.86020493939977
9.842293929508935 55.860120934101666
9.84225481395993 55.86000097975137
9.842212904443135 55.85992088600816
9.842087920950828 55.859690849327094
9.842041025802583 55.85963440504314
9.841923325044052 55.85949273718868
9.841861982089176 55.859418903129225
9.841543842290577 55.859077852794776
9.84125646818499 55.85878752042634
9.84116386267164 55.85869396162094
9.841146604357576 55.85864244426553
9.841113943780526 55.85854495000567
9.840985980055914 55.85840990822933
9.8407399246262 55.85819495897431
9.840404834756365 55.85802098791349
9.840315113671467 55.857974894644066
9.840248931353887 55.85794089417028
9.840191934411047 55.85791388581501
9.840154360057952 55.85789577399448
9.840077940525369 55.85785893778188
9.839955937265366 55.8577928138776
9.839881990251287 55.85775593350282
9.839816983934126 55.85772296468294
9.83910628728594 55.85736605407605
9.838915259155469 55.85727012008487
9.838884916280618 55.85725488194648
9.838736835987945 55.8571809349324
9.837852399565827 55.85673541257137
9.83766895784342 55.85664300639357
9.837664883680604 55.85664095409157
9.8374979906715 55.85655285097404
9.83682091914462 55.85621589845901
9.836660917922726 55.85613599098033
9.836789999234451 55.856046956540204
9.836660917922726 55.85613599098033
9.83682091914462 55.85621589845901
9.8374979906715 55.85655285097404
9.837664883680604 55.85664095409157
9.83766895784342 55.85664300639357
9.837852399565827 55.85673541257137
9.838736835987945 55.8571809349324
9.838884916280618 55.85725488194648
9.838915259155469 55.85727012008487
9.83910628728594 55.85736605407605
9.839816983934126 55.85772296468294
9.839881990251287 55.85775593350282
9.839955937265366 55.8577928138776
9.840077940525369 55.85785893778188
9.840154360057952 55.85789577399448
9.840191934411047 55.85791388581501
9.840248931353887 55.85794089417028
9.840315113671467 55.857974894644066
9.840404834756365 55.85802098791349
9.8407399246262 55.85819495897431
9.840985980055914 55.85840990822933
9.841113943780526 55.85854495000567
9.841188048374487 55.8585865159461
9.84131883475152 55.858659875213945
9.841400382528493 55.85874258343794
9.841462817224777 55.85880590659691
9.841809828023832 55.85916986746721
9.842062444077031 55.859452393837685
9.842070970879591 55.85946193023313
9.842181501645197 55.8595974327643
9.84222184514005 55.859646890900585
9.84231199716729 55.85978491290923
9.842358935826098 55.85986388906532
9.842387993091076 55.85992181733076
9.842443872446802 55.86003096833894
9.842489879783017 55.860146824869815
9.842515956815689 55.860232879077635
9.842440892214498 55.86039194897693
9.84244260223331 55.86040429743136
9.842461940105151 55.860543940824506
9.842462041833814 55.8605462932998
9.84246492033746 55.86061285869657
9.842461940105151 55.86064787642616
9.84242990260787 55.86116792696345
9.842437548100502 55.86135648614801
9.84244245245312 55.86147744117006
9.842445921356513 55.86156299400843
9.842445921356513 55.86160192329291
9.842447970266225 55.86168685991362
9.842459891195444 55.86174888599848
9.842536818441827 55.86186194856156
9.84272382801899 55.86197985400214
9.842807833317098 55.86205789883565
9.84285588956302 55.86210185726215
9.84290096557664 55.86218996037967
9.842912813778714 55.86223310905588
9.8429259250222 55.86228085746499
9.84290009591705 55.86237678595972
9.842757914425984 55.86290484360393
9.84273183739331 55.862996858276354
9.84272997474812 55.863059815683805
9.842734817625615 55.863097999910224
9.842756983103389 55.8631309687301
9.84278287387154 55.863156859498254
9.84279350905438 55.86316181978116
9.842829998794867 55.863178838711505
9.842885878150597 55.86319690636986
9.84294585532574 55.86320696465389
9.84334986306764 55.86322484604772
9.843658875904802 55.86324589393838
9.843712058094322 55.86325156818872
9.84383694478505 55.863264892919325
9.843982976168014 55.863286872132576
9.84415899613855 55.863325987681584
9.844192896281024 55.863332879468786
9.844290871418064 55.86335485868205
9.844385866322796 55.863384847269614
9.844420698958102 55.863397555779095
9.84451196740222 55.86343085460583
9.84462391237819 55.86349884115529
9.84467494885642 55.86355192654323
9.844716858373214 55.86362289332501
9.844720080083023 55.8636327027101
9.844741817818772 55.863698889248795
9.844852831472148 55.8636979579262
9.84495993357062 55.86368585073246
9.84516799103844 55.8636599599643
9.845309133029165 55.86363799326835
9.8460488359492 55.863522869278256
9.84635486855406 55.863470901477434
9.846964179833146 55.863381399107574
9.847007911957975 55.8633749752501
9.847147982876333 55.8633349283785
9.847264956994316 55.8632969304166
9.847432967590532 55.86324086479636
9.8475819792058 55.86318982831813
9.847807918067453 55.8631309687301
9.847921911953136 55.86311085216204
9.848061982871489 55.8630939020908
9.848219935183671 55.86307397178726
9.848264824932771 55.86306782505813
9.8485470976258 55.86302098044365
9.848962944350308 55.862951968527256
9.85007196329695 55.86279587886026
9.8501673308307 55.86278190513823
9.851149997122524 55.86263792002008
9.851210970831165 55.86262898585116
