-1.67010691024602 53.213666823811835
-1.6696578264905029 53.21360982686899
-1.668882966091103 53.21351185173195
-1.6688764461738952 53.213505767372794
-1.668160818550605 53.212837946701896
-1.6684672371732985 53.212651267048685
-1.6691899300185575 53.21221098033065
-1.6693938896669571 53.21212492612283
-1.669207997676909 53.21206494894769
-1.6691329330757172 53.21202397075349
-1.6685765408949311 53.21173387657482
-1.668470948974884 53.21167882259962
-1.6678078472869362 53.211253953231584
-1.66748100983253 53.21100947474858
-1.667268984033219 53.21085087681229
-1.6670689359397204 53.21070596301644
-1.666760854425151 53.21044295751548
-1.6665313043526266 53.21023330965351
-1.6662538424041982 53.20997990392104
-1.6660839691627911 53.20977687559523
-1.6658498346622996 53.20949896893275
-1.6657322048600405 53.2093525995077
-1.6656119748714262 53.20920299461193
-1.6653668507643085 53.20884387661913
-1.6652949526599412 53.20858590026019
-1.6652846000238195 53.20846039052351
-1.6652798652338952 53.20840298850245
-1.6653018444471472 53.20820294040895
-1.665398888261591 53.20797290372788
-1.6655158623795776 53.207763914937466
-1.6656655065054715 53.2075875914017
-1.6656788438337782 53.20757187621829
-1.665823943894147 53.20742584483532
-1.6660429909685923 53.20727087275544
-1.666384972625635 53.20709094123001
-1.6667213494922142 53.20696041637135
-1.6668798774528475 53.20689890251083
-1.6680038189470283 53.206485204175834
-1.6681379080147574 53.20643584891638
-1.6679954188592312 53.2063364477989
-1.6678268462678831 53.20621885075164
-1.6668926033351814 53.20561985249687
-1.6668239980971218 53.20557586563176
-1.666576825080294 53.20542983424879
-1.6663669049672836 53.20528398913035
-1.6661949828161668 53.2051468984443
-1.6660329326845615 53.20502098362939
-1.6658969595856286 53.204870854427014
-1.66584564120673 53.20480208057135
-1.665367968351423 53.20416193166737
-1.6652024849229068 53.20396126481197
-1.6651139035473892 53.2038538501528
-1.6649999096617083 53.20372085728617
-1.6649408638091578 53.20364188113008
-1.6644736260707256 53.20312108599746
-1.6642518713530572 53.20287391251789
-1.663824953075311 53.2024319068141
-1.6637034079720232 53.20228078811425
-1.663253866059792 53.20172186646734
-1.6629383827873945 53.20137303456572
-1.6620787904656855 53.20042257775728
-1.6616838424284124 53.19998588114945
-1.6613671319158214 53.19962523167072
-1.661076992625229 53.19929483978364
-1.6608029975176528 53.198926967358446
-1.660626245274499 53.19866428470539
-1.6605539618556342 53.19855685975902
-1.6599809615915986 53.19769996974505
-1.6593551162931226 53.1967640529223
-1.6593069209003506 53.196691979393925
-1.6588598860545432 53.19601192763474
-1.658785350347588 53.19590240291765
-1.658661886870754 53.19572098245593
-1.6584629563643698 53.1955479427177
-1.658266819825772 53.19541085203165
-1.6578113054738883 53.195207862058595
-1.6570078579412666 53.19484982330017
-1.656486923463709 53.194601576695405
-1.6561979798122788 53.19446388321661
-1.6554899883752314 53.19410197125603
-1.6552031484518686 53.19395459488162
-1.655057854690951 53.19387994394928
-1.653836643488706 53.19325315129659
-1.6529359292895185 53.192790855306185
-1.6525358185671748 53.192579643175186
-1.65206085857885 53.192328919298845
-1.65195282515778 53.19225683492997
-1.651741973722174 53.19213594925707
-1.6513084922955967 53.191884792745675
-1.6512809690374353 53.1918688459367
-1.6508739810632314 53.191584978809615
-1.6505919765813346 53.19134581516711
-1.6503624945715276 53.19113545665813
-1.6503259908480792 53.19110199491163
-1.6500378396370523 53.190802854093974
-1.6499219831061809 53.19071493724096
-1.6497709225812016 53.19063689240747
-1.6494628410666323 53.190533888128414
-1.6491769524509703 53.19046702816719
-1.6486719619185917 53.19034892746096
-1.64797496008817 53.1901619178838
-1.6477759397123397 53.190089059120126
-1.6469039391034233 53.18976983107112
-1.646390673106456 53.18961539001656
-1.6463028635003312 53.189588968223084
-1.6453508655432805 53.18936787223893
-1.644961321212843 53.18927382840058
-1.6445638979501402 53.18917788242946
-1.644142940137005 53.18908996557646
-1.6437428439500072 53.18905383025975
-1.643491175265157 53.18903109143524
-1.643377951757117 53.18902086143987
-1.6429718951055086 53.18901788120757
-1.6429749619722018 53.18898330977983
-1.6430594985693958 53.18803036622085
-1.6430709878296623 53.18790085288661
-1.6430989275075256 53.18782094540792
-1.64314083702432 53.18770993175454
-1.6432779277103675 53.187505972106145
-1.643392852918644 53.18740687938199
-1.643500886339714 53.18731188447725
-1.6436780659219263 53.18720746486341
-1.6438469658161767 53.18710792482886
-1.6439978400766366 53.18702187062104
-1.6442299256674184 53.1868389588633
-1.6444238270317872 53.18664487123441
-1.6446656686247152 53.186386859483534
-1.6449308390527406 53.18610395907098
-1.645321994542822 53.18576588896884
-1.645487956229328 53.18559098658542
-1.6455176859061509 53.18555314161732
-1.645627840883162 53.18541291770517
-1.6458168993700348 53.18519498821784
-1.6460838164258855 53.18489286716788
-1.6461678217239937 53.18477384414018
-1.646260953983537 53.18464792932528
-1.646530851271693 53.184189904872845
-1.6466828431192675 53.18397197538552
-1.646810993108399 53.18380582743449
-1.6468226936456485 53.18379665362616
-1.6470188643116994 53.18364284598029
-1.6476158420953717 53.1832779537874
-1.647769882852656 53.183183890205264
-1.6479787468661462 53.183104064096
-1.648041829050522 53.18307995460361
-1.6484259064888784 53.182981979466575
-1.6486928235447291 53.18291995338171
-1.64896588732971 53.1828778576004
-1.6492838408637904 53.18285494706456
-1.6494898494219 53.182824958476985
-1.649586465219392 53.182810219524114
-1.6498109694528051 53.18277597090846
-1.6501298543094811 53.18272195419793
-1.6503829877909195 53.1827118959139
-1.650667972505122 53.18273592403686
-1.6509799655745916 53.18278789183768
-1.6511318020664467 53.18279602817072
-1.6512059044362437 53.182799999031424
-1.6515508663255916 53.182783980282785
-1.6518928479826342 53.18276386371472
-1.6521588337158897 53.18270686677188
-1.6524209078942442 53.1826329197578
-1.6526065930793556 53.18252744525934
-1.6537457951893766 53.181880345862965
-1.6537748646834836 53.181863833558495
-1.654314845524315 53.18148497152667
-1.654465906049294 53.18132199007248
-1.654598898915922 53.18114597010194
-1.654690239331145 53.18100994561044
-1.654874942933208 53.180734884308315
-1.654993965960904 53.180558864337776
-1.6550928724205392 53.18042792038086
-1.655264980836175 53.180300887978845
-1.655395874288215 53.180209341255875
-1.6554508728262232 53.18017087534452
-1.6556449604551111 53.1800769980269
-1.6558759284587783 53.18002596154867
-1.6562018913671797 53.180005844980606
-1.656510904204344 53.18000193342571
-1.6569368911594948 53.1800408627102
-1.6569642771458988 53.180045350714664
-1.6578279806188043 53.18018689409316
-1.658348962478689 53.18026885048156
-1.6588691199405952 53.18035126190576
-1.6600348426409404 53.18053595380193
-1.6605360735117525 53.180615668812145
-1.6638318448625171 53.18113982337281
-1.6642613489878006 53.18117351264526
-1.6650049388037236 53.181231838045235
-1.6658250788581856 53.18124809411016
-1.6660668328270354 53.18125288593589
-1.667128913114866 53.18121898579342
-1.6673153321305592 53.1812046790506
-1.6676118970128573 53.18118191915412
-1.6681058705174745 53.18107183682334
-1.668476909439495 53.18091686474346
-1.6687334074275384 53.180788829973814
-1.6691459715920531 53.18058289246074
-1.6696028784573722 53.180124868008306
-1.6697294109909708 53.17995770510698
-1.6699329391851934 53.17968882276912
-1.670063883142111 53.17942488594558
-1.6700929404070886 53.17918385965788
-1.6701148716374756 53.179004918275616
-1.6701678187437614 53.17857291203528
-1.670229844828617 53.1784628297045
-1.6705786776046228 53.178179106252074
-1.6706539691385769 53.178117867815146
-1.67120996872805 53.17780494342309
-1.6714079679118388 53.17768983195029
-1.6715599597594133 53.17762985477514
-1.671679914109705 53.177594837045554
-1.6718568654028372 53.177583847438925
-1.671912931023082 53.17758086720662
-1.6719543938081334 53.17758018018331
-1.672328859694202 53.17757397541941
-1.6728848592836751 53.17759595463267
-1.6731769220496029 53.17757695565172
-1.6735429318296076 53.17755199620616
-1.6736494855033262 53.177556746724115
-1.673989966675415 53.17757192650971
-1.6742648931055866 53.177598934864974
-1.6747389363066614 53.17762594322024
-1.6749779136846494 53.17764084438177
-1.6753148661996766 53.177672881879055
-1.6753549316941236 53.17767728805875
-1.6757518427614535 53.17772093812498
-1.67661294363319 53.17780494342309
-1.6768356894901142 53.17782899374498
-1.677278839288924 53.17787684152745
-1.6777109729732045 53.17789695809551
-1.6780779140758049 53.17784182379786
-1.6784139352682368 53.17775893608687
-1.67845753058673 53.177749057865746
-1.678797826442074 53.17767195055646
-1.6792629289462326 53.177598934864974
-1.6798958557820884 53.177508969102256
-1.6800415452201911 53.17748402929382
-1.6806379336261288 53.17738193670024
-1.6809268298952318 53.177328851312296
-1.681139916505067 53.17727185436946
-1.6815563735551038 53.17714603480957
-1.6827749464536077 53.17677788086484
-1.682978906102007 53.17670188494105
-1.6830011524320183 53.17669263595317
-1.6832508522998733 53.176588822377965
-1.6834618899999982 53.17653499193195
-1.6837189350363375 53.17646793670508
-1.684353538493807 53.17627306379664
-1.6844189170990642 53.176252987450056
-1.6845608506626082 53.17617084479714
-1.684624925657174 53.1761099362994
-1.684630886121785 53.17603598928532
-1.684439964989721 53.17583091204981
-1.684225947057291 53.17564185356293
-1.6841199625459304 53.175516870070624
-1.6840265563591386 53.175408365349526
-1.6839839894469977 53.17535891775844
-1.6838079694764607 53.17520785723346
-1.6835209358525485 53.17500296626247
-1.683217883479995 53.17481483909819
-1.6830188836834918 53.17467756186152
-1.682933830088388 53.174618888824114
-1.6826259348383383 53.17450098338353
-1.682545841095131 53.17445795627962
-1.682178899992531 53.17425883950872
-1.6820529851776285 53.1741679424234
-1.6818543256531109 53.17402358112667
-1.6815698150151182 53.17381683380492
-1.6814608502714523 53.17370991797097
-1.681398824186597 53.17358791471096
-1.6813878345799709 53.17348491043191
-1.6814278814515744 53.17339997381121
-1.6815008971430565 53.17332286030031
-1.6817238557724026 53.17312188088421
-1.6817437072115755 53.17309535102877
-1.6819049048849546 53.17287992327392
-1.6820378977515824 53.17269887416137
-1.6820749643908806 53.172645975037945
-1.6821528229598588 53.17252583442313
-1.6822578761486235 53.17235391227202
-1.6823676060831092 53.17222227807304
-1.6824538264227025 53.17211884644893
-1.682726890207683 53.171968903511065
-1.682838835183654 53.171897936729295
-1.6830018166378546 53.17182790127012
-1.6831418875562076 53.17177183564987
-1.683467850464609 53.1716569104416
-1.683589179454923 53.171612223961226
-1.6836418215254356 53.17159283544703
-1.6839899499116082 53.17146487172242
-1.6850480963756111 53.17114791374944
-1.6850849990193173 53.17113685990431
-1.685364954591504 53.171004984624794
-1.6855528954912624 53.17090496057805
-1.6861816768049696 53.170541664707905
-1.6864078496338692 53.17041098707343
-1.6865708310880698 53.17033387356253
-1.6868068282337525 53.17020497851532
-1.686872952138028 53.170176852572936
-1.687025875308198 53.17011091493318
-1.6873309765904616 53.16996097199531
-1.6873633933154577 53.16994560384011
-1.6879238565547137 53.169679898836016
-1.68830383617365 53.16956292471803
-1.6884908457508128 53.16947798809733
-1.6886117555127975 53.1694087491738
-1.6889049117767418 53.16924087336453
-1.6893009101443195 53.16897898545069
-1.689837608772166 53.168835181033664
-1.6898459201271665 53.16883295406773
-1.6906438773269328 53.16868096222015
-1.6909178724345089 53.16854592044382
-1.6911598300448023 53.16837586093789
-1.6911740337204215 53.16836587117446
-1.6915578773220898 53.1680959053657
-1.6922338312618546 53.16777888315422
-1.6923431079862743 53.16774925153872
-1.6928609838976183 53.167608823648294
-1.6932448750714555 53.16738586501894
-1.6935557167118775 53.16712422724982
