-86.9509239558337 34.80692192480539
-86.95091892669168 34.80665090993011
-86.95162282030931 34.80636685653851
-86.95172572751574 34.806332999333016
-86.95219688755714 34.80617798431616
-86.95280485494743 34.80607684268229
-86.95283087849943 34.806074238015256
-86.95392546817747 34.80596468180821
-86.95406288550934 34.805950927867386
-86.95503303748218 34.80584624805795
-86.95613686094998 34.80572714503749
-86.95638988814629 34.80569984329566
-86.95652492992264 34.805684942134135
-86.95693191789684 34.805639866120515
-86.95725783602333 34.805603944331835
-86.95739497149128 34.80558882964228
-86.95757285410701 34.80557187957105
-86.95809588487661 34.805520843092815
-86.95807781721825 34.80508386653104
-86.95807779896623 34.8050801880095
-86.9580731797743 34.80414923356983
-86.95807092543104 34.80369489201222
-86.9582325572208 34.80371751039618
-86.95902795253012 34.80382881620144
-86.95924320475598 34.80385501989774
-86.95978381394856 34.803920830873864
-86.96021184981343 34.80397596517152
-86.9603253642461 34.8039908151749
-86.96046386570775 34.80400893399139
-86.96144548860796 34.804136262519606
-86.96256288492866 34.80428120252551
-86.96288493192684 34.80432297597057
-86.96360298164791 34.804391893842634
-86.96365080119784 34.80439520960775
-86.96377490379903 34.80440381477186
-86.96439088056366 34.80440996150099
-86.96444396595159 34.804405863681566
-86.96478487959025 34.80438197565365
-86.96478687893124 34.8043818355586
-86.96577091438556 34.804342906274115
-86.9657955543963 34.80410432299778
-86.9658249310961 34.80381987550452
-86.96588924953481 34.80320128346163
-86.96590092701989 34.80308897353162
-86.96590390725218 34.80269986695125
-86.96592233696015 34.8022895559337
-86.96592793537515 34.80216491525244
-86.96596405362263 34.801355219615125
-86.96597785426627 34.801045838021764
-86.96600560959138 34.80042265793277
-86.9660309396542 34.79985393136413
-86.96523646911847 34.799808898015876
-86.96329694904306 34.79969895928425
-86.96523646911847 34.799808898015876
-86.9660309396542 34.79985393136413
-86.96606942551554 34.79919983479702
-86.9660748980807 34.79910682437808
-86.96607787831302 34.79885182825145
-86.96608383877762 34.79883785841252
-86.9660946860886 34.79828002210861
-86.96611223889391 34.797377347514335
-86.96611792518462 34.79708492302339
-86.9661737876937 34.79708644604105
-86.96722799241753 34.79711518754298
-86.96798988360143 34.797135959501624
-86.96833497262996 34.797143811181506
-86.9688249074405 34.79715495848257
-86.96914192965198 34.79714788043084
-86.96937382897825 34.797165948089194
-86.96943365280684 34.79716796904364
-86.9699968837946 34.79718699597985
-86.97019395165579 34.79719686799937
-86.97054461033355 34.79721500275021
-86.97060093962999 34.79721791589002
-86.97135195817096 34.797236914870965
-86.97163809197656 34.797247920017334
-86.97202996102043 34.797262991903644
-86.97221399036528 34.797269883690845
-86.97252784607994 34.79725982540682
-86.97275903532842 34.79725559518368
-86.97366797120127 34.79723896378068
-86.9738048756228 34.79722685658694
-86.97387029483227 34.79722545182988
-86.97455086502174 34.79721083783829
-86.97474681529582 34.79720096581878
-86.97499323718058 34.79720234103684
-86.97581485604826 34.797206926283394
-86.97612292148138 34.797208621570384
-86.97689798422675 34.79721288674801
-86.97721912119333 34.79721458982771
-86.97802190433491 34.79721884721262
-86.97803084503184 34.79728590243949
-86.97814092736262 34.79724585556789
-86.97818581711171 34.79720282846397
-86.97823182444793 34.797112862701255
-86.97827380542476 34.79698657636809
-86.97832290779776 34.79683886759368
-86.978378973418 34.796701963172154
-86.97844882261266 34.79656785271841
-86.97861497056368 34.79631099394659
-86.97872941641694 34.796159970301034
-86.97889995527788 34.795934925882555
-86.9793069432521 34.795445981519954
-86.9793526420227 34.795393646347016
-86.97961092694725 34.79509785313378
-86.9798359344863 34.79484192568456
-86.97998289719186 34.794664974391424
-86.9800230633901 34.794618964316086
-86.9806089322405 34.79394785599294
-86.98067036398841 34.7938751089815
-86.98087994711578 34.79362692222655
-86.98119696932726 34.79327097073058
-86.98133642847009 34.79310270682123
-86.98136199969117 34.793071853959674
-86.98165294486999 34.79274887128358
-86.9817809085946 34.79262798561069
-86.98208702255478 34.79236140122637
-86.9826708804668 34.791852938946775
-86.98288062410462 34.79167043216049
-86.98306389860207 34.79151095728973
-86.98345784805993 34.79121796320121
-86.9834635311911 34.79094266175404
-86.98346376859584 34.79093116142697
-86.98346585743425 34.79082997420795
-86.98346082829224 34.79039392896877
-86.98346288673547 34.790024736339674
-86.98346296311391 34.7900110374662
-86.98346803788968 34.78910084972283
-86.98346817587017 34.78907610219463
-86.98347320023662 34.78817495562709
-86.98347322199314 34.78817105348168
-86.98347498439568 34.7878549573091
-86.98347802484405 34.787255931614396
-86.9834848564152 34.7859099832008
-86.98347802484405 34.787255931614396
-86.98347498439568 34.7878549573091
-86.98347322199314 34.78817105348168
-86.98347320023662 34.78817495562709
-86.98346817587017 34.78907610219463
-86.98346803788968 34.78910084972283
-86.98346296311391 34.7900110374662
-86.98346288673547 34.790024736339674
-86.98346082829224 34.79039392896877
-86.98346585743425 34.79082997420795
-86.98346082829224 34.79039392896877
-86.98351526447641 34.790395685561904
-86.98436147883821 34.790422991927365
-86.98457487638089 34.79042987802095
-86.98546325691221 34.79046570325601
-86.98573884336066 34.790476816679764
-86.98588599233075 34.790476816679764
-86.98627081482718 34.79049693324782
-86.98659817158128 34.79051012927045
-86.98703785211677 34.790527853158
-86.98768884661098 34.79054983237125
-86.98771373072599 34.79055145853682
-86.9879339707181 34.79056585111989
-86.98881641042182 34.790589801086625
-86.98948499536853 34.790607946901204
-86.98981583016844 34.79025848323873
-86.99002087838994 34.7900418890277
-86.99012891181101 34.789927895142014
-86.99021999516084 34.78983085132757
-86.99038688816995 34.789672899015386
-86.99050101766326 34.789548274856024
-86.99071098843316 34.789318996429124
-86.99118433206374 34.78883799858329
-86.9912178141896 34.78880397503385
-86.9913398174496 34.78869594161278
-86.99147187899362 34.78859591756603
-86.99161083232487 34.788502971571006
-86.9919058753231 34.7883379412071
-86.99206451121415 34.78826671500928
-86.99221991730228 34.788196938966145
-86.99279994501471 34.787964853375364
-86.99303852323754 34.7878491345954
-86.99346584067045 34.78764187069927
-86.99389983699992 34.78738985480494
-86.99394705739962 34.78735754282733
-86.99418184148182 34.78719688476317
-86.99480479607975 34.78677586600898
-86.99487884331224 34.7867258217944
-86.99508690078005 34.786585937140565
-86.99565798795382 34.78620004176095
-86.99575894316492 34.786131824243036
-86.99604485920172 34.785953941627305
-86.9961588530874 34.785892846865046
-86.99634698025167 34.785791891495705
-86.996618329613 34.785669233574076
-86.99664984635972 34.785654987074174
-86.99665785573403 34.785650889254754
-86.99697599553264 34.78552497443985
-86.99738596373913 34.78539086398611
-86.9976730320086 34.78530337774061
-86.99821595843619 34.78513791676919
-86.99854899939632 34.78504199054186
-86.99861586835867 34.78502690311581
-86.99872682772511 34.78500182961122
-86.9992398544976 34.78488590087487
-86.99950695781799 34.78484492268067
-86.99981447083901 34.78478263478494
-86.99982789158436 34.784779916363505
-87.0008529052329 34.78459197546375
-87.00090628100554 34.784584730646124
-87.00114794823114 34.784551928592144
-87.00144485387456 34.78451989109486
-87.00201380929745 34.78449333748147
-87.00234283512107 34.784477981578064
-87.0026719645263 34.78446289415202
-87.00313916898529 34.784422030305926
-87.0031979755282 34.784416886815805
-87.00354591764984 34.78436398769239
-87.00406187036772 34.78424887621959
-87.00420377051863 34.78420753353526
-87.00455286364003 34.784105825068934
-87.00458098958241 34.78409781569461
-87.00499784957613 34.783945823847034
-87.00524463333224 34.78384037540942
-87.00626321922883 34.78340514298946
-87.00724196450209 34.78298693410278
-87.00727249421078 34.78297354387966
-87.00727381573485 34.78297296426385
-87.00727446563215 34.782972701621865
-87.00767987238645 34.782808865222535
-87.00825307310382 34.782550278432744
-87.00909194370564 34.78217184056726
-87.00922107488852 34.78211318876274
-87.00938884934907 34.78203698505544
-87.00971183202516 34.78188089538845
-87.00982284567854 34.78182799626502
-87.01014992617405 34.78166985768832
-87.01017024066245 34.781659590905214
-87.01052990579299 34.781477818969144
-87.01107247903079 34.7811485155974
-87.01124497528177 34.78104382263967
-87.01157987888709 34.780813972223115
-87.01189709403558 34.780567794935536
-87.01194085952507 34.78053383038641
-87.01220088479371 34.780318881131386
-87.01249797670167 34.78005289539813
-87.01265029786624 34.779898844467496
-87.01277681468673 34.77977089091623
-87.01332862725849 34.779166577583894
-87.01333281427621 34.77916199220334
-87.01398314401438 34.7784352778956
-87.01466180593191 34.77767690364843
-87.01527387682961 34.776992941878575
-87.01535131899195 34.776897894968336
-87.01558195834417 34.77661482490483
-87.01589395141364 34.77617188787845
-87.015939687723 34.77609766661451
-87.01644778465953 34.775273122672424
-87.0169613108344 34.77443976811709
-87.01713689454951 34.77415482940126
-87.01704283096737 34.77409690113582
-87.01713689454951 34.77415482940126
-87.0173699114629 34.77379291744067
-87.01747044965954 34.773629287344285
-87.01777298788218 34.77313689380445
-87.01791790167803 34.77290890603309
-87.01799517024263 34.77278433068017
-87.01852707186305 34.771926778421594
-87.01903379222313 34.771109824359876
-87.01910198522587 34.77099988097697
-87.01949798359345 34.770390982264075
-87.01957445567844 34.77028187840852
-87.01975595995238 34.770022923574366
-87.02002399459535 34.76966082534926
-87.02019186125354 34.76945572714343
-87.02031289086445 34.76930785408559
-87.02082884358232 34.76871683676653
-87.02084434031151 34.768699112009514
-87.02097394364269 34.768550875080024
-87.02125892835689 34.768254900759196
-87.02135094302932 34.76815599429956
-87.02155108738023 34.767940148339235
-87.02224431478312 34.76719253625915
-87.02262592366247 34.76678098961966
-87.02293263463756 34.766456684934006
-87.02325587026601 34.76611490769941
-87.02358090185183 34.765787827203894
-87.02364031338287 34.76573513064676
-87.02392698132829 34.765480863276444
-87.02430491203751 34.76520593684627
-87.02444867922051 34.7651109298617
-87.02510398682439 34.76467787693466
-87.02531813777729 34.76453943136567
-87.02620066266351 34.76396889148072
-87.02678688675434 34.763589905878675
-87.02706478261527 34.76339613791831
-87.02720281542545 34.76329989202246
-87.02759192200583 34.76298696763039
-87.02787813115455 34.76272088021616
-87.02794694217921 34.76265690690257
-87.02813283416926 34.762449967021865
-87.02840198639933 34.76211096559713
-87.02851554428968 34.76195688704988
-87.02852883253684 34.76193885718149
-87.02877786819886 34.76155384842054
-87.028998964183 34.76115691873037
-87.02900945534395 34.761136127156846
-87.02920385515401 34.76075086207876
-87.02938583558915 34.760340893872254
-87.02941211587206 34.7602749304212
-87.02975623603082 34.75941118959583
-87.030104976824 34.75853585098847
-87.0302148989636 34.75825994666502
-87.03032498129438 34.75796192343448
-87.03048740278491 34.75764319549578
-87.03052782335567 34.75756387615719
-87.03072395989427 34.75724797153282
-87.03095790813025 34.75693188064393
-87.03104427441158 34.75681515416324
-87.03121383557946 34.75658598743199
-87.03162834120046 34.756049867964066
-87.03223799736021 34.75526134177907
-87.03285388201718 34.754464759687366
-87.03310889079665 34.75413493262533
-87.03339890465287 34.75378084377455
-87.03349261939277 34.7536794256941
-87.03371387795464 34.753439979704616
-87.03421287739911 34.75293652879606
-87.03490597909985 34.752237244087844
-87.03560787047724 34.751529091292184
-87.03563482393999 34.75150189738353
-87.03593694498994 34.7512059230627
-87.03623887977538 34.75092484990339
-87.0363393843957 34.75084008266135
-87.03655292175456 34.75065998175725
-87.03693699919292 34.75039082952717
-87.03715619694411 34.7502302430445
-87.03722887569432 34.75017699785926
-87.03803961886801 34.74963512110787
-87.03846790727529 34.749348865807406
-87.03850385632747 34.74932483768444
-87.03852881577303 34.74932986682646
-87.03918185917695 34.74945987946078
-87.03921957843018 34.74946879558186
-87.04034098327922 34.749733874568356
-87.04034768080302 34.749735456256836
-87.04128981473944 34.74995795078482
-87.04145108569001 34.74999311825662
-87.0421559447532 34.75014682300717
-87.04258344227668 34.75022230905636
-87.04298295921794 34.75029285439013
-87.0437006990784 34.75040839344455
-87.04445593903488 34.75052996912293
-87.04481140446782 34.75058711979998
-87.04591988039944 34.75076533726957
-87.04703022917089 34.75094385584879
-87.04811618059402 34.75111845189477
-87.04921167329901 34.751294581959726
-87.05029267356527 34.7514683819734
-87.05139999872084 34.751646414424634
-87.05249384147282 34.75182227921505
-87.05361602658861 34.75200270080657
-87.05468689027474 34.752174871090986
-87.0547049872879 34.75217777489059
-87.05519185338598 34.75225589615678
-87.0558146516559 34.752356124991664
-87.05690437101636 34.75253149686909
-87.05788281689323 34.75268896116366
-87.05800249866583 34.752708239832074
-87.05911043227091 34.75288670881805
-87.06022111270306 34.75306562027047
-87.0605458407226 34.75311792835112
-87.06131361011712 34.75323058869261
-87.06160196054583 34.753272900431
-87.06242606563629 34.75336597919882
-87.06267391285317 34.75339397236841
-87.06284583500428 34.753409991117046
-87.06352609745 34.75347363273617
-87.06466042826241 34.7535797544984
-87.06549582031732 34.75365790919195
-87.065784296726 34.75368488257908
-87.06691478369176 34.75379058641362
-87.06804165530946 34.753895952202555
-87.06874688123345 34.7539618928871
-87.06919209845515 34.75399848417751
-87.06934292769454 34.75401088045562
-87.06969887919051 34.75402689920426
-87.06984882212838 34.754033977255986
-87.0702915307243 34.75403215233766
-87.07084291586673 34.754029879436565
-87.07140528825539 34.75402028332044
-87.07189084005113 34.754011998042735
-87.07232092482569 34.754011998042735
-87.07254054209982 34.754007925750756
-87.07256081170816 34.75400754989797
-87.07366001572049 34.75398716771399
-87.07368381655604 34.753986726382806
-87.07431991564452 34.753974931403434
-87.07368381655604 34.753986726382806
-87.07366001572049 34.75398716771399
-87.07256081170816 34.75400754989797
-87.07254054209982 34.754007925750756
-87.07232092482569 34.754011998042735
-87.07232095132835 34.75397787466686
-87.07232166345284 34.753060981997365
-87.07232236633874 34.75215598446308
-87.0723229737354 34.75137393365891
-87.07232382295732 34.75123293016069
-87.0723278166129 34.75056982973002
-87.07232598360218 34.75030106453498
-87.07232483638059 34.75013285316824
-87.07231874405477 34.749354070008856
-87.07231496436108 34.748870911051426
-87.07231598755523 34.748414975739536
-87.07231682700628 34.74804091635438
-87.07230979472422 34.74747716174312
-87.07229815422667 34.74654398185752
-87.07229782802533 34.74651783138181
-87.07230285716734 34.74573589293068
-87.07230173649498 34.745595968978904
-87.07229417613837 34.744652004455176
-87.072289818651 34.74410794103387
-87.07229134141765 34.743716948304396
-87.07229298514783 34.74329489640806
-87.07229528222791 34.742806930968435
-87.07229689670272 34.742463970388414
-87.07229308238026 34.741875038999765
-87.0722871639068 34.74096122669674
-87.0722838581864 34.74045082346613
-87.07226106121759 34.74002366464506
-87.07221214347854 34.739107067183184
-87.0721979902431 34.73884187055026
-87.0721485533314 34.738177241817155
-87.07207660701826 34.73720999719569
-87.07206499737646 34.737053917431545
-87.07205885064734 34.73697699018516
-87.0719850126338 34.73629051966009
-87.07194783699396 34.7359448984849
-87.07222592992096 34.73583183592182
-87.0724859551896 34.73574391906881
-87.07289626999527 34.73562989904807
-87.0729719193199 34.73560887729247
-87.07312894030949 34.73556491886597
-87.07397368361016 34.73533028768426
-87.07401481436226 34.735318863436255
-87.07499606163464 34.73499897864765
-87.07602088323283 34.734664888709744
-87.07605966482701 34.734651905986816
-87.07707691827636 34.73431136506898
-87.07745195353296 34.734185816366654
-87.07790383125626 34.73400681616381
-87.07807728951035 34.73393153901183
-87.07833689626314 34.733818875264056
-87.07874984470196 34.73362292498997
-87.0790316705181 34.7334761763734
-87.07976181983415 34.73309598266548
-87.0799566199987 34.73299437003301
-87.08091195955943 34.73249604105115
-87.08110981615879 34.73239283410593
-87.0814769435259 34.73222482350971
-87.08188802132366 34.73204654279395
-87.08229296838402 34.73187092092345
-87.08269697612592 34.73170887079184
-87.08289630475569 34.73163584607172
-87.08390291527152 34.73126707089238
-87.08493209276918 34.73089002822264
-87.08588787360239 34.73053987467006
-87.08596624997921 34.73051040112508
-87.08698717085537 34.730126482416644
-87.0871058572927 34.73008185021762
-87.0880083184581 34.72976125655399
-87.08836686808691 34.72963388404922
-87.08902803544173 34.729394551799395
-87.08939188173544 34.7292628451272
-87.08987896345285 34.72904882719477
-87.0900141614783 34.728971555297
-87.09033195876327 34.72878991951324
-87.09065587276196 34.72857683290341
-87.09075887704101 34.72850884635394
-87.09090618544911 34.72839456016245
-87.0911518951763 34.72820393133619
-87.09151287581427 34.72787796842779
-87.09165560371176 34.72772149453325
-87.09183585849037 34.72752387957701
-87.09212084320458 34.72714389995807
-87.09224763872228 34.726961369014774
-87.09280919165545 34.726152974613505
-87.09303782343204 34.725823843311304
-87.09336443371005 34.72534657771767
-87.09392363457259 34.72452943462819
-87.09415596934012 34.72418993094988
-87.0944349935897 34.72380883374383
-87.09448410135816 34.72375139519324
-87.09474791798178 34.72344282396382
-87.09510182056803 34.723090970287274
-87.09518813204572 34.72300900124389
-87.09546093856083 34.722749919952825
-87.09582098787622 34.72242190813471
-87.0959387905068 34.72230888257756
-87.09650998033233 34.72176085535647
-87.09666395810241 34.72157585847118
-87.09681787558237 34.72139093402157
-87.09701885499847 34.7209638294793
-87.09705872874729 34.720705056986986
-87.09709187068995 34.720489972542744
-87.09709674531095 34.71977698958525
-87.09710295299236 34.71886902749778
-87.09710926376148 34.71794598736089
-87.09711561536145 34.71701697512753
-87.09711794772262 34.71667583398541
-87.0971175696591 34.71604900465806
-87.09711702141055 34.715140008549135
-87.09711683013552 34.71482287454954
-87.09711887904523 34.7146848525409
-87.09712568590503 34.7142038344475
-87.09713903006279 34.71326084729996
-87.09714290716819 34.71298686518491
-87.09714879743872 34.71235391069102
-87.09715389677481 34.7118059481339
-87.09716396878655 34.71144944576513
-87.09716991552345 34.7112389589378
-87.09619482076603 34.71123299847319
-87.09613326723074 34.711233492643636
-87.09495029690004 34.71124298988809
-87.09482596281526 34.711243988079815
-87.09438898625349 34.711235978705496
-87.09380141116132 34.71124261172629
-87.09359698951833 34.71124491940241
-87.09264418077564 34.71124860241402
-87.09229593185252 34.71124994854443
-87.09197090026672 34.71124994854443
-87.09152193963354 34.711248332488154
-87.09114295447937 34.711246968312125
-87.09071398729192 34.71125590900904
-87.090404 34.71125590900904
-87.089255 34.71125590900904
-87.08881483425532 34.71125590900904
-87.08809382068416 34.711245032466834
-87.087752940232 34.711239890260394
-87.08695474453611 34.71122148741519
-87.08641183569458 34.71120897035023
-87.08583084075359 34.71119571748534
-87.08478686403006 34.71117190371093
-87.08471996955149 34.71117174634581
-87.08391589113882 34.71116985480122
-87.08360997330153 34.711169444283456
-87.08252784794259 34.71116799215603
-87.0824800411474 34.711168245562924
-87.08137504002738 34.711174102782714
-87.08027889013914 34.71117991308525
-87.08024797142605 34.71117981033833
-87.07910001477534 34.71117599552829
-87.07814895536339 34.71117283503352
-87.07796551343706 34.71116645805408
-87.07677752875883 34.71112516022201
-87.07567249861704 34.71108674613295
-87.07455523313492 34.71104790670757
-87.07452685552524 34.71104692021862
-87.07402897046572 34.711029970147386
-87.07345159770361 34.71102147401677
-87.07314291014842 34.71101693163105
-87.07288381620236 34.71118196199496
-87.07274486287113 34.71128589759661
-87.07264483882437 34.71140398930171
-87.07256582316096 34.71155707496111
-87.07251687509977 34.71165190737661
-87.07249694479623 34.71168990533851
-87.07249396456392 34.71190783482584
-87.07250123252739 34.712448652817656
-87.07251382439898 34.71338562928136
-87.07251389486746 34.71339087292681
-87.07251799268688 34.714263894727765
-87.07251799268688 34.714277
-87.07251799268688 34.714324989490024
-87.07231281763956 34.71433423632464
-87.07229894561243 34.714334861509535
-87.07217787367503 34.71434082197415
-87.0711872486921 34.714366521959384
-87.07007190066511 34.7143954576599
-87.06990190751631 34.7143998678267
-87.06981883354081 34.714401916736406
-87.0689636209754 34.714424143901255
-87.06785180930906 34.714453040133826
-87.06667260343748 34.714483687956786
-87.0660849749912 34.71449896055085
-87.0655583345629 34.7145114966824
-87.0652868315269 34.7145179595318
-87.06439187696031 34.714539555572465
-87.06437599802858 34.71453993874505
-87.06380584233565 34.71453882115794
-87.06327013863557 34.714523911264514
-87.06323699049436 34.714522988673814
-87.06267689308547 34.71448890226682
-87.06213728905949 34.71444840317126
-87.0609797202808 34.71436152374426
-87.05982810159233 34.714275090891526
-87.05871372809274 34.71419145341538
-87.05840081852081 34.71416796850043
-87.05755723173151 34.714106793617944
-87.05744788924116 34.714098864363855
-87.05640815724998 34.71402349969794
-87.05527804097952 34.713941583554266
-87.05525592838055 34.71393998072907
-87.05490295711688 34.71391893283842
-87.05438998463131 34.71390384541237
-87.0541843889242 34.713912091603206
-87.05384199441616 34.71392582462562
-87.0530692923002 34.71397635262486
-87.05277097343142 34.7139958600848
-87.05268287031389 34.714002938136524
-87.05238391576076 34.71402584867237
-87.05228892085601 34.714032926724094
-87.05192191285182 34.714060935814665
-87.051673875414 34.71407986538291
-87.05150698240489 34.71409290389924
-87.05080151871711 34.71414680490621
-87.0507878150967 34.714147851932374
-87.05068294817245 34.71415586130669
-87.05053989702179 34.714173928965046
-87.05017481856439 34.714218818714144
-87.0498168181587 34.714280844799
-87.04971435853827 34.71429824889891
-87.04968084505977 34.71430394159937
-87.04939995816498 34.71436485009711
-87.04920996835553 34.714405828291305
-87.04861553998896 34.71454363414067
-87.04797987747148 34.714690999270026
-87.04753467868522 34.71479402047676
-87.04705581919228 34.71490483093794
-87.04663895919857 34.71500988412671
-87.04646851702417 34.715048899166625
-87.04622396185005 34.715104879031436
-87.04589986158683 34.71521887291712
-87.04544984650872 34.71542096992033
-87.04544922685942 34.715421315917396
-87.04508290540612 34.71562586089132
-87.04473887483937 34.7158549662498
-87.04455610914724 34.71602455524315
-87.04445985058977 34.71611387393133
-87.04419889399854 34.71639885864553
-87.04417989501759 34.7164228867685
-87.04402883449261 34.71661287657796
-87.04387980055428 34.716800228377025
-87.04372093924256 34.716999934248626
-87.04326334674943 34.71759341352264
-87.04324298448658 34.717619822568146
-87.0430898750519 34.717803851913004
-87.04306584692894 34.717826948713366
-87.04290789461675 34.71797391141893
-87.0426879162197 34.71810597296296
-87.0424399981448 34.71819985028058
-87.04238654236144 34.718210223428336
-87.04217699264386 34.71825088675881
-87.04173591826266 34.718238965829585
-87.04139691683793 34.71820189919029
-87.0412600306784 34.71818686115355
-87.04095099957922 34.71815291162177
-87.0404218220805 34.71809498335633
-87.04011092621239 34.718066756753515
-87.03999099224785 34.71805586780732
-87.039523840834 34.718032957271475
-87.03899670716821 34.71803067389545
-87.0378777382442 34.7180258268766
-87.03741681659409 34.718023830310045
-87.0368159272555 34.71802196766485
-87.0367599471884 34.718021908759134
-87.03575384696768 34.718020850077735
-87.035647 34.718020850077735
-87.03549084146672 34.718020850077735
-87.03451787873442 34.71801915975801
-87.03339287861729 34.71801720530505
-87.03226689136147 34.71801524913715
-87.0311188759189 34.71801325469987
-87.02999687578838 34.71801130545877
-87.02886589112626 34.71800934060891
-87.02809297356217 34.71800799782592
-87.027765 34.71800799782592
-87.02671182215315 34.71800799782592
-87.026638 34.71800799782592
-87.025528 34.71800799782592
-87.02501290347456 34.71800799782592
-87.02442076113513 34.718006416095534
-87.02424586618496 34.71800594891621
-87.0232897694157 34.71800290311266
-87.02237483909074 34.7179999884516
-87.02215924713778 34.71800089086396
-87.02104126373877 34.71800557045438
-87.02095084684233 34.71800594891621
-87.0204499815505 34.71802196766485
-87.01994185194243 34.71805996562674
-87.01991324825379 34.71806350444327
-87.01943297727628 34.718122923034194
-87.01878050973126 34.71823374052993
-87.01845583360917 34.7182888847207
-87.01841895323439 34.71829484518531
-87.01820195506964 34.71833396073432
-87.0177068639779 34.71842299517444
-87.01765383364787 34.71843249403566
-87.01721084156358 34.71851184335005
-87.01656980224877 34.71862662526241
-87.01589283382653 34.71874784049573
-87.01547996636694 34.718808340195416
-87.01540090923163 34.71881992486462
-87.01489892635269 34.71886090305882
-87.01439396324145 34.71886686352343
-87.01435167490932 34.718864510264574
-87.01325792249692 34.71880364518854
-87.01293793349575 34.71878583845763
-87.01214163062433 34.71873623107525
-87.01144595469786 34.7186928924626
-87.01100765301842 34.71866522171863
-87.01032184832518 34.71862192568083
-87.01029893778933 34.71862099435823
-87.0102529304531 34.71861782786141
-87.00988404215298 34.71859490583739
-87.00893399139346 34.71853587147301
-87.00876319474847 34.71852577458479
-87.00766078466589 34.7184606040343
-87.00717584059781 34.71843193587136
-87.00689495370302 34.71841796603243
-87.00654225794464 34.71840004178461
-87.00630486770656 34.718387977444856
-87.00542206170228 34.71838855648592
-87.00488497327756 34.71838890876745
-87.00426703024473 34.71838909695817
-87.0030990231929 34.718389452667466
-87.00199300486348 34.71838978949848
-87.0018268824032 34.71838984009005
-87.00158492479291 34.71838984009005
-87.00153090808237 34.71838984009005
-87.00144094231965 34.718390957677165
-87.00123288485183 34.71839393790947
-87.00088105766339 34.71837869573114
-87.0008158385936 34.718375870251116
-87.00059083105454 34.7183298629149
-87.00039394945787 34.718289816043296
-86.99999683350318 34.71814695115716
-86.99979662493267 34.71805310601521
-86.9995529651542 34.717938893689336
-86.99908097086282 34.71776585395111
-86.99873938341331 34.71770369227743
-86.99855384227381 34.717669927723776
-86.99804385002055 34.71762485171016
-86.99799784268434 34.71762094015526
-86.9976032939412 34.717606311613324
-86.99647860671777 34.71756461198941
-86.99534649558572 34.7175226371119
-86.99425169268166 34.717482045498144
-86.99311270529374 34.71743981567217
-86.99197422298784 34.71739760457294
-86.99085103881588 34.71735596067712
-86.98998492933777 34.71732384824732
-86.98972156717326 34.71731523007521
-86.98855952001962 34.71727720364726
-86.98745956818412 34.717241209204964
-86.98699091345796 34.71722587311028
-86.98633856691897 34.71720473695861
-86.98515672478186 34.71716644504906
-86.98424295300788 34.71713683867015
-86.98406898194706 34.71714093648957
-86.98403097697695 34.7171382041061
-86.98401198500422 34.71713683867015
-86.98391289228006 34.717134976024965
-86.98290685166722 34.71711801202333
-86.98177387922861 34.717098907678974
-86.98066689585293 34.71708024156594
-86.97954871753062 34.717061386682104
-86.97868798625517 34.71704687290743
-86.97842385814162 34.717043724621
-86.9779378990368 34.717037932210516
-86.9776499340903 34.717033834391096
-86.97729836299325 34.71702641585654
-86.9761993065053 34.71700322456291
-86.9757079402143 34.7169928561969
-86.97531287316933 34.71698093526768
-86.97510672940341 34.716987541777954
-86.9749409029247 34.7169928561969
-86.97399946082892 34.71697636418869
-86.97305888622385 34.71695988737702
-86.97285630391985 34.71695627561162
-86.97171936382202 34.71693600552472
-86.9716589220984 34.71693492793146
-86.97106995368905 34.71692784987974
-86.9709259712158 34.71692691855714
-86.97057474401306 34.71692576733568
-86.97030086748974 34.716924869647436
-86.96943843487556 34.71690989252534
-86.96834225588954 34.71689085613195
-86.96811281818404 34.71688687168554
-86.96723468590999 34.71687605074048
-86.96681287810533 34.7168708529369
-86.96638484224047 34.71683788411702
-86.96638093068557 34.71697292589336
-86.96636802438792 34.71736830929807
-86.96633795135114 34.7182895943932
-86.96633399202676 34.7184108879807
-86.96631255113411 34.719189717001974
-86.96628774476957 34.72009079499825
-86.96626266427293 34.72100183069857
-86.96623717206631 34.72192782154415
-86.966228938838 34.722226889183226
-86.96621216988773 34.72283687599878
-86.96618625481537 34.723779561866536
-86.96618088259207 34.72397498169485
-86.9661568544691 34.72429591546124
-86.96614072148122 34.72470039664485
-86.96610488666829 34.72559883577225
-86.96610390353638 34.72565028274086
-86.96608793659705 34.72648582741214
-86.96608568710629 34.72654999259055
-86.96605347164645 34.72746891644713
-86.96602067498952 34.728404418551044
-86.96599983347951 34.72899890830365
-86.96599123500431 34.72931426215859
-86.96596648226709 34.73022208254755
-86.96595792396272 34.73053596311515
-86.96593129912239 34.73115371760755
-86.96592383755574 34.731326842263194
-86.96557887566638 34.7313298224955
-86.96482741236362 34.731313053875716
-86.96423497716117 34.731299833907926
-86.96371735923097 34.73129131211643
-86.96261429001312 34.73127315176044
-86.96147957475256 34.73125447040052
-86.96065981598183 34.731240974319896
-86.96033335767875 34.73123416276763
-86.9593118196572 34.73121284837752
-86.95921489735258 34.731215026406836
-86.95899684635543 34.73121992642924
-86.95806074483848 34.73120661459236
-86.95793588365471 34.7312048390032
-86.95773993338064 34.73120185877089
-86.95727594846359 34.73118192846734
-86.95717387550712 34.73117783064793
-86.95700698249803 34.73117596800274
-86.95693389426756 34.73117666143946
-86.95690882109646 34.731176899325334
-86.95663091443399 34.73117987955764
-86.95645191423115 34.73117298777043
-86.9557740318888 34.7311611553964
-86.95465230530208 34.73114157576186
-86.95421096580202 34.73113387222142
-86.95376896009823 34.731132940898824
-86.95350403339575 34.73112833077695
-86.95235810916323 34.731108389976995
-86.95121733720615 34.73108853883437
-86.95009422239768 34.7310689949526
-86.94898228292853 34.7310496455385
-86.94783110340977 34.73102961328868
-86.94773194077011 34.73102788771006
-86.94669304010532 34.731010035819914
-86.94552883670235 34.73099003079734
-86.9452929931572 34.73098597819327
-86.94443128720494 34.73096489787419
-86.94361791633706 34.73094499999907
-86.9435139807354 34.73094295108936
-86.94340687863694 34.73093997085705
-86.94330282067777 34.73093747949166
-86.94273781648437 34.73092395210841
-86.94223788251514 34.73091184491467
-86.94220128739612 34.730911554044376
-86.94148798156131 34.73090588445006
-86.94107832182951 34.73090313026361
-86.94073994325265 34.73090085530804
-86.93991790324448 34.73088211258467
-86.93877799146829 34.73085612230333
-86.93841983240291 34.730847956184626
-86.93802588294504 34.73083789790059
-86.9376442922488 34.7308358447608
-86.93729889252705 34.730833986345694
-86.93710592248527 34.73082988852627
-86.93692785360503 34.73083193743598
-86.93652372962944 34.73082350689559
-86.93567783241744 34.73080586040331
-86.93542680076088 34.730805465140115
-86.93449486645672 34.73080399775812
-86.93431187846592 34.73079503864072
-86.93406496794667 34.73078294986746
-86.93368796856004 34.7307589217445
-86.93325192332085 34.7307628332994
-86.93314367258014 34.73076085116914
-86.93248898385067 34.73074886346047
-86.93199175697504 34.73074011609189
-86.93086280544405 34.7307202552283
-86.93066787564757 34.730716825963185
-86.92973878697352 34.730700603084024
-86.92861062407702 34.73068090415662
-86.92748748476508 34.730661292946365
-86.92672093048813 34.73064790809113
-86.92633133336685 34.73064285897767
-86.92521122814814 34.73062834260157
-86.92440696636751 34.73061791950355
-86.92408723060248 34.73061159724046
-86.92296344200561 34.73058937611933
-86.92186436023152 34.730567643536084
-86.92182589892654 34.730566883025325
-86.92182589892654 34.73057284348993
-86.92181099776501 34.730566883025325
-86.92167390707897 34.73056297147042
-86.9213239160476 34.73055291318639
-86.920743611017 34.73055093139337
-86.92072395803163 34.73055086427668
-86.91963410806153 34.73053330282269
-86.91848716726054 34.730514821427406
-86.91736233724528 34.73049669631744
-86.91624036298934 34.73047861722416
-86.915452858406 34.73046592765598
-86.91535693217867 34.73046499633338
-86.91526081968682 34.730462947423675
-86.91509749913929 34.730460333305345
-86.91396217144886 34.730442161183255
-86.91286209106474 34.73042455323164
-86.91171557334435 34.73040620200128
-86.91157185088632 34.73040390157112
-86.91076886454454 34.73039086305479
-86.91061453657507 34.73038882437619
-86.9094934937236 34.7303740153557
-86.9086538309303 34.73036292337692
-86.90856181625787 34.73036199205433
-86.90846384112083 34.730360874467216
-86.90838307303027 34.73035948179266
-86.90721969162918 34.73033942174586
-86.90632496564817 34.73032399409244
-86.90612437826353 34.73032151175678
-86.9049852151499 34.73030741423404
-86.90386570718141 34.73029355995027
-86.90275781384314 34.73027984940141
-86.90271644791015 34.73027814248993
-86.90246891757404 34.73026792847219
-86.9021768548081 34.7302699773819
-86.90161318944101 34.73026404845289
-86.90045531681568 34.73025186933916
-86.89936030930733 34.73024035147384
-86.89865291637152 34.7302329107426
-86.8982061599823 34.7302284179065
-86.89776387582191 34.730223970045685
-86.89708495162584 34.73021466496813
-86.89594700430888 34.73019906869376
-86.89520888541361 34.7301889523161
-86.89480017621332 34.73018444417592
-86.89366926560994 34.730171970016954
-86.89255123837127 34.73015963796396
-86.89141644278233 34.730147120952864
-86.89028346722827 34.730134624017104
-86.88915940841474 34.73012222543469
-86.88802238459792 34.730109683845825
-86.88689240850358 34.730097219994676
-86.88641086711908 34.730091908501656
-86.8857522652237 34.730083395626046
-86.88462025818049 34.73006876366824
-86.88416284063823 34.730062851236674
-86.88348136977105 34.73005408275781
-86.88237939223363 34.73003990362381
-86.88126939761128 34.73002562133405
-86.88051485003191 34.73001591257786
-86.88014850510375 34.7300112470017
-86.87981281905948 34.73000697188095
-86.87901572978582 34.73000006612587
-86.8779155955037 34.72999053487491
-86.8778348761313 34.72998983554519
-86.87754095072019 34.729972885473956
-86.87702592932492 34.72997381679655
-86.87681808227067 34.72997072935973
-86.87571215765652 34.7299543015475
-86.87459181989507 34.72993765963706
-86.87346879090659 34.72992097775015
-86.87318888023172 34.72991681985371
-86.87234649995409 34.729906750366005
-86.8712067676918 34.72989312644779
-86.87006660184827 34.72987949734672
-86.86901282971381 34.7298669009626
-86.86893696366452 34.72986544380493
-86.86780233217 34.729843650960945
-86.86665733194238 34.7298216589649
-86.86615199296516 34.72981195292947
-86.86551444042955 34.7297996680733
-86.86464399541863 34.729782895664485
-86.86439264388062 34.72977681829697
-86.86323860461933 34.729748915063205
-86.86240993877672 34.729728878953956
-86.8621304026187 34.7297234387268
-86.86138585645078 34.72970894865041
-86.8610114498651 34.72970112856401
-86.860948879889 34.729699821688975
-86.86081681834497 34.72969795904378
-86.86015986338614 34.72968492052745
-86.85986582083129 34.729674488862535
-86.85982384219372 34.72967299959823
-86.85874028413357 34.729662905850105
-86.85762804086247 34.72965254488852
-86.85648191227777 34.72964186827259
-86.85534411362207 34.729631269253055
-86.85421032824243 34.729620707618686
-86.85309609901807 34.72961032815721
-86.85198469014013 34.72959997496831
-86.85112584794594 34.729591974532426
-86.85083435917838 34.72958949904395
-86.85077492559198 34.72958899430012
-86.85071792864915 34.72958899430012
-86.84972137069623 34.72957967447748
-86.84856863072746 34.72956889403863
-86.84742191767002 34.72955816996353
-86.84631095075852 34.72954778018685
-86.8456789146143 34.72954186937679
-86.8451615676463 34.72953521489889
-86.84403080653992 34.72952067026007
-86.84381086775238 34.72951784125383
-86.84372090198966 34.729516909931235
-86.84363484778184 34.72951597860864
-86.8429101027505 34.72950678743931
-86.84177799680393 34.729492430145356
-86.84067712750546 34.729478468992546
-86.84015393644916 34.729471833917614
-86.83987994134158 34.72944687447205
-86.8395637712518 34.729461409305564
-86.83948692320631 34.729464942130406
-86.83902889875387 34.729455815168976
-86.83877986309186 34.72946699104012
-86.8384519108045 34.7294615153267
-86.83764197314476 34.72944799205917
-86.83751885229763 34.729445943149464
-86.83734559729048 34.729443883766635
-86.83622428630454 34.729430555386536
-86.83509617032055 34.72941714611933
-86.83396219634625 34.72940366722156
-86.83281419011112 34.72939002153036
-86.8319558761706 34.72937981924519
-86.83169243458657 34.72937738838886
-86.83054237464081 34.72936677643287
-86.82947297013118 34.729356908709335
-86.82939952473512 34.72935298957232
-86.82876088087471 34.729318910747445
-86.8282281808705 34.72932176896343
-86.82764999928288 34.72932487121206
-86.82706857512377 34.72931888814597
-86.8259214350301 34.729307083657126
-86.82531498727161 34.72930084308909
-86.82481448319892 34.72929627894261
-86.82371253786077 34.72928623019335
-86.82255558579394 34.72927567983225
-86.82142042852992 34.72926532822012
-86.82030732255475 34.7292551776959
-86.81916340938537 34.729244746237804
-86.81803044086485 34.72923441458505
-86.81720596143319 34.72922689607501
-86.81714784690323 34.72922689607501
-86.8170889873152 34.72922596475242
-86.81693541947551 34.72922458312243
-86.81583031215021 34.72921464061477
-86.81468463592462 34.729204333113955
-86.8135505054375 34.72919412948866
-86.81244351821694 34.72918417006782
-86.81133846416503 34.72917422803945
-86.8102367560305 34.72916431611387
-86.80913802089984 34.729154430936006
-86.80851783920492 34.72914885124152
-86.80801437799167 34.729141024160086
-86.80691651765576 34.72912395622709
-86.80658888384527 34.72911886265395
-86.80580475920628 34.72911485972043
-86.80467468943877 34.72910909074708
-86.80366993256666 34.72910396149242
-86.80355513063827 34.729104319200474
-86.80245314186486 34.72910775285585
-86.80175699595564 34.729109921957026
-86.80167392198013 34.72910582413761
-86.80147685411893 34.72909483453098
-86.80133829433719 34.72909251876862
-86.8004069507213 34.72907695313715
-86.80023393925082 34.729076590765345
-86.79910191249314 34.729074219739985
-86.79798683601088 34.729071884216914
-86.79686769753675 34.72906954018601
-86.79658294014446 34.72906894376283
-86.79575266097561 34.729064216108334
-86.79462169840309 34.72905777634627
-86.7935107095816 34.729051450315815
-86.7923937041888 34.72904509002669
-86.79147985111504 34.72903988649785
-86.79129676709542 34.72903881229752
-86.79046396442794 34.72903392603324
-86.79039299764618 34.72903392603324
-86.790152 34.72903392603324
-86.78976696259753 34.72903392603324
-86.78956784582662 34.72902591665892
-86.78924281424082 34.7290218188395
-86.788997464006 34.729018600594976
-86.78840499643397 34.72901082923288
-86.78788494483571 34.7290039604072
-86.7875729528272 34.72899983962625
-86.78707786173547 34.728993879161635
-86.7867610589896 34.72898398693512
-86.78637396811784 34.728971899948384
-86.78563792932499 34.728942246077786
-86.7845011103769 34.72889644539132
-86.78443681711934 34.72889385511489
-86.78336590329488 34.728892548803806
-86.78290982059188 34.7288919924697
-86.78227468397891 34.72892694383473
-86.78174883384442 34.728955881199745
-86.78113479353796 34.72900003120525
-86.78062193350394 34.72903690626555
-86.78001673757973 34.72907194122398
-86.77908394736984 34.72912594070567
-86.77891740034359 34.72912879244704
-86.77791998039007 34.729145871009216
-86.77778328015769 34.729143542345575
-86.77692495532911 34.729128920937974
-86.7766609940245 34.729115275172695
-86.77554113383215 34.729057382788234
-86.77543688808613 34.72905199369159
-86.77442560335942 34.729013206572525
-86.77327800172233 34.72896919111361
-86.77269786833297 34.72894694050283
-86.7721371465331 34.72894831703506
-86.77100509484698 34.728951096141614
-86.77026991032668 34.72895290096744
-86.76988167758469 34.72895044651673
-86.76875366945465 34.72894331512346
-86.76791291910216 34.728937999805915
-86.76778085755812 34.7289368822188
-86.76765253245719 34.72893591538585
-86.76750891136025 34.72893483330909
-86.766531259222 34.72892662976885
-86.76559988630413 34.728918814560444
-86.7654368143996 34.728918319803455
-86.76529292237669 34.72891788323785
-86.76450688610613 34.72891695191525
-86.76438991198815 34.728914903005546
-86.76433119350538 34.72891390029921
-86.76357183822033 34.728900933166614
-86.76337588794624 34.72889087488258
-86.76331386186139 34.72888789465028
-86.76320117149145 34.728888596572176
-86.76265597557997 34.7288919924697
-86.76223594908943 34.72889385511489
-86.76208793649151 34.7288935969834
-86.76170192871322 34.728892923792294
-86.76097392772942 34.728891471602324
-86.76020790100563 34.72888994355999
-86.75979444738911 34.72888070557323
-86.75949096887166 34.728873924811346
-86.75904598293556 34.7288588373853
-86.758672 34.7288588373853
-86.75844695624218 34.7288588373853
-86.75801389123531 34.7288588373853
-86.75755907485157 34.7288598439874
-86.75750892812407 34.728859954972414
-86.75639074094651 34.72884921111927
-86.75624884865245 34.728847847778674
-86.75579194178712 34.72884281863666
-86.75529463454983 34.728839345589776
-86.75523184437823 34.72883890708176
-86.75504092324617 34.72883685817205
-86.75496492732238 34.728835926849456
-86.75494089919941 34.72883499552686
-86.75462592589764 34.72882791747513
-86.75459798621978 34.728826986152534
-86.75439495789398 34.72882288833312
-86.75418479321533 34.72881763983954
-86.75387285844697 34.728809849816784
-86.75306272366765 34.72880181170216
-86.7524648849472 34.72879587997785
-86.75220988882057 34.72879383106814
-86.75207484704423 34.72879196842295
-86.75195154431368 34.72879064345059
-86.75150282870612 34.72878582169382
-86.75084878788755 34.72877351654151
-86.750393996024 34.72876496006768
-86.750149989504 34.72875490178365
-86.74978584236918 34.728761979835376
-86.74973635449331 34.728763465957776
-86.74972381628433 34.72876384248057
-86.74870494936492 34.72874689240933
-86.74861666379245 34.72874569124508
-86.74826685521603 34.72874093194472
-86.74751470952317 34.72873620239821
-86.7473189550784 34.72873497148011
-86.74640180518672 34.7287239461313
-86.74581598667389 34.728716903821756
-86.74522777808404 34.72873779647659
-86.74499791290606 34.72874596108674
-86.74478091474133 34.72875285287394
-86.74473993654713 34.72875285287394
-86.74439888621268 34.72875285287394
-86.74409796942803 34.728752534780085
-86.7435178550374 34.72875192155134
-86.74299482426781 34.72875099022875
-86.742983 34.72875099022875
-86.74279291352912 34.72875099022875
-86.74276683649644 34.72875099022875
-86.74206387420142 34.72875099022875
-86.741877 34.72875099022875
-86.741552 34.72875099022875
