3.5959509055881926 44.32192461120892
3.595964877217223 44.32191091005305
3.596449910024924 44.32210797791424
3.596343925513564 44.32256097322466
3.5962738900543876 44.322861976687506
3.596267748792603 44.32289328393135
3.59619584522089 44.32325983770028
3.5960928409418353 44.32339394815401
3.595997846037102 44.323522843201225
3.5958163285065 44.323762116309744
3.595792955066106 44.323792926753896
3.5955588205656146 44.32410082200395
3.595218887818282 44.32453686724313
3.595203986656755 44.324555866224074
3.5951218440038377 44.324655890270826
3.5951040389806934 44.32467878244344
3.59498885113721 44.32482688109935
3.5947178362619394 44.325171842988695
3.5946578590867935 44.325246907589886
3.5943171541318892 44.325673061659344
3.59425087111259 44.32575596852055
3.594264848819308 44.32576255330744
3.5945118277038297 44.325878903103145
3.595111971984326 44.32621492429558
3.5953110943240496 44.32632941746424
3.595537958939477 44.32645986213818
3.595595887204913 44.326442912066945
3.5956579132897684 44.32640081628563
3.595721988284334 44.326356857859125
3.5957679956205486 44.32632184012954
3.5958108364599384 44.326360955678545
3.595869882312489 44.32638796403381
3.5958899988805504 44.32635387762682
3.5959119780938025 44.326335996232984
3.595968975036643 44.32631289943262
3.5960159136954526 44.32630898787772
3.596054842979942 44.32631383075522
3.596113888832492 44.326337858878176
3.5961399658651643 44.32636188700114
3.5961559846138056 44.32639299317583
3.596158964846111 44.32642093285369
3.596147975239485 44.32645390167357
3.596123947116523 44.32648295893855
3.596085949154629 44.3265058694744
3.596035843998995 44.32651890799073
3.59598387619817 44.32656193509464
3.5959458628585717 44.326598255532474
3.595937868861955 44.32660589352114
3.5956858529676317 44.326843939576534
3.5956189840052795 44.32694694385559
3.595382986859597 44.3272719754414
3.5953427069516817 44.32735582770187
3.595275884761122 44.32749493407074
3.5951339511975786 44.32769386457713
3.595020888634493 44.32785498338614
3.594889944677575 44.32805689412483
3.5947398154751915 44.3282049744175
3.5945978819116475 44.328393846639855
3.5941899626148484 44.32887198766035
3.5941517068635975 44.328909071761096
3.5936669318452537 44.3293789996813
3.593131555274244 44.32984563484468
3.5926529078033473 44.330262824824366
3.5923178179335107 44.3305569365
3.592287829345938 44.33058785641017
3.59201197159317 44.3308789878535
3.591727918201564 44.33114795381906
3.5914239345064147 44.33141785110722
3.5913811695704356 44.33145828148094
3.591348869905223 44.33148881788899
3.5912659821942294 44.33156593139989
3.591085864404273 44.331698924266526
3.5909638611442714 44.33177585151291
3.5907999483674753 44.33184383806237
3.590525953259899 44.33195988085776
3.5902229008873454 44.332066982956235
3.589977963044747 44.332170918557885
3.5896728617624833 44.3322949707276
3.589425875010175 44.332387916722624
3.589219866452065 44.332458883504394
3.5888948348662595 44.3325769752095
3.588514855247323 44.33271797745044
3.5882218611588 44.33283197133613
3.5879359451220023 44.332958817473624
3.5876608324273116 44.33309385924996
3.5873799455325295 44.3332659676656
3.5872512277658952 44.33335177951002
3.587184926581046 44.33339598029992
3.5869779867003406 44.33356287330902
3.5867449697869636 44.33377894015116
3.58659484058458 44.3339618519089
3.586448995466135 44.334166929144416
3.5863698330455236 44.33431184294027
3.5862878766571256 44.334495872285125
3.586217841197949 44.334693871468914
3.586168853629429 44.33488591018809
3.586168259414075 44.334889867662355
3.5861409139515663 44.33507198844266
3.586130855667536 44.33523292098715
3.586135884809551 44.33537690346041
3.586182823468361 44.33557192241189
3.586208900501033 44.33568982785247
3.586240937998316 44.33579991018325
3.5862588193921483 44.33585299557119
3.5863009151734615 44.33587497478444
3.5863292141597616 44.335884197733414
3.5863929298458905 44.335904963372016
3.5865428727837547 44.335945941566216
3.586976869113226 44.33595190203082
3.587139850567427 44.33595693117284
3.5873108413959485 44.33595190203082
3.5876429869928073 44.33588848930078
3.5876718220339376 44.335882984158765
3.5893925921454786 44.33557545883127
3.589400915564617 44.335573971321594
3.589758915970301 44.33555497234065
3.590698045052274 44.33562295199171
3.5920799581426373 44.335722982936865
3.592254034192791 44.335745100565354
3.5923628939471297 44.33575893198905
3.5934829025003965 44.336098864736385
3.59350944825631 44.33611221191544
3.593848912280401 44.33628289408124
3.594744151782027 44.33647510756082
3.5955258517457365 44.33664294339663
3.5959268673197187 44.33681006735392
3.596072910638293 44.336870931167994
3.5967719613784244 44.33758395174706
3.596804521561924 44.33767719227254
3.5968948959610216 44.337935991688134
3.596968381944897 44.33879221253788
3.59698895954316 44.339031972118434
3.597020997040443 44.33990182742257
3.597006976603935 44.33997227917966
3.596811821985509 44.340952918103774
3.59661382280172 44.34130682069003
3.596265035602709 44.3418888095407
3.5961978941306003 44.34200084228816
3.595663873754379 44.34268089404734
3.5956479103653947 44.34271403998629
3.595585828920882 44.34284294417895
3.5956258757924857 44.34301784656237
3.595763897801129 44.34316592685504
3.59598592510788 44.343242854101426
3.5963279067649223 44.34328085206331
3.596884778842368 44.343358380465375
3.5979159980546536 44.343501948047475
3.598285932127509 44.34353945694779
3.598931884741751 44.34360495232653
3.5993949383361996 44.3437578754967
3.599597841811254 44.3437507911622
3.600509917747451 44.343718946212206
3.600776834803302 44.34363289200439
3.601112855995734 44.34344681374982
3.6013218447861486 44.34336783759373
3.6016839430112526 44.343303948863685
3.6021609664446332 44.3432348447271
3.6024198741261633 44.34321193419125
3.602607128976222 44.34322329210755
3.6027668849252215 44.343232982081915
3.6035948307125607 44.3434309812657
3.603817975606426 44.34348294906653
3.604474930565244 44.3436349409141
3.6046479703034753 44.34368187957291
3.6048498810421647 44.34374986612238
3.604985991910051 44.34381568086741
3.605426928522294 44.344028890371966
3.60548094523283 44.34405683004983
3.6057238341657185 44.3441648634709
3.605858875942056 44.34421794885884
3.6060621417374064 44.34425139573616
3.606107911604074 44.34425892705304
3.6066488237675016 44.34426190728534
3.607631967888244 44.34447635147276
3.6076479466478815 44.34447983677268
3.608241944199248 44.3445688712128
3.6083149598907296 44.34456086183848
3.608437894473327 44.34453497107032
3.6086079539792526 44.344481885682384
3.6088618325187674 44.344447985539915
3.6089017795135914 44.34444712751916
3.6094688685864704 44.34443494702358
3.609739883461741 44.34443084920416
3.60993583373582 44.34445096577222
3.6100339951373783 44.34450181598593
3.610172365478543 44.34462342579571
3.6104368852921622 44.34485590483671
3.610584965584836 44.34498498614844
3.61077383780719 44.345060982072226
3.610858960692412 44.34507085409174
3.6110388922178496 44.34507383432404
3.61128569147604 44.34504613693064
3.6123749676132566 44.34492389138618
3.612945868364257 44.344853855927
3.613185963329359 44.34483895476548
3.6132541235179825 44.34483793839733
3.6133858251583386 44.34483597453317
3.613537817005913 44.34486894335305
3.614105923789127 44.34505595293021
3.6145739751506576 44.34516819594969
3.6149649757511537 44.34526196148832
3.61555897330252 44.34540184614215
3.615842840429608 44.34548492011767
3.6160847409924872 44.34557628869227
3.6160918760916263 44.3455789836998
3.6172764091145297 44.346076632806074
3.618157922137333 44.34644697635875
3.61834018162522 44.346556229586554
3.6184229765479934 44.34660585999353
3.618723980010837 44.34687799245592
3.618919930284916 44.347068913587975
3.619070990809895 44.34714584083436
3.619680820845384 44.34738984735437
3.620336308590068 44.34773557902993
3.6206819926354736 44.34791790726597
3.621217875656885 44.348167874250585
3.621639246554232 44.34834259661823
3.6219729920172616 44.34848098490717
3.6222849850867314 44.348567970437585
3.6230815506818743 44.34873115180007
3.623197867494774 44.348754980014746
3.623558848132763 44.348794840621835
3.62400197142367 44.34881290828019
3.624777949410184 44.34877099876339
3.6250778352859134 44.34873095189179
3.62527654787556 44.348713156734505
3.625289990573153 44.34871195291084
3.62529629467141 44.348713114842674
3.6254799803826208 44.34874697064043
3.625623962855874 44.348822966564214
3.625865920466168 44.348869905223026
3.626107878076461 44.34891591255924
3.6262289500138674 44.34891684388183
3.626396960610083 44.34888685529426
3.626485995050207 44.34891796146895
3.62653188343684 44.34894211325139
3.6265638536191847 44.34895893966315
3.626687905788896 44.34902897512232
3.626834868494456 44.34904890542587
3.626995987303465 44.349041827374144
3.627225837720018 44.34898594801842
3.627445816117059 44.34895391052113
3.627772896612574 44.348941989591914
3.627904958156607 44.3489438522371
3.6279606992729705 44.34896051445062
3.6280258438294943 44.34897998755381
3.628223843013283 44.34910199081381
3.628386824467483 44.349206857738054
3.628512925546905 44.34924783593225
3.628996840767492 44.34929198062328
3.629307902514366 44.34931395983653
3.629505125231851 44.34930805627403
3.629811934303014 44.34929887241048
3.630428842390229 44.34927596187463
3.630871965681135 44.34930893069451
3.630948541583662 44.349332430177824
3.631047985651671 44.34936294740505
3.631139814059581 44.349438943328835
3.6312888256748503 44.34966786242279
3.631362958953446 44.349819854270365
3.6313689194180574 44.35002791173819
3.6313409797401945 44.35020188279901
3.631315863216422 44.350250636663766
3.6311828411634903 44.35050884672646
3.631056926348588 44.35065990725145
3.630865818952005 44.350828849170256
3.6305709622182913 44.35108291397429
3.630339994214624 44.351262845499726
3.630050911681002 44.351516910303765
3.6299911126141855 44.35161678917408
3.629911958349763 44.351748995894546
3.6297459966632575 44.352382854053
3.629768907199105 44.352626860573
3.6297966755453 44.35272357102009
3.62982292390964 44.352814987737275
3.629999875202772 44.353113942290406
3.6300689793393537 44.35327990397691
3.630054823235903 44.35336893841704
3.6299758470798102 44.35350398019337
3.6299408293502218 44.35360586688532
3.629956948347812 44.35366559464383
3.629964857473184 44.35369490132544
3.6301758951733087 44.353827894192065
3.630524954882077 44.35402999119528
3.630700974852614 44.35411790804829
3.630798949989653 44.35413988726154
3.6309529907469376 44.354130946564624
3.631232192402005 44.354122268005185
3.631791926140903 44.35410486953195
3.6320279232865857 44.354127966332314
3.632236912077 44.35417788522343
3.6324159122798423 44.35417993413314
3.632650052512505 44.35414701089923
3.6326649479418607 44.354144916403555
3.633207909014998 44.354091831015616
3.633604838705171 44.35406892047977
3.633944957717022 44.354085870551
3.6341108316841297 44.35411009284304
3.634800843182225 44.35421085404331
3.635613206585196 44.354305089490424
3.636205836449694 44.35437383549751
3.6368678978882705 44.35441753650641
3.636902838280115 44.35441984283372
3.63721185111728 44.35447590845397
3.637365891874565 44.35454799282286
3.6374998160637873 44.35467390763776
3.637647896356461 44.35487581837645
3.6378408663982342 44.35506897468274
3.637869587771803 44.355088078044375
3.638082824008528 44.35522990722723
3.638358868025814 44.35543982734024
3.638427972162395 44.355509862799416
3.638533956673755 44.35568383386025
3.638766940826452 44.35587094956547
3.638974844790433 44.356037922711025
3.6391378262446334 44.35612099668654
3.63963198601377 44.3562679593921
3.640133968892708 44.35644993982725
3.640474832962636 44.3565138285573
3.640527360967567 44.3565321366758
3.6406789788755543 44.35658498160358
3.641102916920995 44.356799930858614
3.6413169348534256 44.35698191129376
3.641457937094374 44.35718791985187
3.641497123066228 44.357304244950335
3.641540824805368 44.35743397528158
3.6416028508902234 44.3577279006927
3.6416738176719954 44.35788492168229
3.641785948912485 44.35800487603258
3.641968860670228 44.3581319084346
3.6420819749385376 44.35819351466422
3.642258874526446 44.35828986074678
3.642441972548707 44.35834890659933
3.6426168749321297 44.358355984651055
3.6426269332161607 44.35835691597365
3.642757877173078 44.358309977314846
3.642836853329171 44.35823789294596
3.6428958991817217 44.35812892820229
3.6428729886458737 44.35798885728394
3.642688959301016 44.35769791210512
3.6425859550219615 44.35747681612097
3.6425578290795793 44.35736282223529
3.642552896543436 44.35732587338396
3.642506978865869 44.35698191129376
3.6423549870182943 44.356623910888075
3.642334870450233 44.35646782122108
3.6424108400893656 44.35636634486736
3.642411983961135 44.356364816942026
3.6424488841410594 44.356346187724974
3.6426038364157938 44.3562679593921
3.643084957668594 44.3561098208154
3.643643973964099 44.3559308793095
3.644046827645156 44.355801925565345
3.6447518388498983 44.355581947168304
3.645328886330028 44.35531689275764
3.6455954692994887 44.35518285511193
3.645694896110033 44.355132863412784
3.646153851885062 44.35478398996854
3.646301932177736 44.3547309045806
3.64650496050354 44.35469998467043
3.6467238213134663 44.35468098568949
3.646778620983882 44.35466370535523
3.646961867368859 44.35460592108829
3.647120937268159 44.35453681695171
3.647476888764133 44.35443586158237
3.6480099778177584 44.354363963478
3.6487039994158743 44.35429690825113
3.648924312502864 44.35425783734283
3.649369895071609 44.354178816546025
3.6497448455485295 44.35418887483006
3.650566830871258 44.3542449404503
3.65096394682595 44.35428386973479
3.651056050091485 44.3543091272043
3.651211864900854 44.35435185628426
3.651399992065131 44.354463987524746
3.6517129164571966 44.3547269930257
3.651835851039794 44.35483893800167
3.651942751068032 44.35497835345516
3.651969961493536 44.35501384038509
3.651999950081109 44.35522785831752
3.6519328948542378 44.35535191048723
3.6518028822199153 44.35559591700723
3.651758923793411 44.35569482346687
3.651730984115548 44.35585184445646
3.6517530084442273 44.35594224101428
3.651764884258022 44.35599098405222
3.651835851039794 44.35609696856358
3.6519949209390936 44.356193826113504
3.652204841052104 44.35625995001778
3.652433946410581 44.3562679593921
3.6528958824179143 44.35614688745469
3.653076783464381 44.35613890516121
3.6532589119656143 44.35613086870605
3.6535558176090377 44.35618097386168
3.653896867943485 44.35627894899873
3.6549930613533097 44.356599140593914
3.655385866509062 44.356713876650794
3.6555749249959346 44.35673883609635
3.6558289897999687 44.35669990681186
3.656336933143517 44.35658088378416
3.656596958412162 44.35648197732453
3.6569055459077258 44.35636556945516
3.6571089995751302 44.35628882101824
3.657543927227197 44.35611689886712
3.657841950457735 44.35597198507127
3.658087082808471 44.35581887870226
3.658179834295358 44.355760947371145
3.658563911733715 44.35546683569551
3.6587058452972583 44.3553789188425
3.658872924570879 44.35531987298995
3.6591746379803016 44.355250793825505
3.659204847943891 44.355243877066165
3.659650951467103 44.35518483121361
3.659800894404968 44.35520587910427
3.659937985091015 44.355273865653736
3.660019941479413 44.35537482102309
3.6600918395837807 44.355499990779904
3.6601758448818886 44.35558995654262
3.660287976122379 44.35567098160843
3.660424880543907 44.3557829265844
3.660511188570433 44.35589999049214
3.6605759410688865 44.355987817555395
3.660908982029013 44.35651587746701
3.660902835299883 44.356993832222976
3.660916635325513 44.35703202299158
3.660958900920128 44.35714899056738
3.661035828166511 44.35722498649117
3.66113585221326 44.35726596468537
3.661299951254575 44.357263915775654
3.6615759952718614 44.3572048699231
3.6624018921494903 44.35708398425022
3.662491003812873 44.35707274646757
3.6626958175606097 44.35704691761091
3.663244925362876 44.35704393737861
3.663567908038971 44.35704691761091
3.664029427339371 44.35701453991921
3.6640378534206266 44.35701394879104
3.665013879500639 44.35692789458322
3.665280447482727 44.356975047257194
3.6657488792929542 44.357057907217545
3.6663028299727176 44.35708398425022
3.66695885360894 44.35703387909458
3.6674192491865183 44.35705948143514
3.6675349697664745 44.357065916591864
3.667868942049197 44.35732594186051
3.6681807902001946 44.357769513010986
3.668204963241629 44.35780389661649
3.6685929522348855 44.35828594919188
3.668735817121025 44.35848990884028
3.668760804567286 44.35864026433589
3.66878983383156 44.358814940426086
3.6689738631764177 44.35924688784585
3.669397987486377 44.35950281529507
3.6694100901753934 44.35953312394737
3.6697669774986874 44.36042687357426
3.6697592384119697 44.36054523112875
3.6697498411629312 44.360688947752614
3.6698209942092226 44.361024968945046
3.670163907188861 44.361441828938766
3.670224459324512 44.36149507685269
3.670983843601879 44.36216285889215
3.671256541639177 44.362264486223026
3.672274842983667 44.362643980144945
3.6724297852661945 44.362638711249616
3.672745905952437 44.362627961396306
3.6732689367220313 44.362283930829555
3.6735732370279024 44.36215931105761
3.673964820965338 44.36199894611535
3.6747268291129207 44.36189091269428
3.674908447826303 44.36182592510682
3.676034964830465 44.36142282995782
3.6762025755481895 44.36136500134692
3.676677949950351 44.361200988915584
3.677360377140008 44.360780723301
3.6775599124482254 44.360657841577925
3.6780408474365065 44.36062599034516
3.6789557567725546 44.360903790965914
3.6791008788146273 44.36094785543415
3.679428890632739 44.36119093063155
3.6799459609377223 44.361243829754976
3.680142229447271 44.36144785403627
3.68017692894139 44.36148392472008
3.680351831324812 44.361879923087656
3.680832952577613 44.362092823432974
3.681061031627768 44.362093134167374
3.682336852304716 44.36209487234268
3.682450777793508 44.36205424807748
3.682838835183654 44.36191587213984
3.683366895095264 44.3616919821879
3.6838804055057617 44.36149886068148
3.684249975180253 44.361359872550366
3.685164161861034 44.36126848760367
3.6852599014027394 44.36125891718102
3.685551964168667 44.361531980966
3.685479879799781 44.36192797933358
3.685186516019571 44.36220549659381
3.684941947868659 44.362436853999725
3.684372601414558 44.36301322538855
3.684292816019642 44.36309399522306
3.684265993928894 44.3634369082027
3.6844608266158585 44.36375691064649
3.6844454979143193 44.36394824239101
3.6844299067056903 44.36414285073003
3.684243828451123 44.364568837685184
3.684396937885812 44.364792913901645
3.684658825799647 44.36479384522424
3.684859991480261 44.36467892001597
3.685576923614224 44.36351383544908
3.6857048225528017 44.36348144304737
3.686346941136128 44.3633188164976
3.6866179560113985 44.36343895711241
3.686893813764166 44.36403183707666
3.686990950686168 44.36408948713542
3.687368974552355 44.364313841558555
3.688244630262518 44.364379118966106
3.6885508229259583 44.36440194467608
3.6889239107576888 44.36433898726863
3.689526287433665 44.364063503315705
3.689927876515565 44.363879845229086
3.690426879162197 44.363745921039865
3.6909057424082823 44.363697421502714
3.6920268913811496 44.36358387090826
3.692282333954856 44.36364246036637
3.692536883634408 44.36370084502624
3.692949832073223 44.363682963632414
3.693564874794052 44.36397401466318
3.6947269818498265 44.364523947936085
3.694790017569456 44.36454949954937
3.6954718536616538 44.364825882721526
3.6963478493940447 44.364998660544984
3.697980786950017 44.36532073448477
3.6981538764719786 44.36535487395573
3.698288918248316 44.365584910636805
3.6985349736780297 44.36570598257421
3.6989898316336385 44.36584884746035
3.6991272022032167 44.3659717505773
3.699171998333305 44.36601182891455
3.699354910091048 44.36635697706841
3.6995828978624097 44.36674198582937
3.6996498122704766 44.36694272905357
3.6997158907290375 44.367140964429254
3.699973867087972 44.36721882299823
3.6999883173503134 44.36720812697072
3.7005438365163768 44.366796933862496
3.7008618271835063 44.36675335554335
3.7012669153794704 44.36669784113835
3.702092998521618 44.36683493182439
3.702318408741638 44.36679438565725
3.703488864827652 44.36658384725266
3.7043388652659983 44.36633418636664
3.704339907415358 44.36633388026805
3.7043448194060073 44.366332975597
3.705050879084711 44.36620293631113
3.705231928197263 44.36625192387965
3.705349833637845 44.36639385744319
3.705217958358331 44.366703987867474
3.7053289720117073 44.36688783094781
3.7054207294566193 44.36689380935276
3.7057149120952544 44.366912976657886
3.706055962429702 44.366732858867934
3.706549592977295 44.36638399895993
3.70672092676284 44.36626291348628
3.707277857674909 44.36586486620899
3.7073648432053217 44.36572181505833
3.7072169491771674 44.36556889188816
3.7072149108528536 44.36553777746702
3.70719795019622 44.365278878031944
3.707410850541536 44.36488194834177
3.7077425698273254 44.36460743851502
3.708315909839777 44.36413297871052
3.708642990335293 44.36400892654081
3.7088119706467033 44.36399084283258
3.709380970359913 44.36392995038472
3.7099419990914018 44.36375095018188
3.7102219653992936 44.36373392854704
3.710468941415898 44.3637189126846
3.710946896171873 44.36343895711241
3.7115172120287534 44.36340020922547
3.7116679261252568 44.36338996954389
3.712215916340409 44.3630338317834
3.7127482309181095 44.36287110608176
3.7139929246037577 44.36249060992066
3.7140018205494094 44.36248789047795
3.7140050984653414 44.36248531267221
3.714437865788591 44.36214497749832
3.715084948727897 44.361169882740896
3.7150983641861366 44.36116349967812
3.715288908376297 44.361072838926454
3.715780832971204 44.36118683281214
3.716415565038582 44.36125826612659
3.716634855791215 44.361282945303984
3.717323848247316 44.361412957938306
3.717728292834656 44.36135520773219
3.718493961956217 44.36124587866468
3.7193828162412976 44.3610469481583
3.719505056314128 44.36105192883647
3.719702818685088 44.36105998667464
3.719876976010434 44.361273818342546
3.719853879210067 44.361696825065394
3.719760984200295 44.36192501487698
3.719682888381546 44.36211685155593
3.719689966433271 44.362418972605894
3.719958932398832 44.36256686663405
3.720378958889371 44.36247094040672
3.7210193260601216 44.36226651637549
3.721954942985362 44.36196783994066
3.722289766360312 44.36199189273238
3.722540931162408 44.36200993572198
3.723586418156093 44.36236016542898
3.7239259941263345 44.36247392063902
3.724286974764324 44.362466842587295
3.7249189566104417 44.36223140462544
3.7250249547889447 44.36219191615712
3.7258998392350935 44.36203899298695
3.726375931345878 44.36219694529914
3.7264123252123817 44.36219475782104
3.726657935827775 44.362179995227905
3.7271338416740414 44.36189687315889
3.727430933581984 44.361903951210614
3.727660970263056 44.36234893714671
3.727701557145767 44.36236154156027
3.7283369242028206 44.36255885725973
3.729141473696692 44.36243254214849
3.7297629653609463 44.36233496730778
3.730302946201778 44.362346888237006
3.730460924905727 44.36240574688672
3.7312048390031944 44.36268290942944
3.731703848123012 44.36267902573855
3.7322339504711466 44.36267490005512
3.73278790115091 44.362481930013345
3.7329315627671527 44.36240297340576
3.7333718404182457 44.36216099624696
3.7341010207083807 44.36155584704355
3.7342588320581354 44.36142487886752
3.7346948772973168 44.361398988099374
3.7349668234951823 44.361669816710126
3.735006563207683 44.36247941595108
3.7350238204380233 44.36283098972211
3.734934972262419 44.36307797647442
3.7347989991634862 44.36358983137287
3.734775821042511 44.36363855747818
3.734221209697422 44.3648044867973
3.734093987958744 44.36507193815124
3.734067910926072 44.36517084461087
3.734173895437432 44.36543496769894
3.73415616095832 44.36584206663737
3.7341489359918745 44.366007917359646
3.733864882600267 44.366609924285335
3.733803085165764 44.36670937141733
3.73373188973364 44.36682394221776
3.7337419480176703 44.366939985013154
3.733829864870679 44.367038891472795
3.7341109380299806 44.36718697176546
3.7343458175885487 44.36727581994107
3.7345989510699873 44.36730189697374
3.73496094688266 44.367192458188086
3.735465826141815 44.367039822795384
3.7354202568590935 44.36698974666053
3.735414975928105 44.366983943439664
3.735296884223004 44.366939985013154
3.735167989175796 44.36694687680036
3.735001841224771 44.36701598093694
3.7348857499256582 44.36704687118208
3.734723934562294 44.36708992795102
3.73457399162443 44.36707782075728
3.7344359696157863 44.36701989249185
3.73457399162443 44.36707782075728
3.734723934562294 44.36708992795102
3.7348857499256582 44.36704687118208
3.735001841224771 44.36701598093694
3.735167989175796 44.36694687680036
3.735296884223004 44.366939985013154
3.735414975928105 44.366983943439664
3.7354202568590935 44.36698974666053
3.735465826141815 44.367039822795384
3.735591927221237 44.3670008935109
3.736068950654617 44.36679898277221
3.736283790651577 44.36672505560039
3.736414843866561 44.36667995974451
3.73698593088208 44.36664587333752
3.737525911722912 44.3668418236116
3.737606314498928 44.366865381720345
3.7376829327125014 44.36688783094781
3.7377939463658767 44.36685597971505
3.738388875239839 44.366436884547106
3.738723965109675 44.36634188964237
3.7387445009826905 44.366337293555134
3.7392199875240024 44.366230875989
3.739960215143072 44.36583934302309
3.740117968770518 44.36575590146533
3.740752944516083 44.365282975851365
3.740905924593272 44.36516237926548
3.741243937788396 44.3648959181807
3.741591879910049 44.36466588149963
3.741677934117867 44.364597894950165
3.74207040264129 44.364282435319446
3.7422588931528975 44.364130929800815
3.742662900894796 44.363805898215006
3.742770934315866 44.363745921039865
3.743026628195354 44.36374463084139
3.743176990967475 44.36374387213015
3.7433509620283014 44.36367290534838
3.7435089143404863 44.36343895711241
3.7435659112833273 44.363371901885536
3.743577832212549 44.363308944478085
3.743958929418599 44.363258839322455
3.7441360944829585 44.363209873270264
3.744754837708656 44.363038860925414
3.744925828537178 44.363017999299274
3.74560358779154 44.36304096378207
3.745953822418015 44.36305283076434
3.746237875809622 44.363061957725776
3.7468782211540352 44.36330035784604
3.747056880900045 44.36336687274352
3.747437978106096 44.36342498727347
3.747711973213672 44.36338792063418
3.748044827909279 44.36334284462056
3.748741829739701 44.36329087681973
3.748747343847696 44.36328919542326
3.74925983136728 44.363132924507546
3.7496029306114376 44.36305599726117
3.75046496280577 44.36304798788685
3.7509449664714554 44.36308896608104
3.7509806338205505 44.36309708889085
3.75130892734175 44.36317185379204
3.751797871704352 44.363349922672285
3.752200948123655 44.36343187906069
3.7522406826211303 44.363434016102936
3.752813944655968 44.36346484788056
3.753211991933256 44.36341995813146
3.753401981742724 44.36334694243998
3.753628321098148 44.36325041536193
3.754161940980597 44.36302284217677
3.754383968287348 44.36285799807738
3.7545927056889146 44.36249075243262
3.754736939551017 44.36223699217074
3.755020992942624 44.36181491677049
3.755123516072576 44.36162268590183
3.755187885951725 44.36150199237843
3.7553549652253455 44.36117994102493
3.755519995589256 44.360957913718174
3.755693236738693 44.36077568531456
3.755792873109718 44.36067088009426
3.756297836220961 44.36026091188776
3.756582479763552 44.359941212069145
3.756613927109851 44.35990589171438
3.7568288763648767 44.359801956112726
3.757098959917552 44.359742910260174
3.7573679258831127 44.35974682181508
3.7576048543513902 44.35980698525474
3.757962806551066 44.35994014347302
3.7580239495193353 44.359962888657215
3.758501904275311 44.3600768825429
3.759128870646556 44.36018789619627
3.759268893591615 44.36018748484802
3.7594458928580408 44.36018696487368
3.7598519495096494 44.360119909646805
3.7600918582102327 44.360103890898166
3.7605639265497546 44.360183133359754
3.760740990059249 44.360212855641834
3.761462951335228 44.36025290251344
3.7618999278970047 44.36025793165545
3.762033903754256 44.36026894696247
3.762470828648005 44.36030487031426
3.7635270103487777 44.36031441461206
3.76368694969312 44.36031585992089
3.764294917083418 44.360436931858295
3.7647009737350263 44.36048498810422
3.764993244042121 44.360474152717224
3.7650828159991536 44.360470832000765
3.7654488257791585 44.36042892248397
3.76568091136994 44.3604428923229
3.7658768616440192 44.36048498810422
3.766044872240235 44.360619843616035
3.766124965983442 44.36081393124492
3.7661291836594457 44.360909760767136
3.766132975357763 44.36099591168007
3.766070949272907 44.36117081406349
3.7660279221689983 44.36131982567876
3.766081938879533 44.361449838313085
3.766166875500237 44.36151987377226
3.7663149557929105 44.36153794143061
3.766604969649128 44.36154297057263
3.766738893838351 44.3614988258816
3.766850838814322 44.36140587988658
3.7669789888034537 44.36124289843238
3.767180899542143 44.360601962222205
3.767294480870764 44.36017958165639
3.7673239506928016 44.36006999075569
3.767419876920131 44.359921910463015
3.767661834530424 44.359767869705735
3.767830962713755 44.35970584362088
3.7681399755509193 44.35955794959273
3.768325711144049 44.359386778137434
3.7683418862896088 44.359371871338155
3.768502818834099 44.35914090333449
3.7686058231131545 44.35881196019378
3.7686756906524943 44.35852199115752
3.768709944979323 44.3583798265095
3.7688759066658295 44.35812985952489
3.769119913185833 44.35787281448855
3.769424220110921 44.35760636479402
3.7694328375778983 44.357598819380975
3.769603828406419 44.35748985463731
3.769824924390575 44.35743285769447
3.7702049040095114 44.3574419846559
3.7706398316615783 44.357505873385946
3.7708279588258553 44.35756287032879
3.770886257715909 44.357612976891154
3.770941952711536 44.35766084546583
3.7709749215314146 44.35782885606204
3.770897994285032 44.358219825287605
3.770788843276847 44.35864190068786
3.7707874024501336 44.35870268985303
3.7707849317219466 44.35880693105177
3.7709229537305897 44.35895296243473
3.771100836346317 44.35904888866206
3.771354901150351 44.35907086787531
3.771809945370479 44.35903082100371
3.7724929773619698 44.35891794470514
3.772546540150674 44.35890574552689
3.772896985103867 44.358825930032715
3.773067975932389 44.35878588316111
3.7736278870767626 44.35861787256489
3.773930488552201 44.35847663098369
3.7740369239606766 44.35842695143283
3.7746659392416313 44.35801083649719
3.775033997931346 44.35784785504299
3.775088100356125 44.35781239808664
3.7751988420307376 44.35773982162192
3.775425898479504 44.357360959590096
3.775511952687322 44.35726689600796
3.775682943515843 44.357150853212566
3.775814818795357 44.357090876037425
3.775854254698273 44.35707841197086
3.776105950238688 44.35699886136499
3.776375847526845 44.35692491435092
3.776527839374419 44.35682787053647
3.7766409019375047 44.35670884750878
3.776799971836805 44.35651494614441
3.77693110452991 44.35640717529208
3.777118856693481 44.356252871966056
3.7775768811459143 44.35605189254996
3.7779408420162097 44.35583992352724
3.777947164568395 44.3558349174116
3.7782628933697096 44.355584927400606
3.77847691130214 44.35536886055847
3.7786618719695926 44.3551378925548
3.778762839329284 44.35505670692073
3.778871978347122 44.35496895063599
3.779034959801322 44.354851976518006
3.779165903758241 44.354669996082855
3.7793588738000143 44.35436582612319
3.779552961428902 44.35416484670709
3.77961083267156 44.354119976675115
3.779824907626769 44.35395399527149
3.780437904159082 44.35349094167704
3.781350972831643 44.35277587218827
3.781476680062708 44.35264939469231
3.781502964679218 44.3526229490181
3.7817899983031302 44.352231979792535
3.7821479987088145 44.35182089399891
3.7826819971538055 44.351213802626425
3.7827399473504713 44.35114792029145
3.783106888453071 44.350724913568605
3.7832709874943866 44.350570872811325
3.7834298711291674 44.350492827977824
3.783645702314307 44.350442010071205
3.783845986064806 44.350394852840786
3.784217956309422 44.35019387342469
3.784794172528718 44.34982374913785
3.7848048758090633 44.34981687403806
3.785034912490135 44.34956783837604
3.785581529710286 44.34879729014027
3.785666908003395 44.34867693518125
3.786075944887309 44.34825988892302
3.7863218140525032 44.34806486997153
3.7864055744005793 44.34801316231983
3.786682980955012 44.34784191134219
3.787436295759382 44.34749232591876
3.787488947529099 44.34746789218786
3.787585991343543 44.34738090665745
3.787620822808612 44.34725499184255
3.787633861324948 44.34700483859341
3.787637959144368 44.34660287976122
3.7875860883046593 44.346460125365745
3.787571835240092 44.34642089932608
3.787480938154778 44.346190862645
3.78744387151548 44.34602899877792
3.7874539297995105 44.34574997452832
3.787535948466766 44.34540695024167
3.7876409393766735 44.34496784981268
3.7876558405382 44.34476687039659
3.787691975854903 44.34458898778086
3.787795911456554 44.34438893968736
3.7878063698976874 44.344328475038616
3.787829997863546 44.34419187182617
3.787792931224248 44.34396295273221
3.78776797177869 44.343658969037065
3.787855888631699 44.34300890586545
3.7878607117924017 44.34299096038132
3.787909905342234 44.34280792644935
3.788135844203886 44.34240391870746
3.7884032314277065 44.34195846573394
3.788480992357753 44.34182892013704
3.7888648835315903 44.341381885291234
3.789149868245792 44.34107399004118
3.789416838489352 44.340841261324336
3.789499859277156 44.34076888875891
3.78990889616107 44.34047682599299
3.790003891065804 44.34032595173253
3.790086965041316 44.34014695152969
3.7902255218392127 44.339782186867694
3.79023094751457 44.339767903233344
3.7904129279497174 44.33939593298873
3.790529902067704 44.33926890058672
3.791053864159894 44.33885297191559
3.791144149990743 44.3387959285802
3.7912248549884153 44.33874493849452
3.791366974816478 44.33870284271321
3.791651959530681 44.33862591546683
3.791874918160027 44.33852384251037
3.7921239538220455 44.33835192035925
3.7921982722806606 44.33829830293306
3.792676973179213 44.33795294175937
3.792849826652925 44.337829820912255
3.79295897766111 44.33767894665179
3.793061855756058 44.33751619258995
3.793544965838156 44.3367519081403
3.7937496251962695 44.336617555676256
3.7954079835580585 44.33552889530798
3.795455265739988 44.3354939505556
3.795667822562184 44.3353368565888
3.79588482072692 44.33505783233921
3.79605394891025 44.33469685170122
3.796052461346868 44.33456706179612
3.7960509686779447 44.33443682643257
3.795892830101241 44.33384282888121
3.79584794035214 44.333560824399314
3.795894370857801 44.333351445769225
3.79589692792066 44.33333991467968
3.795960816650707 44.3331469446379
3.7961899220091833 44.33287499844003
3.796399842122194 44.33277795462559
3.796632859035571 44.33276398478666
3.7969382678990327 44.33278095194574
3.797316822349656 44.33280198274856
3.797922927094763 44.33282191305209
3.7983260034321664 44.332804170074795
3.79867189672601 44.33278894423221
3.799363869414416 44.33269692955979
3.7997289861271257 44.332608648715606
3.799913908539278 44.33256393669316
3.801102636585026 44.33205281825359
3.801320950716457 44.33195894953517
3.801736879387577 44.33193697032191
3.802295859209355 44.33196192976747
3.802608420368354 44.33204948783887
3.8031489507067713 44.33220090714546
3.8036779419409767 44.33235792813505
3.803894801794205 44.332463773157514
3.8039748475844006 44.332502841930896
3.804248842691977 44.33268482236605
3.804701838002395 44.333053998642875
3.805115759899808 44.33332166253921
3.805160980041943 44.3333509042863
3.805399957419931 44.33345595747507
3.805898960066563 44.33355896175412
3.806355656238168 44.33359576565441
3.8064698608175633 44.33360496909033
3.8069548936252646 44.333681896336714
3.8072409959265814 44.33374690265388
3.8078189747293063 44.33383481950689
3.8079247347924214 44.33388063998763
3.8080408157715384 44.33393093199874
3.808556954753927 44.33418797703507
3.8092969836882578 44.33451393994348
3.809709932127072 44.33464581522299
3.809717025383584 44.33464633915671
3.809873844903868 44.33465792241673
3.810043904409794 44.33463892343578
3.8108913539053346 44.33429261606674
3.811034831651334 44.33423398437129
3.811345893398208 44.33409782500784
3.811582821866486 44.334065973775076
3.8118078294055424 44.3341179415759
3.8121159109201113 44.334222994764666
3.8123038518198697 44.33425298335224
3.8137604614403378 44.33399344200168
3.8139429795878304 44.33396092058631
3.81440789582747 44.333837986003715
3.814948994255416 44.33365581930404
3.8156269971048906 44.33325292914926
3.815907371657546 44.33300473766783
3.816009956956132 44.332913927724526
3.81603081858227 44.33289399742098
3.8162809718314032 44.33261385558428
3.816586818171743 44.33234395829612
3.816687721381512 44.332265534239816
3.816846843440388 44.33214186129291
3.817090849960391 44.331900835005214
3.8172949958733096 44.3317279815315
3.8174279887399374 44.33155196156096
3.817452948185495 44.33148695524381
3.8174358019061136 44.331446345634745
3.81740694084928 44.33137799050014
3.8173408169450047 44.331328816667096
3.817202981200881 44.33132583643479
3.816632825507958 44.3314068615006
3.816398877271985 44.331376872913026
3.8162519145664255 44.331239968491495
3.816195669065882 44.33099898045592
3.816181879107249 44.330939896351246
3.8160248581176592 44.33011697970592
3.815937872587246 44.32974892101621
3.815846154027521 44.32948625775949
3.8157259035645255 44.329141884948505
3.81561284100144 44.32882281382731
3.8155999887496233 44.32868199785088
3.8156289820710936 44.328598696143665
3.815674867086296 44.32846686233133
3.8157439712228767 44.32819286722376
3.8157428536357623 44.3280459045182
3.8157799202750606 44.32781791674684
3.815817066043992 44.32770848557042
3.815886836109016 44.32750294344506
3.816151890519676 44.32706093774127
3.816380668263234 44.326784886165335
3.816398877271985 44.32676291451073
3.816490891944414 44.32659099235961
3.8165519867066737 44.32653082891995
3.816618855669026 44.32646489128019
3.816709939018859 44.32637399419488
3.816903840383228 44.32625199093488
3.8174199793656167 44.32604896260907
3.817852084185417 44.32577739726011
3.8179499019224177 44.32571592164895
3.818592887042304 44.32511596363297
3.8186306468779887 44.32505556768535
3.8192068249616544 44.32413398471943
3.819516945321491 44.32363795467402
3.819887558939474 44.32325273726628
3.820329989947304 44.32279287255093
3.8204878777379543 44.322466099385935
3.820674951836652 44.32207892064927
3.820928830376167 44.321780897418726
3.820988982146023 44.32159682266169
3.820993836693328 44.32158196691234
3.8209649656928697 44.32127593430749
3.820887852181968 44.32075085462818
3.820885463769131 44.320541968022184
3.8208734708240657 44.31949308503496
3.8208699707881353 44.31918697772593
3.820928830376167 44.3190588277368
3.8211109970758335 44.31906590578853
3.8213002742436624 44.31920423057698
3.8219018762238743 44.31964388459125
3.822008898340045 44.319715293235824
3.8229989742412935 44.320375904151255
3.8230987711574103 44.320422697216294
3.82348084055217 44.32060184301291
3.8244034498718182 44.32091729106859
3.824776869075974 44.321044966303816
3.8251659756563448 44.32126587602345
3.8254278635701806 44.32130685421765
3.825541394843253 44.32130357296698
3.825878996235408 44.32129381570132
3.826684962809495 44.32100585075481
3.826987336394468 44.32087268584522
3.8271709269397913 44.32079183282238
3.8274728617252305 44.32053497405056
3.827546995003827 44.32017082691574
3.827546995003827 44.320056
3.827546995003827 44.31950996040202
3.8276408723214463 44.319358899877045
3.8283562599123586 44.318595598279806
3.828402880469029 44.31854585525124
3.828757900642408 44.3182459693755
3.829352900871104 44.31796281768673
3.8295418880032424 44.31787288154378
3.829967874958393 44.317817933510646
3.831241077795023 44.31781470501106
3.831583905925987 44.317813835691226
3.83202982318468 44.31784792209822
3.8323028869696607 44.317821845065545
3.8325293855274 44.31767960812722
3.832708943621269 44.31756684893892
3.833125989879504 44.31741988623336
3.8334558643428056 44.31741392576875
3.8338278345874217 44.31749997997657
3.8338534224454377 44.317507533230874
3.8343698643379622 44.31765998119846
3.8346088417159505 44.317657932288746
3.835137407128434 44.31738448673484
3.835360977844022 44.317268825708375
3.836160983953498 44.31693485342566
3.836439446765817 44.31687732695018
3.8372979425780014 44.31669997386709
3.8380105235990825 44.31662222813966
3.838050823764149 44.316617831214174
3.838665869206172 44.31649098507667
3.839313949743254 44.31626806554563
3.8393839189272505 44.31624399832437
3.8404439503053713 44.31595994493276
3.8414220486715793 44.31563786486868
3.84225686286964 44.315362967149085
3.842582825778041 44.315283990992995
3.8426623191164175 44.315218751632536
3.842744875909646 44.31515099812636
3.842983853287634 44.31495597917488
3.8435597918979623 44.31454368118744
3.844275970256537 44.3140309895731
3.844596031230194 44.3138388521823
3.846995066639412 44.31239867533506
3.8472329194970336 44.31225588870621
3.8475968803673286 44.31208787810999
3.8477369512856816 44.312023989379945
3.848700797332128 44.311211416450575
3.8495940807457343 44.31045833153331
3.8500239070510247 44.31009596534288
3.8506032021509977 44.30960727155391
3.850803982856959 44.30943789279694
3.851402965725992 44.30886028049044
3.851722825729612 44.30855183247965
3.851826947595782 44.308330922760014
3.8517969590082086 44.30814093295055
3.851572882791748 44.308008871406514
3.8514944317534505 44.307862111289246
3.851425920086189 44.30773394497634
3.8513789814273784 44.30734986753799
3.851701964103474 44.306755869986624
3.851959571584545 44.30639445265513
3.8520398479410978 44.30628182678554
3.8523529585976815 44.30566082087891
3.852514689873687 44.30549375643967
3.85259584753057 44.305409922571705
3.8529279571681014 44.30528195884709
3.853454899492597 44.30521695252993
3.853879955125152 44.30529797759573
3.854057024893705 44.305313921797485
3.8542129960852782 44.305327966183306
3.855073910692496 44.30528195884709
3.8554156620678066 44.30527779515608
3.855654869727527 44.305274880795366
3.8559348252997134 44.3053659641452
3.8561378536255178 44.305549993490054
3.8562116184970847 44.30605463888125
3.8562199962784343 44.30611195354414
3.856363978751689 44.30625984757229
3.857124904901299 44.30672531544611
3.857241843430143 44.30679684818082
3.857516956124834 44.30705184430745
3.8577818242709743 44.30719489545811
3.858255206454337 44.30728792063487
3.8591808570738326 44.30746982188827
3.8602688281298168 44.30776896270593
3.860630134820135 44.30791354783784
3.861130860324149 44.30811392459528
3.861639921254812 44.30819383207397
3.861899813401053 44.30819908859433
3.8620359196223895 44.30820184144829
3.863148850123931 44.308020978600254
3.8635282434079294 44.30789986964952
3.863900986252002 44.307780883635154
3.8645679994948505 44.30764286162651
3.864905960081344 44.30764419218
3.865324978500418 44.307645841858815
3.8666290081461754 44.30752131842674
3.8671468317616022 44.30747187079799
3.868012787376725 44.30724667387605
3.8682118922817383 44.30719489545811
3.868891944040923 44.3071069786051
3.869333949744715 44.30711498797942
3.8694085876786417 44.307129082696555
3.8697679460741865 44.30719694436782
3.870177914280696 44.307358994499424
3.870546738196721 44.3076347638254
3.870764833780337 44.30779783370639
3.871124883095731 44.30802582147775
3.871354919776803 44.30812994334392
3.871651572902305 44.3081950165733
3.8717378796280446 44.30821394864203
3.872078929962492 44.30821786019693
3.872351993747472 44.3080438891361
3.8725809128414297 44.30793287548273
3.872932952782503 44.30785091909433
3.873002047226343 44.3078312982962
3.873161871876461 44.30778591277717
3.873241965619667 44.3076739678012
3.8732928158333784 44.307241834116915
3.873360988647364 44.30688383371123
3.873436545170698 44.3068291057091
3.8736258567935047 44.30669198125658
3.8742699595005057 44.30632597147657
3.874607916691175 44.30627997443772
3.874659997403473 44.30627288608863
3.8750349478803936 44.30635782270933
3.875222888780152 44.306527882215256
3.8752908753296182 44.30685198247847
3.875296835794229 44.30717198492226
3.875347605332524 44.30729382063145
3.87546596397756 44.30757785530935
3.876014427991197 44.308169937718986
3.8760819407421785 44.30824281964249
3.876582216838551 44.30900038058842
3.876583923621116 44.30900296514488
3.876809862482768 44.30940790420937
3.8771619024238415 44.30964688158736
3.877382998407997 44.3097008982979
3.877461925443952 44.30968439408247
3.877693873890352 44.30963589198073
3.877971966817349 44.30954797512773
3.878209826608222 44.30959789401884
3.8786438229376934 44.309780992041105
3.878716233275585 44.30982781851689
3.878963825381484 44.30998793192181
3.879860875305404 44.31034388341778
3.8801570378865033 44.310416252494704
3.880421904036892 44.31048097410383
3.881358814567897 44.31058490970548
3.8820991602712582 44.31068199293651
3.882159938264488 44.31068996289424
3.882871841256436 44.31068381616512
3.883409959452077 44.31060986915104
3.883613443487412 44.310604306181695
3.8845409576119696 44.31057894924087
3.8855721921484734 44.310524105650245
3.8858578477619106 44.310508913781696
3.886790846738015 44.310303836546176
3.886929442689768 44.310287829531006
3.887248871190448 44.31025093742276
3.887842868741815 44.31025093742276
3.8882238662675657 44.31021497097424
3.888647903993306 44.31017494149897
3.8893709828564 44.31025987811967
3.889665670581424 44.31037881934956
3.890029986724928 44.31052586385293
3.890688535249208 44.3109803756884
3.890700911522677 44.31098891744738
3.891788882578661 44.3114448929901
3.8923068173511823 44.31172496045186
3.8925249999580904 44.31184294026739
3.893007983856082 44.31224098754467
3.893310422093784 44.31239027048981
3.8937208181706255 44.31259284122123
3.8944798460859023 44.31285882695449
3.894504909406677 44.31286232794894
3.895167907219408 44.312954939446335
3.895329957351013 44.3129389206977
3.8955439752834433 44.31278599752753
3.8957604165589377 44.31268019912712
3.896525961828067 44.31230599386184
3.8969949758871265 44.31219293129875
3.897039970196412 44.31219157019173
3.8974259919842926 44.31217989278242
3.8975399858699737 44.312176912550115
3.897855890494344 44.312091975929405
3.898692963243118 44.3116888995101
3.898703458954703 44.311679176113984
3.8990448169196728 44.311362936601704
3.8991759471411096 44.31115785936619
3.8994958687941215 44.310889478489194
3.8997898749960185 44.31064283797092
3.900454300662138 44.310223580504704
3.9004758872198138 44.31020995922856
3.901130979533441 44.31005182065186
3.901981835856627 44.309776894221685
3.902655295526374 44.30944597140857
3.9027919002501346 44.3093788469444
3.903710827264773 44.30883456029939
3.904263948744475 44.30850694273055
3.904638899221396 44.3083659404896
3.9047590550000537 44.30826138237246
3.904846956689215 44.30818489137705
3.904951823613461 44.307873829630175
3.904997830949675 44.30726288200757
3.904986317618459 44.30722439379722
3.904764814036298 44.306483923788754
3.904735615655156 44.306224771934794
3.904722904519504 44.30611195354414
3.9047549420167864 44.305818959455614
3.904940834006835 44.30568782923418
3.9052079373272046 44.3056928583762
3.906024978130404 44.305929918350486
3.906186943639523 44.3059769117678
3.907156822990406 44.306389860206615
3.90727983330232 44.30649397473308
3.907339921012668 44.3065448322865
3.9075278619124263 44.30670893132781
3.907698852740947 44.30685086489135
3.9079039299764617 44.30688085347893
3.908157994780496 44.306778966786986
3.9084198826943313 44.3067849272516
3.9084912480910257 44.30679755624191
3.908820910203924 44.30685589403337
3.9095408225701935 44.30683186591041
3.9102968702531657 44.30665696352698
3.9104331266499184 44.306653750088984
3.911062976220168 44.30663889586864
3.911615995577335 44.30653998940899
3.911747958978991 44.306454948714034
3.9120738337652496 44.30624494641077
3.912692334306807 44.30549711878939
3.9128149802866945 44.30534882780944
3.9129988233670328 44.30526295986614
3.914072989843525 44.305479913530114
3.914300998619966 44.305525965367096
3.915051830896404 44.305604941523185
3.915427876940247 44.30553490555058
3.915690904461389 44.30548591849549
3.916005877763164 44.30536782679039
3.9164547474835794 44.30482858162543
3.9165618773526374 44.304699882224945
3.916882997383542 44.30450691218317
3.917212871846844 44.30442588711737
3.917593311858441 44.304440655929135
3.917831828843769 44.30444991524033
3.9184789117830743 44.3044398569563
3.9188918602218896 44.30438490892317
3.9189174603871217 44.30437796444051
3.9192049708784737 44.304299972302466
3.9196508881371663 44.30417890036506
3.9204888922085366 44.30408986592494
3.9205781620138342 44.30408497707731
3.921090899134224 44.304056897105056
3.921241959659203 44.30402597719489
3.9213008192472345 44.30401498758826
3.921401960881098 44.30382984065629
3.9216439184913914 44.30340590261085
3.921701929502711 44.30337393448058
3.922026878342633 44.30319486491073
3.9221999180808647 44.3030579604892
3.922225995113537 44.30282792380813
3.922019019166621 44.30245465030386
3.922010859593992 44.30243993481487
3.921699984111637 44.30207690526717
3.9214802900006567 44.301600929078205
3.921453928681923 44.301543816213545
3.921437909933282 44.301414921166334
3.921773931125714 44.30108690934823
3.921920893831273 44.300882949699826
3.921854956191517 44.3007948465823
3.921845218751548 44.300782736005765
3.921543894444642 44.30040797517616
3.92114196217949 44.29969810136578
3.920975973925948 44.29940494074088
3.9207620369945975 44.29872593071224
3.9207349476382496 44.298639952360986
3.920601954771622 44.29811282377197
3.920701978818371 44.29786099414217
3.9207915951846783 44.29780472466978
3.921007825158711 44.29766895542299
3.921549854909253 44.29753186473694
3.922288952520988 44.29760394910583
3.9231889826772135 44.297767861882626
3.9235783809533857 44.29782226773049
3.924112854691882 44.29789694319435
3.924933632257572 44.297952570643986
3.9249538389955574 44.29795394013719
3.9253319559693023 44.297989889189374
3.925838967990256 44.29795487145979
3.9261278642593593 44.29807091425518
3.9261489097482585 44.29808045069645
3.926427936399607 44.29820688735411
3.926547890749899 44.29822793524477
3.926705843062084 44.2981599486953
3.92682095453488 44.29809587370074
3.927139839391556 44.29809587370074
3.927368944750032 44.29823594461909
3.927410654450444 44.298313297154394
3.92745090113843 44.29838793646666
3.927630832663868 44.29844698231921
3.9278519286480233 44.298358879201686
3.928204899911692 44.29811487268168
3.9284649251803367 44.297849818271025
3.928615781491276 44.29773160064433
3.928644856705774 44.297708816030074
3.928791819411334 44.2974338895999
3.929838998537637 44.296965993127955
3.929857497393997 44.29695635044564
3.9305969088658 44.29657092608297
3.9313118537465472 44.29628310443328
3.931376984671734 44.2962568841038
3.9317008986704254 44.29619392669635
3.93211384710924 44.296209945444986
3.9324509858887864 44.296093902649595
3.932676041387932 44.2959663784976
3.932833945740028 44.29587690448486
3.933376906813165 44.29572789286959
3.9337378797070848 44.29549670243787
3.933921916796012 44.29537883316082
3.934004990771524 44.29530991528876
3.934288857898612 44.295076898375385
3.934428928816965 44.29489193770793
3.9345596675384016 44.29479929940551
3.9349089324826503 44.29455181869608
3.9354409039491616 44.29372089267643
3.9355477715752056 44.293609243790215
3.935594944706446 44.293559960131944
3.935898928401595 44.29347688615643
3.936084820391643 44.29333197236058
3.936173854831767 44.293053879433586
3.93610325534091 44.29284352713308
3.9360738307850176 44.29275585620304
3.93604682242975 44.292676880046955
3.9359669149510617 44.29239599315217
3.9360248432164977 44.29198788759085
3.935976456163374 44.291883359534474
3.935874900278633 44.291663973592165
3.935925936756863 44.29144492651771
3.936127847495552 44.29126294608257
3.936744941847286 44.29109288657664
3.9370875557041423 44.29098987612245
3.937449953052028 44.29088091755392
3.937602876222198 44.29070489758339
3.937716870107878 44.29041097217227
3.9378999681301408 44.290280959537945
3.937981924518539 44.28998796544942
3.937935917182324 44.28960481933366
3.937930888040309 44.28955583176514
3.938099434217432 44.28927326905644
3.9381968737735646 44.28910991450645
3.938625840961021 44.28864090044739
3.938917903726948 44.2884829481352
3.939041955896659 44.28841589290833
3.9391223508355737 44.28837180263131
3.939218907189792 44.28831884909389
3.939464962619505 44.28809998828396
3.939699842178073 44.28779898482112
3.940056067088749 44.28757666541356
3.94013886764956 44.28752498971354
3.940949396549808 44.28685480870543
3.9410908656066104 44.28673783585588
3.941253847060811 44.2864159707669
3.941529891078097 44.28622598095743
3.941653549413868 44.286084063429385
3.941867961180239 44.28583799196418
3.942214971979297 44.28564688456759
3.9427368851617777 44.285236916361086
3.942845684633364 44.28518437848549
3.943585878839773 44.284826948154574
3.944392303758559 44.28430185887368
3.944720974819086 44.28408785054284
3.9448949458799127 44.28388295957185
3.944974771528432 44.283335190466495
3.9449759709457153 44.283326959982375
3.94498447121714 44.28332257282736
3.9455999570846543 44.28300490862887
3.946148373234031 44.282670221155605
3.946284851721336 44.28258693104805
3.9468989658407634 44.282242900481286
3.9472173250887304 44.282205871017254
3.94727689654999 44.282198942054784
3.9478498462107 44.2821259263633
3.947920999256991 44.28201584403252
3.947951919167159 44.28178897384827
3.948084912033787 44.281715958156795
3.9482457460625984 44.2817117345741
3.9486168835002977 44.28170198831786
3.949147923644213 44.2818038750098
3.949560872083028 44.28201696161964
3.949700943001381 44.28221384321631
3.94990490264978 44.282272889068864
3.9503748480314353 44.282220921268035
3.950659005701734 44.282143687078744
3.951397999034777 44.28194282834104
3.951815848786518 44.281880335767546
3.9518189568479127 44.28187987093359
3.952859989245087 44.282059988723546
3.9532893095370736 44.2821660669418
3.95346683904827 44.28220993166141
3.9536929641744414 44.28222595041005
3.954321979455396 44.2818008947775
3.9545219102743774 44.28176676784893
3.955516866345336 44.281596935129095
3.9556908374061623 44.28160289559371
3.956032819063205 44.28170589987276
3.956104654156937 44.281700304105485
3.9563269307388422 44.281682989336915
3.9568179240111543 44.28149486217264
3.957161954577907 44.28127283486589
3.957220630148909 44.28125202073329
3.9578408887499767 44.28103199484271
3.958151950496851 44.28082188846518
3.9584030729033497 44.2807388164399
3.9587899064747223 44.28061085076505
3.95908196924065 44.28041694940068
3.959288909121355 44.2802589970885
3.9593865202078105 44.2800865399173
3.9593999227747303 44.280062860549904
3.9594391062012817 44.27997452394922
3.959525837589633 44.279778993422816
3.9597799023936666 44.27943384526895
3.9598142141918338 44.27917258223062
3.959836899336507 44.27899984893948
3.959991871416387 44.27874187258054
3.9601969486519017 44.27873088297392
3.96039289892598 44.27879495796848
3.960499814759936 44.27924590436919
3.9603768801773382 44.27972087889286
3.9601118594071543 44.28014117256827
3.9600178260139 44.28029029914592
3.9599518245447833 44.28039497018743
3.959730914825147 44.280844985265546
3.959734103020338 44.28109692682971
3.959738924199468 44.2814779121014
3.959918855724905 44.282033911690874
3.959920345845263 44.282074751384854
3.9599348744735465 44.28247293716236
3.9599838620420664 44.28274190312792
3.960212967400542 44.28291792309846
3.960512732442255 44.28301511187836
3.9605398616315393 44.28302390760982
3.960625334408878 44.283016746788896
3.9609578392123694 44.28298888988023
3.961415863664803 44.2828188303743
3.9617429441603185 44.2828188303743
3.961782612319971 44.28283305201018
3.962314962498433 44.28302390760982
3.9626019961223458 44.28319396711574
3.962617828606468 44.283397926764145
3.962634231112629 44.28349035457453
3.962666816174987 44.28367397078143
3.9626822712818286 44.283682724582015
3.9628309152163026 44.28376691677646
3.963019198678012 44.283732733380894
3.9631499863374975 44.283708988511016
3.9634278929999742 44.28360281773514
3.9636648214682526 44.28360896446427
3.9638618893294457 44.28375592716983
3.9638129017609263 44.28394293674699
3.9635748557055335 44.28412491718214
3.963558836956892 44.28425288090675
3.963730945372528 44.28434098402427
3.964139982256442 44.28434694448889
3.9646719537229527 44.284223823641774
3.9646873454703537 44.28421470350225
3.965145996924028 44.28394293674699
3.965710650231456 44.283431562316565
3.965759924778937 44.28338693715752
3.966135992842972 44.28302893675183
3.966503865268168 44.28292984402768
3.966678750886824 44.28296986381366
3.9668888740291193 44.2830179471452
3.967288970216117 44.28309897221101
3.967697820835512 44.28313492126319
3.9679437330437217 44.2833083494028
3.968006833672676 44.283352850750525
3.968909844061207 44.283603935322255
3.96924777931984 44.28377962124595
3.969532898877552 44.283927849320946
3.970299332552006 44.284464275553646
3.970455839569625 44.28457381467314
3.971030838140044 44.28485395650984
3.9713608988678657 44.28488897423943
3.9714414540738865 44.28487030965084
3.97193086829627 44.2847569126954
3.972372874000062 44.284444919625926
3.97251300324136 44.28442619044063
3.972641839965623 44.28440897057374
3.9732168385360422 44.28442685196758
3.973710998305179 44.28433781752745
3.973777264205104 44.28428873732095
3.9740349123038703 44.28409790882687
3.974360875212272 44.283652922890774
3.974625929622931 44.283572829147566
3.9746646164855073 44.28360178466617
3.97477699014791 44.283685891710654
3.9749809497963104 44.28417092451835
3.975176900070389 44.28433390597255
3.975404968244188 44.2843735362174
3.9755049118885006 44.28439090291539
3.9759269872887506 44.28442685196758
3.976123868885425 44.28464794795173
3.976412580598525 44.284902616982166
3.976412951419047 44.28490294407836
3.9764284696392393 44.28491066861972
3.9768728385166714 44.28513186317232
3.977281875400585 44.28557088864381
3.977398444088271 44.285759138889624
3.977533891294909 44.28597787661801
3.977652914322605 44.286586961595425
3.977787715104517 44.28686259482795
3.977831914525447 44.28695297137543
3.9779319385721967 44.28704498604785
3.9781558285241383 44.28707795486773
3.978173640441925 44.28706283272155
3.978367983811378 44.28689783707778
3.978755972804635 44.28589796913932
3.97877765115847 44.285871073205115
3.978930875188057 44.28568097097459
3.978943913704393 44.285387976886064
3.9787518749852153 44.28513186317232
3.9786984850464697 44.28497364545622
3.978649988293275 44.28482992838688
3.9788539479416745 44.28457493226025
3.9788409094253385 44.284335954882266
3.979016929395875 44.284215814267455
3.9793481082837903 44.28418963519234
3.979697912477655 44.284161983821434
3.980285949564411 44.283914997069125
3.98052561617239 44.28380874756278
3.9806178729374233 44.283767848099046
3.981218948540515 44.28357785828958
3.9812629069670193 44.28343499340344
3.9811548735459494 44.28326493389751
3.980809911656601 44.28304588682307
3.9807453250668496 44.28296590265715
3.980520829122979 44.282687886417385
3.980448931018611 44.282455987091126
3.980540945691041 44.28223992024898
3.980988911859443 44.28210282956294
3.981067716772548 44.282044206395874
3.9811569224556593 44.28197784607063
3.981190822598133 44.28168894980153
3.981269985018745 44.28151684138589
3.981691874154475 44.28129798057597
3.98181268525607 44.281193289430746
3.9818189065564926 44.281187898245186
3.981820654861413 44.28117392853601
3.9818578358409815 44.28087683649831
3.9820819120574424 44.2807928312002
3.982718936551051 44.28053374156024
3.982752836855192 44.280519953679736
3.9829189848062168 44.28036386401274
3.982992931820294 44.28009191781488
3.983122944454617 44.28001685321369
3.983442946898407 44.28003492087204
3.983628838888455 44.28004497915607
3.9837680001350537 44.279950757135566
3.9837839972328544 44.279939925967305
3.9839929860232695 44.279861881133805
3.984181858245623 44.27996991455488
3.984321929163976 44.280216901307185
3.984718858854149 44.28039087236801
3.984814469868103 44.28054501331826
3.984816833991189 44.28054882468019
3.9848309900946393 44.281327969163534
3.985015532002809 44.281567271625384
3.9851278957380623 44.281712977924485
3.9851459633964144 44.28197095428342
3.985561892067534 44.2823259744568
3.985670081708691 44.28249113757861
3.9858979132599663 44.28283894694236
3.986239894917009 44.28296597934438
3.986737966241046 44.28313995040521
3.98675066476358 44.283154765348165
3.9869178977664834 44.28334987051822
3.987069889614058 44.28368887194296
3.987274966849572 44.28380789497065
3.987836926903656 44.283752946937526
3.987852173362966 44.28374840992888
3.988159909579752 44.28365683444567
3.988629854961407 44.28344188519065
3.989000893883427 44.283405936138465
3.989132042628725 44.28331743739164
3.989252909777751 44.28323587663254
3.989230930564499 44.28274693226994
3.9893519939400632 44.28217978053251
3.989357962966516 44.28215181713146
3.989515915278701 44.28203596060058
3.9897928906185824 44.282160944092894
3.9903678891890024 44.28238986318685
3.990618203974288 44.28243441260238
3.991424940334818 44.28257799035112
3.991855203201931 44.2825166148051
3.992056935848078 44.28248783832389
3.992681853309614 44.28204192106519
3.992953754979858 44.2817865843357
3.9931098891744736 44.28163996223301
3.9933078883582622 44.281236885813705
3.9934758989544785 44.281154929425306
3.993831850450453 44.28118193778057
3.994099267762836 44.28141692476282
3.9941129236097543 44.28142892453288
3.9943438916134215 44.28153695795395
3.9952768905895257 44.281725830176306
3.9953947316460954 44.28176545730528
3.995508976180307 44.2818038750098
3.996339902199951 44.28214287643454
3.9964628367825488 44.28220285360968
3.99652989200942 44.28218795244816
3.9964598565502434 44.282010814890505
3.996444955388717 44.28192885850211
3.996441975156411 44.2818439218814
3.996515922170489 44.28169584158873
3.996671467175581 44.28152261281276
3.997077882224572 44.2810699928046
3.997152946825764 44.28092191251193
3.997147917683749 44.28053597242838
3.997191596478313 44.280426325976805
3.9975008889474175 44.27964991211109
3.997486515207152 44.27948756973726
3.997457861843509 44.27916394798079
3.997686967201985 44.27887598303428
3.9981098275000737 44.27869075576695
3.9982099979715793 44.27864687767581
3.998482875492041 44.27865190681782
3.9988229945038927 44.27878396836186
3.999173916857852 44.27885083732421
3.999486371690873 44.27886517878425
4.000802098062806 44.27892556971184
4.0012679025814215 44.27894694981605
4.0016698614136095 44.27898699668766
4.001854822081063 44.27916394798079
4.001989483849281 44.279337003582974
4.002208910931846 44.27961899220091
4.00235084449539 44.27976595490648
4.003048963912926 44.28006099790471
4.003078156763268 44.280059553134826
4.003432855086763 44.28004199892376
4.003739819014218 44.27988199770187
4.003944896249732 44.27954988806434
4.003887108010246 44.27941454192449
4.003859959629028 44.27935095755795
4.003490969616718 44.27895998833239
4.003496930081329 44.27874597039996
4.003624478450097 44.278531235074546
4.003948994069152 44.277984893574974
4.004206970428086 44.27778894330089
4.004366811365167 44.27773297079884
4.004523992639571 44.27767792964752
4.005169957991763 44.277617952472376
4.005713850387496 44.27752090865793
4.005775403221881 44.277501545673005
4.006835907850472 44.27716793739426
4.006927863245828 44.277110959301865
4.007095933119117 44.27700681858525
4.007269904179943 44.27670097224491
4.007512979377351 44.27649086586738
4.007842054881922 44.276433367729496
4.008737854854863 44.27627684793495
4.009169892160066 44.27612321993438
4.009465962859973 44.27601794025342
4.0104349348319195 44.275529758525494
4.0105159359540625 44.27548894901921
4.0112419950494616 44.274791947188795
4.011377442949506 44.27464713036286
4.011618994436093 44.27438887076949
4.012188963864497 44.27400591091825
4.012418329546859 44.27387275855583
4.012586824877266 44.273774942914585
4.014138438222853 44.27327692165063
4.0155748802924505 44.27281586690581
4.015614985597027 44.27279713179241
4.0160908330103195 44.272574840618105
4.016521849107486 44.27218796921196
4.017032456751112 44.271606504269045
4.017133914317204 44.271490967381546
4.017420947941116 44.27096998552166
4.0178538266834725 44.27045198389408
4.01786158509314 44.27044711907329
4.018207915534256 44.27022995658733
4.018430874163602 44.27017482228968
4.018687919199942 44.27016085245075
4.01909762882209 44.27018908460008
4.020493767473101 44.270285289308866
4.020909868648124 44.270313961885435
4.021330826461259 44.27031787344034
4.021693856008959 44.27030390360141
4.021855906140564 44.27026981719441
4.021941596287094 44.270252110344
4.0220298772013905 44.27023386814223
4.022238865991805 44.270144833702105
4.022875747271851 44.269608589611
4.023049861707908 44.269461987975134
4.023802929158574 44.26901793336163
4.0242436557462815 44.26876121112869
4.024415925690888 44.268660864278544
4.024497882079285 44.26860293601311
4.0245409091831945 44.268556928676894
4.024966896138346 44.26811697188281
4.024969876370651 44.26811399165051
4.025135111740308 44.26799567327737
4.025194883909707 44.2679528728415
4.025507994566292 44.267811870600546
4.026330228305265 44.267634566729974
4.02654194891174 44.2675889119712
4.027025864132327 44.26737694294848
4.027594907967902 44.2670441655643
4.028569996995554 44.266473932559954
4.028786141539034 44.26629560180637
4.029094890410339 44.26604086755307
4.02962409303826 44.265388164755336
4.029766932795202 44.26521199044314
4.030265935441835 44.26475992645532
4.030847810454012 44.264365528545035
4.031246990663863 44.26409496212218
4.03219209043538 44.26373890348144
4.033104979241751 44.26339498005945
4.033319228461269 44.263258200184566
4.033748895684233 44.26298389426583
4.034201557269946 44.26258700560805
4.035703070694045 44.261270495291434
4.036247820472296 44.26079286472781
4.036689025688724 44.26051291260453
4.037801314915451 44.259807146400675
4.038209930916352 44.25954787268224
4.038971095901607 44.259221967958375
4.038996898509493 44.25921092016721
4.03975387751506 44.259030988641776
4.040153973702058 44.25886893851017
4.040219017262974 44.25882908203029
4.041116961265734 44.258278852513705
4.041328797793428 44.25824009847336
4.041673892177803 44.25817696582177
4.042057969616159 44.25832690875963
4.042565431368335 44.25878526130998
4.04264693802551 44.25885888022614
4.043063984283745 44.259112945030175
4.044486474032541 44.259458554970394
4.044545904797596 44.259472994345565
4.0447899113176 44.25947485699076
4.045027957372993 44.25942586942224
4.0453028838031635 44.25927294625207
4.04547089439938 44.25889799577515
4.045491796868778 44.25880945594451
4.045763888487903 44.25765691528448
4.045763591458464 44.257540938790214
4.0457618395781925 44.256856909175
4.045806915591812 44.2565339264989
4.045838316808181 44.2564751272463
4.046237931688978 44.2557268423377
4.0463210913045335 44.25549173037774
4.0466813958944785 44.25447306383199
4.047049587573997 44.25343209861306
4.047286973460473 44.25276095240029
4.047316059520785 44.25248900326603
4.047335961028992 44.25230292794785
4.047206879717265 44.252009933859334
4.046908856486727 44.25186595138608
4.046459958995729 44.25183093365649
4.046329907430032 44.25187425829749
4.046147965926259 44.25193486925814
4.046000867608034 44.25204882602208
4.045885891747904 44.25213789758394
4.045614876872634 44.252580834610335
4.045543753060634 44.25276414519035
4.045461953702464 44.25297497033272
4.045308844267774 44.25366582543401
4.045276279543843 44.25373470591757
4.04526976967854 44.2537484755006
4.0450549657282595 44.25420282604254
4.044924953093937 44.25453381809295
4.044855848957356 44.25463682237201
4.04472881655534 44.25465787026266
4.044600852830727 44.25458392324859
4.0445839027594905 44.25443789186562
4.044754893588012 44.25414992691912
4.0449009249709755 44.25375988901615
4.044900356444923 44.25375561581568
4.044886439797248 44.25365101440804
4.044860878099372 44.25345888555331
4.044747815536287 44.25308393507638
4.044700876877476 44.252797832775066
4.044700258263305 44.25259195797884
4.044699945554881 44.252487888615306
4.044782833265875 44.25228988943152
4.044967980197846 44.252047931821224
4.045192987736903 44.251849932637434
4.045355421778397 44.251627297052885
4.045357831836294 44.25162399377579
4.0455578799297935 44.251325970545246
4.045770966539628 44.25118794853661
4.046389662503424 44.25090345503532
4.046440960014782 44.25087986702203
4.046610833256189 44.25076699072347
4.046885945950879 44.25043096953104
4.047017821230392 44.250357953839554
4.04710592434792 44.25030989759363
4.047326641447876 44.25029711105887
4.047449954914673 44.25028996729009
4.047865883585793 44.25022384338581
4.048074872376208 44.250110967087245
4.0482229526688815 44.24995599500737
4.048641941640469 44.248883200589695
4.0487869616326755 44.24851188619089
4.048971922300129 44.2479469459045
4.049103766303558 44.24754417566519
4.049334951847828 44.24683792695786
4.049477816733967 44.2466918955749
4.049548047693795 44.24663446225664
4.049938821418706 44.24631489618827
4.0500779610144635 44.2461249063788
4.050218064729325 44.2451589724408
4.050294959179199 44.244628829761496
4.050348975889734 44.244501983624
4.050393865638834 44.24444796691346
4.0504309322781324 44.24443399707453
4.050469861562622 44.24441984097108
4.050499607227575 44.24441475027003
4.050580875215997 44.244400841990135
4.050754846276824 44.24439190129321
4.05139988030642 44.24439599911263
4.051526912708437 44.24434589395701
4.051627868077782 44.24428293654955
4.051736832821447 44.24423283139392
4.051843934919922 44.244206940625766
4.052002818554703 44.24419688234173
4.052354858495776 44.2441858927351
4.052574836892817 44.24410784790161
4.052639843209978 44.244147894773214
4.052693859920513 44.244218861554984
4.052649901494009 44.2443058470854
4.052538887840633 44.2443419824021
4.0524129730257314 44.2443419824021
4.052128919634124 44.24431795427914
4.05192794021803 44.2443058470854
4.051889258039012 44.24431320510858
4.051790849531982 44.24433192411807
4.051659905575065 44.24438892106091
4.051540882547369 44.24448298464305
4.051500835675765 44.24456698994115
4.051477925139917 44.24461392859997
4.0514609750686805 44.244738912092274
4.051526912708437 44.24483986746162
4.05169495049281 44.24502913485901
4.051700883769263 44.2450358177357
4.051913970379099 44.24522990536459
4.051926822630915 44.2452349345066
4.052320958353302 44.24537593674755
4.052414835670922 44.24542790454837
4.0525558379118705 44.2455199192208
4.0526634887730255 44.24563554421982
4.052731857882407 44.24570897770768
4.052886829962287 44.24585482282612
4.05302485197093 44.24594497485336
4.0532459479550855 44.246031960383775
4.053732886728642 44.2462502485131
4.053843857061353 44.24629999502674
4.054083952026455 44.246405979538096
4.054370985650368 44.24649296506851
4.054679998487532 44.24656393185028
4.054932543190335 44.24660430558998
4.055186824243966 44.246644956916086
4.055685826890599 44.2466948758072
4.056046993793108 44.24675299033716
4.056226993317123 44.24675913423234
4.056248904531797 44.24675988212436
4.056420826682914 44.24675783321465
4.057201833811443 44.246677925735966
4.057494463213017 44.24665602945244
4.057522953842349 44.246653897613
4.057736971774778 44.24669990494922
4.057946891887789 44.24678186133762
4.058280864170511 44.24697185114708
4.058442914302116 44.247077835658445
4.05858093631076 44.24719685868614
4.05864819966641 44.24725669146499
4.058806875172411 44.24739783810223
4.059090928564018 44.24767593102923
4.059469976860359 44.24804696995125
4.059694295902273 44.24826068633224
4.059871935692548 44.24842992980249
4.060210937117285 44.24880786051172
4.060529821973961 44.24914984216876
4.060575959786327 44.24921482896544
4.060590916736221 44.249235896376575
4.060627983375519 44.24935585072687
4.06068293140865 44.24968889168699
4.06073583053207 44.24982486478593
4.060803817081537 44.24993494711671
4.0608738525407135 44.24999194405955
4.061025604409379 44.25008317286314
4.061382913471377 44.250297976664406
4.061643870062617 44.25047995709956
4.0619439422028645 44.250655977070096
4.062268973788671 44.25084391796985
4.0624845790871 44.25094458348715
4.062645973175302 44.251019937940384
4.062973984993413 44.251126853774345
4.063319878205356 44.25120694751755
4.063732826644171 44.25126692469269
4.0639398910199755 44.25129061862625
4.063994900822525 44.25129691328027
4.064171852115658 44.25128294344134
4.064444915900638 44.25124494547944
4.064664894297679 44.251250905944055
4.064819866377559 44.25128294344134
4.064893999656156 44.251305853977186
4.065013954006448 44.251362850920025
4.065139868821349 44.25147181566369
4.065193885531885 44.25155693854891
4.065205350402701 44.251587061934984
4.065212884512832 44.25160685744003
4.065224991706573 44.25166385438287
4.065228903261473 44.25176685866192
4.065195934441594 44.251896871296246
4.065161848034602 44.251975847452336
4.065108948911181 44.25206395056987
4.064921939334019 44.252374826052225
4.064762519578642 44.25270316543667
4.06472189124052 44.25278684316845
4.064679981723725 44.25306884765034
4.064683893278626 44.25319886028466
4.0647239401502295 44.253337999880415
4.064789877789987 44.25347192406964
4.064901645370229 44.253643795830406
4.064932928940645 44.25369190246669
4.06498899456089 44.25382787556561
4.065046922826325 44.25418699355841
4.065060892665257 44.25433190735426
4.065096841717441 44.25443491163332
4.065173449348017 44.25463341427829
4.065197983351305 44.25469698581167
4.065252931384435 44.25484283093011
4.06530285027555 44.25493093404764
4.065410883696621 44.25500692997143
4.065500849459339 44.2550739851983
4.065703877785143 44.25519095931629
4.066077896939469 44.25535282318338
4.066395850473549 44.25548395340481
4.066430915324087 44.255503840584005
4.066675992310255 44.255642837039595
4.066758880021249 44.25578681951285
4.066832827035326 44.255968986212515
4.06687697172635 44.25620684600339
4.066908822959114 44.256379885741616
4.066956695831631 44.25649135443988
4.066984818882901 44.25655683703475
4.067106822142902 44.25671683825664
4.067315997197837 44.256894907136896
4.067458862083976 44.25706589796541
4.0675529256661145 44.257273955433234
4.067587103723725 44.25736528368554
4.067643822751429 44.25751684436612
4.067805872883034 44.257732911208265
4.06802082213806 44.257905950946494
4.0681919992311 44.25797486881856
4.068388880827775 44.25803391467111
4.068421032666185 44.25804151172997
4.068697893664939 44.25810693036259
4.0691708192789 44.258211983551355
4.069926866961871 44.25836788695383
4.070437401375726 44.25845299558801
4.070736931355378 44.25850292873017
4.071040915050527 44.258547818479265
4.071323850855019 44.25854483824696
4.071777963752552 44.25853496622745
4.072041064061864 44.25851286294943
4.072052890182723 44.25851186942708
4.07222891015326 44.25848188083951
4.072352962322972 44.25844295155502
4.07264483882438 44.25836788695383
4.072889962931498 44.25826395135218
4.07313127481406 44.25808649978339
4.073293970673396 44.25796685944424
4.073624962723813 44.25773197988567
4.073926897509252 44.25753398070188
4.074058959053285 44.257422967048505
4.074122747603173 44.25736203166059
4.074233861436706 44.25725588777488
4.074438938672221 44.25700983234517
4.074728952528439 44.25660582460327
4.074918942337907 44.25639795339997
4.074969165591418 44.256363838659226
4.075130911360627 44.256253970926714
4.075246954156018 44.25620293444849
4.075356850222279 44.2561718282738
4.075520949263594 44.25616195625429
4.075974875896607 44.25614686882824
4.076935814550574 44.256143888595936
4.07738200476814 44.25615490089575
4.0782338919840875 44.25617592609322
4.078968750697147 44.256198216188345
4.079191850405749 44.256204983358195
4.0800039637089665 44.25619082725475
4.080284850603748 44.25617294586091
4.080702828184578 44.25614686882824
4.080947952291696 44.25610887086635
4.081017236734381 44.256093262025
4.081386977763183 44.256009964406715
4.0816838834066065 44.25592092996659
4.081926958604014 44.25582798397157
4.082101860987437 44.25574397867346
4.082226335771556 44.255673953693176
4.082284959009699 44.2556409743944
4.082664938628635 44.25537591998374
4.083234886554306 44.25490604066051
4.083239937199055 44.25490187678267
4.083451906221775 44.254656938940066
4.083707833671 44.25435984703213
4.083929860977751 44.25408790083426
4.084129187579848 44.25384426464705
4.084208885227342 44.253746850499816
4.084397943714215 44.25335997909367
4.084594236799419 44.25295903607479
4.084594825310889 44.252957833996966
4.084603968237713 44.252953396312705
4.085224958178959 44.25265198765662
4.085581840997529 44.25234483746465
4.0856988151155145 44.25224499968242
4.086145849961322 44.25190692958028
4.086246349727061 44.251831221824276
4.08717198119697 44.25113393182607
4.087413938807263 44.2509839888882
4.087717922502412 44.250775931420385
4.0877763423403275 44.25069464510514
4.087934920667148 44.250473996634945
4.0879978780745985 44.25016889535268
4.088129939618631 44.24987292103185
4.088197393918039 44.24981475038356
4.088979864619223 44.24913997014925
4.089284523727732 44.248944839765
4.089911932272731 44.24854299236558
4.090501832004677 44.24825689006426
4.090538663047471 44.24824404523809
4.090948866850485 44.24810098666178
4.090975875205753 44.24803486275751
4.091048890897234 44.24799295324071
4.09111091698209 44.24798494386639
4.091193990957603 44.24800394284734
4.091246890081023 44.24804492104154
4.091343933895467 44.24799593347302
4.0918410058016805 44.24774517765609
4.092907997062236 44.24720691697017
4.09316751995275 44.247074752535184
4.0935718438082604 44.246868846868026
4.094282815477613 44.24659894957987
4.0945420474167955 44.24652341061919
4.095744525814764 44.246173014102816
4.095912816284138 44.2461239750562
4.096000919401666 44.24610497607525
4.096994826875512 44.245825951825665
4.097430748735971 44.24573911292479
4.097511897180495 44.24572294754661
4.09803287904038 44.245664833016654
4.0983478523421555 44.2455979640543
4.09861197543022 44.24551582140138
4.099119918773768 44.24533290964364
4.099597873529745 44.24510287296257
4.099967603439685 44.24492023802852
4.100508893292596 44.244652857884454
4.101354906738287 44.2440979758821
4.101743107405979 44.243772741095896
4.101896936488828 44.24364386298456
4.102176892061015 44.24336185850267
4.102378989064224 44.24321787602941
4.102594869641845 44.24313685096361
4.102781007680428 44.24310365522677
4.10285284600078 44.2430908436274
4.103349986002222 44.24309792167912
4.103662910394287 44.24305899239463
4.104105847420674 44.2428859526564
4.104129390870631 44.24287452879218
4.104855934639035 44.242521991786106
4.105234982935376 44.24224799667853
4.10550668391333 44.242038132186245
4.105554985379166 44.242000823661705
4.106307866565314 44.24164785239803
4.106403979057163 44.24160296264893
4.106588682887651 44.24152570296032
4.106623957454204 44.24151094797651
4.106789919140709 44.241331947773666
4.106911922400712 44.241145869519094
4.107259864522365 44.24061389805259
4.10753062987861 44.24035214881642
4.107617864928049 44.24026781857612
4.108027833134558 44.2399709129327
4.1086879545902 44.23974683671624
4.109231846985932 44.239524995674
4.109799465313806 44.23929918071981
4.1101069176966005 44.23917686728783
4.111161919932706 44.238868972037785
4.111540739060323 44.23874797369196
4.112044813753176 44.23858696755589
4.112901884667844 44.23840072756908
4.112914855321828 44.238397909069015
4.112963842890348 44.23838785078498
4.11427417467264 44.238154821837334
4.115572850009192 44.23792386586794
4.115677873785908 44.237900624201345
4.116805921125544 44.237650988347475
4.116964380868495 44.23761750785126
4.118259421363744 44.23734388252792
4.118287841639396 44.23733787769089
4.1188969266168085 44.23730584019361
4.1198285240913615 44.23732492474951
4.120560827565808 44.237339926600605
4.121356372485938 44.23735648016687
4.12147389623837 44.23735892558155
4.122158977139569 44.23730490887102
4.122569876668674 44.23734588706522
4.122789168512348 44.23741792496555
4.122916887467732 44.237459880950894
4.123470838147495 44.23786891783481
4.123782831216965 44.23805890764428
4.123864095868526 44.23807978226094
4.124175849352238 44.23815986301362
4.12520086300077 44.23841895695967
4.125536778500623 44.23847292899442
4.125666896827524 44.238493835296346
4.125976840987284 44.23848899241885
4.126283991179258 44.23843795594062
4.1269387723820765 44.238186023703506
4.128495882343409 44.237586913352914
4.129169653764822 44.2373292743327
4.129214863387083 44.23731198692274
4.129863995236098 44.23702383571172
4.130565438447686 44.23659889816292
4.130723978520721 44.23650285385183
4.131127986262619 44.23619384101467
4.131638909838474 44.235963990598115
4.1317291202564475 44.23595268340189
4.131910856036339 44.23592990419112
4.132088924916586 44.23597591152733
4.133221971986189 44.23650397143894
4.133397739150909 44.23656614597064
4.13349894732607 44.23660194657598
4.134376998269044 44.23649391315491
4.1348339051343626 44.23646299324474
4.134859245151985 44.23645200425848
4.13538282667211 44.23622494718935
4.13600085234644 44.23595598122379
4.1366529644277605 44.235728924775024
4.1366782485765015 44.235721806489906
4.137231874553081 44.23556594332082
4.1379219845962965 44.235241843057615
4.138062368074781 44.23518329833585
4.138470906134044 44.23501292396366
4.138965997225776 44.234864843670984
4.139850165106227 44.23470710772273
4.140288847840328 44.234628846525304
4.140524844986011 44.23458693700851
4.141660872287919 44.23432095127525
4.141801592016368 44.23426135405415
4.142555873302129 44.23394190297891
4.142955603852854 44.23368666156161
4.143429826425683 44.233383854479726
4.144173953179433 44.23274086935984
4.144667624935941 44.23240569173882
4.145179967847019 44.23205783736835
4.145438875528549 44.2319138548951
4.145826864521806 44.23169797431748
4.14605051605123 44.231584599401586
4.146552923617205 44.23132991562776
4.147077375976511 44.230952276937224
4.147381986991658 44.23073293784409
4.148062207239206 44.23022153138061
4.148070979447759 44.23021493621651
4.148303996361136 44.23001898594243
4.148872848202426 44.22962093866514
4.149118903632139 44.229395931126085
4.1492069935324905 44.22934793629037
4.149228985962919 44.229335953950944
4.149276855944325 44.22931583738288
4.149523842696634 44.22921395069094
4.1502908799862315 44.22916291421271
4.150576861453173 44.229175395054355
4.1512298394269465 44.22920389240691
4.152271730001997 44.22924818268348
4.153135884250758 44.22928491747271
4.153460915836563 44.22926796740147
4.153658854317141 44.22922862971959
4.155790898705815 44.228804913807025
4.156255555338468 44.22861142213703
4.1569798251311445 44.228309822715296
4.15734442609306 44.22808640813384
4.157586861198847 44.227937852470674
4.158066864864533 44.22750199349601
4.158423933947621 44.227237870407954
4.158554877904539 44.22717584432309
4.158555866540363 44.227175371442435
4.158700909287503 44.22710599512844
4.15914794413331 44.2269679731198
4.1593848726015885 44.22694394499683
4.159628879121591 44.22695288569375
4.159862052638268 44.2270143317113
4.160520899903497 44.22718795151684
4.161376971633217 44.2273779413263
4.161463972717734 44.22738381424096
4.1617329231291915 44.22740196944927
4.162069875644219 44.22740196944927
4.1621438226582965 44.22732392461577
4.162230994453229 44.227287975563584
4.162329900912864 44.22727698595696
4.16249791150908 44.22732485593836
4.162567946968256 44.22739787162985
4.162584897039493 44.22748299451507
4.16255099689702 44.22756290199376
4.1624239644950025 44.22764485838216
4.162323940448253 44.2276599458082
4.162314999751337 44.227929843096355
4.1622727430406 44.22849101820879
4.162209946562572 44.229324964344315
4.162188868859196 44.229709730618985
4.162149969387427 44.230419827187504
4.162177982435947 44.23096634262478
4.162179957974999 44.23100488404196
4.162209946562572 44.23122989158101
4.162329900912864 44.23152996372126
4.162539821025875 44.231799861009414
4.162671436557796 44.2319254973933
4.1631999424815165 44.23242999387749
4.1639049536862585 44.23308992906861
4.163964147115725 44.23314779946613
4.164579976303428 44.23374986425973
4.164715261425343 44.23389535599112
4.165374953270889 44.23460481840234
4.165764991173856 44.235054833480454
4.1663198731762145 44.23568496634852
4.166453960387197 44.235868394147595
4.166604857890417 44.23607481798697
4.167174827318821 44.2364888840129
4.167294711281248 44.23655101792419
4.167556855847467 44.23668688319669
4.167863819774921 44.236839992631374
4.168033879280848 44.236894940664506
4.168778937357193 44.23713894718451
4.169148044560697 44.2372088339799
4.169512819562394 44.23727790051575
4.169813823025238 44.23733489745859
4.170878883545374 44.237604981011266
4.171336707592411 44.23779013891584
4.17198883381461 44.238053878502264
4.172332864381363 44.238273856899305
4.172690864787047 44.238502962257776
4.172874894131904 44.23866091456996
4.173026885979478 44.238807877275526
4.173037875586105 44.23881793555955
4.173054136190255 44.238837221964474
4.173160996433221 44.23896396694252
4.17319992571771 44.23900997427873
4.173429962398782 44.23926292149565
4.174238909205174 44.240153824690445
4.174562832408044 44.240489852253454
4.175843950566142 44.241818843226554
4.1759233486040594 44.24187578732076
4.176638927533602 44.24238899891948
4.176864994290698 44.24250203229803
4.177182819929335 44.24266094511734
4.177508969102255 44.242823926571546
4.178048949943087 44.24306383527213
4.178091395187087 44.24310088342642
4.178448859865566 44.2434128949809
4.178494867201779 44.243466911691435
4.178685974598363 44.24367087133983
4.178838897768532 44.24386887052362
4.1789389218152815 44.2440199310486
4.17902899939529 44.24412760724534
4.179429915087594 44.24460685054824
4.179800954009614 44.24500899564495
4.179952945857188 44.24513397913726
4.18008157270169 44.24523764355243
4.180919004675017 44.24591255629016
4.1809578429376595 44.24594385726624
4.181174841102395 44.24628490760069
4.181236867326201 44.246765948601755
4.18135289288482 44.24766577850339
4.181362968266673 44.247743917578696
4.181351631384463 44.24876955551488
4.181347880840627 44.24910886397456
4.18128790366548 44.24967883340297
4.181343668861023 44.2497734114155
4.181632865554829 44.250263890257415
4.1819797009991655 44.25090484424635
4.182127956646561 44.25117882157517
4.182292987010471 44.25158189799447
4.182564776400611 44.25224685553082
4.182967823363121 44.253232946691654
4.183086276809087 44.253485963787014
4.183297884090942 44.2539379578964
4.184404948604872 44.25458458483342
4.184812959689191 44.25482290062658
4.185353106832548 44.25518425835694
4.186500449868357 44.255951829342855
4.186942894464945 44.25624782419759
4.187493191862696 44.25652869063425
4.18767789425726 44.256622960939026
4.188442882637148 44.2569828239899
4.188832920540115 44.25729798355619
4.189040596914371 44.25737207747135
4.189992975964985 44.2577118633176
4.190767836364385 44.25798790733489
4.190950716871526 44.25805260838945
4.191465955781921 44.2582348940872
4.192179907683579 44.25848784130412
4.192214862999716 44.258500198779274
4.192462843488071 44.25858786535087
4.193667674850288 44.25900979964118
4.1940308182097406 44.25913697315313
4.194256943335912 44.25920998884462
4.194398876899456 44.25925599618083
4.194477853055548 44.25928188694898
4.194861395415173 44.25941196392282
4.196180688218624 44.259859397201495
4.196314980007298 44.25990494176533
4.196432885447879 44.25994591995953
4.1964754112268245 44.25996028760647
