-3.9134199674446872 43.43316782489049
-3.91341121014731 43.43315434951429
-3.913396298218117 43.433131403638754
-3.913385259076496 43.433114417052614
-3.9133834376153063 43.43311161426156
-3.913382344738594 43.43310993258693
-3.9133796872285007 43.43310584331752
-3.913378776497906 43.43310444192199
-3.913376118987817 43.433100352652595
-3.913374097534109 43.433097242121114
-3.913366925359932 43.4330862058686
-3.913351903056248 43.43306309015324
-3.913344059132888 43.43305102024016
-3.9133357762356 43.433038274851704
-3.9133312258787143 43.433031272945954
-3.913323854952839 43.433019930862336
-3.914312649392177 43.43247980347169
-3.9153228635365247 43.43192797560123
-3.9155208449554633 43.431819828565864
-3.9159958194791336 43.431532981206466
-3.916211886321274 43.43138993005581
-3.916312084295023 43.43133468894418
-3.916338918723291 43.43131989459663
-3.916470980267323 43.43125581960207
-3.916661901399386 43.43117386321367
-3.9168008547306257 43.43112692455486
-3.916840901602229 43.43112897346457
-3.916879830886718 43.43112189541284
-3.9170389007860176 43.43116399119416
-3.9172428604344174 43.43123197774363
-3.917557833736193 43.43138192068149
-3.917595959706847 43.43140313629729
-3.917717834958088 43.43147095512161
-3.917718952545202 43.43148492496054
-3.9176979046545455 43.43151193331581
-3.917685983725324 43.431547882367994
-3.917695855744835 43.431592958381614
-3.917686915047919 43.43177382122965
-3.9176569264603462 43.43185596388256
-3.917583910768864 43.43195282143249
-3.9174099397080377 43.43212492984812
-3.917232583951345 43.43230244816738
-3.9165007485838426 43.43303495432807
-3.9163938667564215 43.43314193412234
-3.916248952960572 43.4332879655053
-3.916071815402921 43.43343585953345
-3.915656818054397 43.43371488378305
-3.9154593714233745 43.43382426836373
-3.915311856165048 43.43390599117963
-3.9148618410869354 43.43412783222186
-3.914411577165982 43.43434808994268
-3.9139929171053978 43.434552887854416
-3.913415869625267 43.43487195897561
-3.913376682066046 43.4348951531596
-3.913126973356164 43.435042949804135
-3.9124314341436466 43.43552256687074
-3.912166966024793 43.435704933904965
-3.91160891752561 43.43602083852934
-3.911435755859705 43.43610236684286
-3.910858830307249 43.436373996057526
-3.9104199911002815 43.43653884015691
-3.910346869645422 43.436561615692035
-3.9099768678093745 43.43667686216556
-3.909291973172694 43.43684692167149
-3.9089933915099833 43.43689023265674
-3.9077549183611926 43.43706988030083
-3.90764043677343 43.43709092934546
-3.9069768914649687 43.43721293145149
-3.9062975540318807 43.43737264095917
-3.9058708527506334 43.437472956720136
-3.904964133585167 43.4377306546099
-3.904438851127897 43.43787994469434
-3.903755819136407 43.438010888651256
-3.9035908931821752 43.438037729379914
-3.903011878647176 43.43813196058866
-3.9021673639863574 43.438226229515486
-3.9021258183298815 43.4382308670483
-3.9012369640448017 43.438298853597765
-3.900761858695685 43.43833660440861
-3.900343825675782 43.438369820379535
-3.8994778819265488 43.438467981781095
-3.899402766431445 43.438477990006085
-3.899087844023582 43.43851994958192
-3.898079225819728 43.4387190046743
-3.897876938385001 43.438758926959906
-3.897143987502396 43.43894984809197
-3.8968180571204263 43.43904190624263
-3.896516834866632 43.43912698564962
-3.895570917155226 43.43942336978217
-3.895141830186736 43.43955781548227
-3.894601849345904 43.43975488334346
-3.894298918359551 43.439837235287314
-3.8939838236715754 43.43992289393968
-3.8935589543035394 43.44001695752182
-3.8931419080453047 43.440063896180625
-3.892961985067843 43.440071346766175
-3.892174822662208 43.44010394305223
-3.891618823072735 43.44006985664524
-3.891528763592879 43.440057827039624
-3.8911028703548656 43.440000938773174
-3.8904088487567496 43.439860867854826
-3.890198502597793 43.43980055926253
-3.8897949209018408 43.43968484788429
-3.889362973482079 43.439555952837075
-3.888895260336028 43.43941047367209
-3.888259915000049 43.43921285359292
-3.887501447911818 43.43903499934228
-3.887112898091515 43.43894388762736
-3.886582975534714 43.43880884585102
-3.886030000573049 43.43869241959492
-3.8845128316695874 43.43837298687636
-3.8844556179707808 43.43836187735056
-3.883232392993153 43.438124356446785
-3.883028862246026 43.438084835665336
-3.882333909325314 43.4379449510115
-3.882019940782839 43.4378773977298
-3.880798774205635 43.437614652267655
-3.88039992482364 43.43752883607586
-3.879560286606955 43.43736849160267
-3.8791748630816087 43.43729488783989
-3.878310302808738 43.43710837186984
-3.878201817233901 43.437084967726875
-3.877189842101704 43.4368558623684
-3.8770778001786943 43.436831342124655
-3.8766008736923534 43.43672696732119
-3.875967946856498 43.43662787459704
-3.8758526471651567 43.43660404303514
-3.875338931575542 43.43649786196272
-3.874624800618582 43.43636722155706
-3.874611941157548 43.43636486909609
-3.874007885322151 43.436254973029826
-3.8734137259854 43.43618805406016
-3.8732438282648585 43.43616891882201
-3.8728839652139833 43.43612998953752
-3.872505848240238 43.436119931253494
-3.872144 43.436119931253494
-3.872074832143072 43.436119931253494
-3.871768985802732 43.43613296976983
-3.8708997844526425 43.43622850008603
-3.870858897362475 43.436232993816574
-3.8701628268546497 43.43634195856024
-3.869699896246042 43.4364293702506
-3.869352948725662 43.43649488173041
-3.868404862323512 43.43670089028852
-3.8681299977380057 43.43675580600176
-3.867688861512144 43.43684394143918
-3.8665599122619607 43.43708999686889
-3.866556233481093 43.43709068120332
-3.865850989502318 43.437221872148406
-3.865126979316629 43.43739286297693
-3.8649758271872896 43.43742460814695
-3.86460283095992 43.437502945307706
-3.863771904940275 43.437648976690674
-3.863410284689067 43.437701398299566
-3.863392856643934 43.4377039247238
-3.8628888248552866 43.437757941434334
-3.862367842995402 43.43778085197018
-3.862061996655062 43.4377858811122
-3.861839128875568 43.43778152418742
-3.861499850336459 43.437774891505576
-3.861005876831842 43.437737824866275
-3.860553999108538 43.43767989660084
-3.860213541175565 43.437622982699395
-3.860182960186518 43.437617870515986
-3.859754924321657 43.437546903734216
-3.859346818760339 43.43744389945516
-3.8590223560084342 43.43737459673145
-3.8589439286055542 43.43735784524734
-3.8583249716086305 43.43717698239931
-3.857521587566565 43.43693289092299
-3.8573569549029383 43.43688287072367
-3.8567879167971295 43.436691949591605
-3.856299903757123 43.43647197119456
-3.8561205748843266 43.43637890401711
-3.855921973047896 43.436275834655966
-3.855467860150364 43.43602195611645
-3.8549349573612575 43.43570586522756
-3.854860347553493 43.435665905538464
-3.854531880941954 43.43548998464994
-3.854079816954132 43.435274849130394
-3.853683425988137 43.43510639791672
-3.8535858434495145 43.435064929017386
-3.8528318446762526 43.43481682467796
-3.8524917413481057 43.43473509233665
-3.85212497082632 43.434646951436555
-3.851554815133396 43.43456983792566
-3.8510732263733463 43.43452273732269
-3.850952994472228 43.43451097833762
-3.850248914590081 43.43448285239524
-3.849677089566725 43.43452574742694
-3.849595871186164 43.43453183996376
-3.848916937014094 43.43459982651323
-3.848283104865338 43.43474007987891
-3.848039817393716 43.43479391414211
-3.8468998785369073 43.435071820804595
-3.8468705051814505 43.43507744064875
-3.846418943548626 43.43516383547702
-3.845931861831215 43.43522791047159
-3.845356912148645 43.43525186153758
-3.8450688983142873 43.43526385952377
-3.843913905688025 43.43534484986037
-3.843113865921956 43.43540095020982
-3.8425384682459622 43.43544427883504
-3.842450950498528 43.43545086910093
-3.84215087835828 43.43546688784957
-3.8418599331794665 43.4354739659013
-3.8416839132089295 43.43548197527562
-3.8415019327737823 43.43548197527562
-3.8413469606939024 43.4354739659013
-3.841294248988645 43.435466738663024
-3.841221977201595 43.435456829565545
-3.8410569468376847 43.435431870119984
-3.840925816616248 43.435405979351835
-3.840791892427025 43.43536891271253
-3.840697828844886 43.43533892412496
-3.840578992081709 43.43529794593076
-3.8404439503053713 43.435244860542824
-3.8403649741492782 43.43520891149064
-3.8402459511215823 43.43514595408319
-3.840123947861581 43.435068840572285
-3.840056007832083 43.43501438863688
-3.8400479519377937 43.43500793207455
-3.8399589174976705 43.4349509351317
-3.839873980876967 43.43488089967253
-3.839787926669149 43.43478683609039
-3.8397119307453615 43.43470394837939
-3.8396228963052383 43.43461882549418
-3.839354447540295 43.434265782178805
-3.839298982306547 43.434192838539026
-3.839175861459431 43.43402687685251
-3.8389909007919782 43.4338208682944
-3.8388359287120983 43.43368284628576
-3.838636998205714 43.43351185545724
-3.8386295215842026 43.43350696650364
-3.8385008388422617 43.43342282101712
-3.8381819539855857 43.43323599770448
-3.837821904670192 43.43307487889547
-3.837656874306281 43.43301490172032
-3.83760397518286 43.43298789336505
-3.8375329578886297 43.43295151440796
-3.837527979259073 43.432948964080566
-3.837425906302614 43.43289587869263
-3.837351959288537 43.43283590151748
-3.837314892649238 43.43278989418126
-3.837263856171009 43.4327258191867
-3.8372208290671 43.432658950224344
-3.837179850872901 43.43259096367488
-3.837021898560715 43.43216683936492
-3.83700582377052 43.43209077283345
-3.8369259723333857 43.4317129127319
-3.836839918125568 43.43126997570552
-3.836782754060949 43.431072326380566
-3.836705993936345 43.43080692211107
-3.8366448991740847 43.43052491762917
-3.836543311462576 43.43007658499017
-3.836332141313133 43.42914463693294
-3.8360995547434102 43.42811817271741
-3.8358542472903 43.42703556797923
-3.835770946050531 43.42666793823245
-3.835595690297036 43.42598019216949
-3.835561957260116 43.42584781555491
-3.8353909664315946 43.42502284999988
-3.8353904358116866 43.42501959753615
-3.83534495909538 43.42474084551798
-3.835298951759166 43.424201982264265
-3.8352929912945553 43.42419993335456
-3.835276815743247 43.42394457178228
-3.8352589048875623 43.423661815158916
-3.835276972545914 43.42340998552911
-3.8353218622950136 43.42323489688117
-3.83539189775419 43.42303484878767
-3.835412172664124 43.42299608170951
-3.8355168812464977 43.42279587140968
-3.835671853326377 43.42256490340601
-3.835843961742013 43.422335984312056
-3.836148967986504 43.42208423620392
-3.836986225732657 43.42139317476691
-3.8376019262731504 43.420884983708376
-3.837724860855748 43.420784959661624
-3.837809750228709 43.420721140227286
-3.838139858204272 43.42047296659216
-3.838600862889011 43.42018481538113
-3.838756155749952 43.4200719338927
-3.83927197395128 43.41969698860565
-3.8393459209653567 43.41965191259202
-3.8394139075148233 43.41959696455889
-3.8394878545289006 43.41954797699037
-3.839531999219924 43.419517988402795
-3.8395889961627647 43.41947086347947
-3.8396368661441698 43.41942895396267
-3.839693810385637 43.419378105161144
-3.8397029900484454 43.41936990811013
-3.8398138174373018 43.41926783515367
-3.8398488351668902 43.41922387672716
-3.8399978467821594 43.41905493480835
-3.8400649020090305 43.41896496904563
-3.840154867771749 43.41885097515995
-3.840216893856605 43.41875989181012
-3.8402669990122393 43.41868091565402
-3.8402908408706824 43.41862689894349
-3.840298850245003 43.41860994887225
-3.84032995641969 43.41856394153603
-3.8403539845426526 43.418500984128585
-3.8403546649135345 43.41849935562796
-3.840382855543111 43.418431879992006
-3.840390864917432 43.41837190281686
-3.8403968253820424 43.418309876732
-3.840398874291752 43.41823890995023
-3.8404219710921192 43.418137954580885
-3.8404288628793255 43.41809082965756
-3.8404329606987457 43.41805394928278
-3.840434823343936 43.418013902411175
-3.840433892021341 43.41797888468159
-3.840433892021341 43.41792896579047
-3.84042998046644 43.41788295845426
-3.840426813969616 43.41783695111804
-3.840416941950104 43.417774925033186
-3.8404089325757833 43.417714947858045
-3.8403968253820424 43.41764398107627
-3.840377826401096 43.417562956010464
-3.840370758035329 43.41753127310038
-3.8403619939169737 43.417491989228694
-3.840339828439202 43.41741096416289
-3.840320829458255 43.417328821509976
-3.840288978225491 43.41723084637294
-3.840259920960514 43.41715298780396
-3.8402159625340095 43.41706581600903
-3.8401768469850017 43.416992986582066
-3.8401189187195657 43.416892962535314
-3.8399998956918697 43.41672681458429
-3.8398879507158985 43.416570911181815
-3.839862938924457 43.416539402074434
-3.839806925650096 43.41646883822536
-3.8397029900484454 43.41635987348169
-3.839616935840627 43.41627195662868
-3.839384850249846 43.41607488876748
-3.8392019384921032 43.415877820906296
-3.838963965806704 43.415611202718395
-3.8385628649271175 43.41516182009492
-3.838152607672856 43.41470230915792
-3.8373497893394823 43.413803107984066
-3.8370889537875863 43.41351095766226
-3.8367328160270935 43.41311384170757
-3.836560341232994 43.41291943574954
-3.835760994990648 43.41201844802633
-3.835371967450648 43.411579953392895
-3.8349302991361176 43.41112181284816
-3.834597852109325 43.41077696705111
-3.8340640940065938 43.41020538896098
-3.834016893074294 43.410154843557365
-3.833536889408608 43.40971581808588
-3.83302325492541 43.409372903580824
-3.832952950141273 43.409325966447426
-3.832385960945173 43.408997954629314
-3.83177091550315 43.40871986170232
-3.83175278888204 43.408712297770805
-3.830380393538872 43.40813962047339
-3.8290265685395393 43.40757469226546
-3.828748959945491 43.40745885090811
-3.8282169884789807 43.40722099111723
-3.827695992049468 43.40701962405643
-3.826326700489522 43.40649038776771
-3.824973291757662 43.405967290251205
-3.824741851346386 43.4058778376701
-3.823623891702829 43.4054689870507
-3.823594617910569 43.40545623313598
-3.8231258203787912 43.40525198888597
-3.822610985248037 43.40499494384963
-3.82228323146218 43.404842055360525
-3.8217748438218577 43.40460490594666
-3.8209733275344298 43.404206657770445
-3.820971857480076 43.40420592734678
-3.8204739724205576 43.40395484277505
-3.819786842609648 43.403564991136605
-3.81973202887966 43.40352320656985
-3.81902595204918 43.40298496342417
-3.818645389055803 43.40268618863516
-3.8184539337110657 43.40253587966865
-3.817204843846072 43.40151794407184
-3.8168399516531815 43.40120390209266
-3.816674921289271 43.401060850942
-3.8165508691195593 43.400950954875746
-3.8164329636789778 43.40083584340295
-3.81629382408322 43.400689998284506
-3.81619193739128 43.4005689263471
-3.8161548707519817 43.400521987688286
-3.816116872790088 43.40046983362294
-3.816064904989263 43.40039886684117
-3.816018897653049 43.40033199787882
-3.815950911103582 43.40022489578035
-3.8158968943930462 43.400140890482234
-3.815838966127611 43.4000429153452
-3.815808977540038 43.399987967312065
-3.815780851597656 43.39993283301442
-3.8157439712228767 43.39985795467774
-3.8156851128528193 43.39972979264942
-3.815677847318601 43.39971397220449
-3.815617870143455 43.39957390128614
-3.8155379626647674 43.399388940618685
-3.815260068240352 43.398720594753826
-3.815034862198715 43.3981789663027
-3.814840550289156 43.39771082392911
-3.814414687392999 43.396684821624454
-3.8142519924249942 43.396292851782434
-3.814149919468535 43.3960739909725
-3.814058836118702 43.39590393146658
-3.81398582042722 43.3957929178132
-3.8138926775260664 43.3956587206368
-3.8138789045932646 43.39563887705592
-3.81377999813363 43.395514824886206
-3.8136529657316127 43.39537084241295
-3.813572871988405 43.39529186625686
-3.813496876064618 43.39521791924278
-3.813418831231121 43.39514788378361
-3.813288818596799 43.39503891903994
-3.813171844478812 43.394951933509525
-3.8130189213086423 43.394849860553066
-3.8129182629351943 43.39478723773234
-3.812880899299999 43.39476399260977
-3.8127538668979826 43.39469097691829
-3.812634843870286 43.39462783324632
-3.8124979394487575 43.39456189560656
-3.812331977762251 43.39448589968277
-3.812119822475012 43.39440096306207
-3.811934861807559 43.39433595674491
-3.811774860585664 43.39428790049898
-3.811628829202701 43.394247853627384
-3.811546653206756 43.39422766315801
-3.811433996515736 43.394199983645976
-3.811248849583764 43.39416198568408
-3.811075996110052 43.39413199709651
-3.8108359011449497 43.39409493045721
-3.810643862425771 43.39406997101165
-3.810254942109919 43.39401893453342
-3.809957382459145 43.393980115253385
-3.8099179895948914 43.39397497610692
-3.809490885052626 43.39391797916408
-3.808884966572038 43.39383881674347
-3.808712127732717 43.393816834653535
-3.808020885467996 43.393728920677205
-3.80780798512268 43.39370098099934
-3.807580928673914 43.39367490396667
-3.807481922552794 43.39366607950805
-3.807323883637575 43.39365199343082
-3.80706385836893 43.39363187686276
-3.8068038331002856 43.39361790702383
-3.806580874470939 43.39361082897211
-3.806320849202294 43.39361082897211
-3.80622778031329 43.393614061891405
-3.806143897909162 43.393616975701235
-3.805920939279816 43.39362889663045
-3.805679912992118 43.393646964288806
-3.805456954362771 43.39367397264407
-3.805268827198494 43.393695951857325
-3.8050118219194102 43.39373769475298
-3.8049179048445354 43.39375294880017
-3.8044989959411097 43.39382987604655
-3.8039469079065378 43.39393399791272
-3.8037804050013655 43.39396520497896
-3.8033128634835673 43.3940528346759
-3.802541694017446 43.39420041189458
-3.802397932165815 43.39422792332384
-3.8018229335953952 43.3943378193901
-3.801485981080368 43.39439891415236
-3.801292746403588 43.39443302903731
-3.8011968985467455 43.39444995063059
-3.800878945012665 43.39450396734112
-3.8002078339503966 43.39462094145911
-3.800031395672506 43.39465244356724
-3.79946296213857 43.39475393432574
-3.7987897587079136 43.39487895959015
-3.7984509870063734 43.3949418752255
-3.797559897547064 43.39511286605402
-3.7975502477067273 43.39511469945674
-3.79630831623244 43.395350657821304
-3.7954118951129594 43.39552097161533
-3.795057080807256 43.39558822509216
-3.794620829700399 43.3956709145532
-3.793810669002894 43.3958263451619
-3.792560092322741 43.3960662702721
-3.791306713902808 43.3963067329005
-3.791086832979772 43.39634891740267
-3.790583918778239 43.396446892539714
-3.790127943235515 43.39654486767675
-3.789747963616579 43.39663595102659
-3.7893614235471658 43.3967339640834
-3.789329986035749 43.396741935537946
-3.788051838905778 43.397111856872854
-3.787862459509917 43.397170686942594
-3.786722878025912 43.39752469408193
-3.7862428378964106 43.39767381692694
-3.785215294608707 43.39799321424853
-3.783719552500173 43.39845814456238
-3.7828289817905945 43.398734965892174
-3.78222345025814 43.39892572717231
-3.780738021004196 43.3993936836219
-3.780165957961215 43.39957390128614
-3.779320875838121 43.399833926554784
-3.7792271893605744 43.3998583829441
-3.778443942482262 43.40006284564874
-3.7777538324390463 43.4002058967994
-3.777678735251505 43.40021945112782
-3.7770778784992816 43.4003279000594
-3.7764702766634497 43.400414506700734
-3.776242854660217 43.400446923087095
-3.775364989981763 43.40051584095916
-3.774891878103283 43.400548996043554
-3.774864247408954 43.40054994077767
-3.7744288245088344 43.40056482852768
-3.7737608799433904 43.4005689263471
-3.7736271141684106 43.40056426897708
-3.772781873631072 43.40053483994011
-3.772348994888715 43.40050485135253
-3.771987672228863 43.40047289348715
-3.7719088518301143 43.40046592206805
-3.771145912359936 43.400375956305325
-3.770591961680173 43.40028897077491
-3.7703909663998 43.40025075035509
-3.7700659506782728 43.40018894672816
-3.7688204165349912 43.39995467081186
-3.7686518304493686 43.39992296099491
-3.767973827599894 43.39982684850306
-3.767600335547 43.399802452122074
-3.767300853892434 43.39978289007655
-3.766728835554321 43.39979592859289
-3.766539963331967 43.39980784952211
-3.7660109720977615 43.39985292553573
-3.7659837571389865 43.39985539012908
-3.765282864092653 43.399918863175486
-3.764661858186018 43.39998386949264
-3.764379470903231 43.39999358037392
-3.76384397068271 43.40001199543503
-3.7632568649185494 43.39998498707976
-3.7628129965695662 43.39993283301442
-3.762808485922092 43.39993205609006
-3.7624009794533473 43.39986186623265
-3.7619038394519055 43.399743960792065
-3.761385837824326 43.39957893042816
-3.761304482485805 43.399547657001605
-3.7607719099694177 43.39934293328247
-3.760339962549656 43.399126866440334
-3.760257657727103 43.399078804004866
-3.759791972334503 43.39880686399654
-3.7593520397590505 43.39844197469296
-3.7593158802237183 43.39841198321608
-3.758965889192355 43.398065903739614
-3.758652880797842 43.39769045033826
-3.7584449073324704 43.39744098627808
-3.7580168714676097 43.39687790863688
-3.757829846462235 43.396657863864334
-3.757749954411759 43.3965638666577
-3.757493840698015 43.39630086115675
-3.7571149786661935 43.39597396692575
-3.7570642682731914 43.39593909753926
-3.7567208429438064 43.395702952050485
-3.756363960125237 43.39549191435036
-3.7559819315965903 43.395294846489165
-3.7558648470016647 43.39524570590992
-3.7556699385271206 43.395163902532246
-3.755329819515269 43.39502886075591
-3.754734303176115 43.394845107408976
-3.754587927935748 43.39479994166195
-3.753379816264953 43.3944559110952
-3.7532404383296 43.39441620578028
-3.752491893302468 43.39420296387828
-3.75209265158328 43.39406429925302
-3.751803832168963 43.393963986500296
-3.7515659723780894 43.39387681470536
-3.75135381709085 43.393792995671774
-3.750908831154753 43.39359592781058
-3.750697850272161 43.39350019452806
-3.7506309244922753 43.39346982673115
-3.750144960361979 43.39322693779827
-3.7494779471191304 43.3928368998953
-3.749472181977847 43.3928332706177
-3.74909684991308 43.392596991194715
-3.748961994401261 43.39251689745151
-3.748715938971548 43.392307908661095
-3.748481994394532 43.39211343770466
-3.7483549583335583 43.39200783652085
-3.747978890269523 43.39169882368368
-3.7477149534459775 43.391493932712685
-3.747644917986801 43.391424828576106
-3.7475918325988617 43.39136894922038
-3.7475394556071135 43.39131277567154
-3.747465917783958 43.39123390744404
-3.747369991556629 43.39111190418405
-3.747302936329758 43.391017840601904
-3.7472599092258494 43.39094594249754
-3.74721893103165 43.39086584875433
-3.747178884160047 43.39076489338498
-3.747151875804779 43.39068088808688
-3.747127847681817 43.39060787239539
-3.747107917378275 43.39053485670391
-3.747088918397328 43.39045383163811
-3.747073830971282 43.3903688950174
-3.747072006188116 43.39034507419932
-3.747066939184075 43.39027892925469
-3.747066939184075 43.39019883551148
-3.7470728996486864 43.39010495819386
-3.747080909023007 43.39001797266344
-3.747093947539343 43.38992782063621
-3.7471088487008704 43.38984288401551
-3.747125985036626 43.38976781941432
-3.747144984017573 43.38970188177456
-3.7471669632308258 43.38963296390249
-3.747196951818398 43.389559948211016
-3.747243890477208 43.38950686282307
-3.7474399658978528 43.38929762797822
-3.747465917783958 43.38926993435479
-3.747539864798036 43.38917791968237
-3.747641937754496 43.38907882695821
-3.747721845233184 43.38901698713788
-3.7477948609246656 43.38897787158887
-3.7478378880285743 43.38897582267916
-3.7478958162940104 43.388964833072535
-3.74794685277224 43.3889469516787
-3.747981870501828 43.38892795269776
-3.748021917373432 43.38889591520047
-3.7480528372836 43.38885698591598
-3.748067924709646 43.38881898795409
-3.7480738851742568 43.38880185161833
-3.748069973619356 43.38875286404981
-3.748065875799936 43.38871989522993
-3.7480388674446687 43.38868282859063
-3.748019868463722 43.3886619669645
-3.74800384971508 43.38864483062874
-3.747985968321248 43.38862583164779
-3.747939960985034 43.38860087220224
-3.747900860863328 43.38858789649813
-3.74789786520372 43.38858690236331
-3.747877934900178 43.388539963704496
-3.7478524529360486 43.38848899977624
-3.7478509265449103 43.38848594699396
-3.7478248495122384 43.38842895005112
-3.7477898317826503 43.388337866701285
-3.747755931640176 43.38826391968721
-3.747703963839351 43.38818196329881
-3.7476439866642055 43.38810298714272
-3.747588852366556 43.38804096105786
-3.7475109937975777 43.38796198490177
-3.747415998892844 43.387895860997496
-3.747328827097911 43.38783793273206
-3.747235881102887 43.387779818202105
-3.747160266199273 43.38773602633055
-3.7471358570561377 43.38772188993667
-3.746999883957205 43.38765185447749
-3.7468398827353098 43.38757995637312
-3.7466448637838257 43.3874948334879
-3.7460838350523376 43.38723592580637
-3.746070778744913 43.38723008122896
-3.7456569167745912 43.38704481840979
-3.7452828976202657 43.38691387445287
-3.745181942250921 43.38687382758127
-3.744924897214582 43.38676691174731
-3.7448837192111624 43.38674885193904
-3.7443638684830938 43.386520856317595
-3.743939930437653 43.38632285713381
-3.743803751832181 43.38626101690048
-3.7433939891322106 43.38607493905891
-3.743323953673034 43.386026882812985
-3.743287818356331 43.38598888485109
-3.743265839143079 43.3859499555666
-3.743245908839537 43.38591698674672
-3.7432548495364526 43.38587489096541
-3.7432449775169414 43.38582497207429
-3.743200832825918 43.38575698552483
-3.7431509139348025 43.38572699693725
-3.743088887849946 43.38568993029796
-3.743042880513733 43.38568192092363
-3.74296595326735 43.38566999999441
-3.7428679781303105 43.38568192092363
-3.742797942671134 43.38571582106611
-3.7427649738512554 43.38571786997582
-3.742722169217496 43.38571331931709
-3.7427089082310103 43.38571190951121
-3.742636823862124 43.38569887099487
-3.7425319569378783 43.385671862639605
-3.7416809143501726 43.38528089341404
-3.741650637818877 43.38526703263916
-3.741062888675843 43.38499795760955
-3.740511226862151 43.38475894250674
-3.739633867285413 43.3843788143481
-3.739518942077136 43.38432498390209
-3.739411787114184 43.38428026946151
-3.739393958584829 43.384272829836746
-3.738987901933221 43.384090849401595
-3.738537886855108 43.383892850217805
-3.7383709938460066 43.38381890320373
-3.738297797124432 43.38378004673687
-3.7382109926241114 43.38373396658303
-3.738119909274278 43.38367492073048
-3.738063843654033 43.38363394253628
-3.738060863421728 43.383601905038994
-3.7380388842084753 43.38356986754171
-3.7380068467111927 43.38354788832846
-3.737953947587772 43.383533918489526
-3.737909989161268 43.38353596739924
-3.737869942289664 43.38354788832846
-3.7378518746313127 43.38355887793509
-3.737711989977478 43.38363189362657
-3.737587937807767 43.383689821892006
-3.737514922116285 43.38371589892468
-3.737459974083155 43.38372893744101
-3.7373949677659937 43.38374197595735
-3.737326981216527 43.383750916654265
-3.7372418583313047 43.38375985735118
-3.7371658624075175 43.383776993686936
-3.736971215759725 43.38383303701484
-3.7369129151905978 43.3838498231139
-3.736857967157467 43.383870871004554
-3.736764834897924 43.38390682005674
-3.736698897258168 43.383929916857106
-3.736524926197341 43.38400088363888
-3.7361389861137937 43.38417597228682
-3.735830411957886 43.38428291606081
-3.7357638493723537 43.38430598492114
-3.735697911732597 43.38432386631497
-3.7354358375542422 43.38438086325782
-3.735212878924896 43.38442593927143
-3.734845937822296 43.38444382066527
-3.734471958981481 43.38438924540739
-3.734291987142533 43.38436298186398
-3.734074988977797 43.384340816386214
-3.733867862832573 43.38429890686942
-3.733726860591625 43.38426090890752
-3.7334459736968424 43.38414188587983
-3.733251836152504 43.38402782425305
-3.733212956783465 43.3840049814583
-3.732955911747126 43.3838079135971
-3.732818821061078 43.38369187080171
-3.73267986772984 43.38350691013426
-3.732617841644984 43.38342197351355
-3.7326018228963425 43.38339589648088
-3.732555815560128 43.38333591930574
-3.732538865488891 43.38329997025355
-3.732487270962269 43.38319379021326
-3.732448899726173 43.383114823321584
-3.732422822693501 43.38301386795224
-3.732364894428065 43.38278588018088
-3.7322898298268727 43.38240683188454
-3.7322842946308006 43.382226416580686
-3.732276977575056 43.38198792298111
-3.732270830845926 43.38182494152691
-3.7322609588264144 43.38159490484584
-3.732257978594109 43.38150493908312
-3.7322648703813153 43.38146284330181
-3.7322698995233305 43.3813369284869
-3.732266492046693 43.38128683858032
-3.732254998361803 43.38111788141246
-3.73222091195481 43.38095285104855
-3.732149945173038 43.38079489873636
-3.7320519700359993 43.3806488673534
-3.731931829421189 43.38050693378985
-3.7318011345545057 43.38040619668858
-3.731709988378957 43.38033594296133
-3.731544958015046 43.380250820076114
-3.73137694741883 43.380188980255774
-3.7307186020216943 43.37996126127548
-3.729428984068014 43.379515187699745
-3.729404964955262 43.37950687958688
-3.728959979019165 43.37940294398523
-3.728518904637968 43.379316889777414
-3.728227023552612 43.37926616839419
-3.727177986365065 43.37908387286404
-3.726964942616688 43.3790338915413
-3.726572999207072 43.37894193930049
-3.726213881214273 43.37882794541481
-3.725749586998754 43.378604953404256
-3.725684889980067 43.37857388061077
-3.725454853298996 43.3784589554025
-3.725195945617466 43.37835893135575
-3.7249258620647905 43.37830081682579
-3.724712961719475 43.37827585738024
-3.724497249396766 43.37826663741806
-3.724481993715808 43.37826598536073
-3.724137963149055 43.378292993715995
-3.723846831705723 43.37831385534213
-3.723589972933903 43.37832894276818
-3.7233468977364943 43.37831795316155
-3.7231885804674256 43.37828686657228
-3.7231628683916376 43.37828181784485
-3.7229238910136497 43.3782218406697
-3.722648964583478 43.37810486655171
-3.722568870840271 43.37808195601587
-3.722514854129736 43.3780549476606
-3.722377949708207 43.37799888204036
-3.722016007603784 43.37785571523324
-3.721950845165942 43.37782994012154
-3.721709818878245 43.3777328963071
-3.721501947674944 43.37762989202805
-3.721153819288771 43.37730094888734
-3.721088264353628 43.37723400519654
-3.720722989456125 43.376860992093256
-3.720373860080632 43.37648245776858
-3.719676927916935 43.37572682743654
-3.7196454105875247 43.375693878604096
-3.719434970306642 43.37547388021962
-3.7193869140607174 43.37542284374139
-3.718937593694784 43.374951272932385
-3.718299874327329 43.374281973561985
-3.718219966848641 43.374198899586474
-3.718211176842671 43.37418937986783
-3.717482677019855 43.373400402776184
-3.7174369108104015 43.37335083723107
-3.717331857621637 43.373233863113086
-3.7173109959954993 43.37320685475782
-3.717260890839865 43.37315283804728
-3.717249901233239 43.37314184844066
-3.716712900624712 43.37257392792196
-3.716690279425411 43.37254446163281
-3.716504843156893 43.372302913046695
-3.716040858239849 43.37171096440504
-3.7160161947006376 43.37167657930146
-3.715644859872271 43.371158876370465
-3.7154598992048182 43.370818943623135
-3.715440260194371 43.370781525476424
-3.715343856409427 43.370597847638976
-3.715298966660328 43.370493912037325
-3.715227999878555 43.37034788065437
-3.71515982706457 43.370213956465136
-3.714976915306827 43.36986396543377
-3.714935281444298 43.36978935277691
-3.714924947506002 43.36977083317423
-3.714497740029781 43.36892850198418
-3.7144969116411417 43.368926868638255
-3.714247875979123 43.368395828494336
-3.714140960145167 43.36815293956145
-3.714082839786139 43.36801562801837
-3.7139559994777143 43.36771596299967
-3.713872925502202 43.36757291184901
-3.7138418193275142 43.367525973190205
-3.713788920204094 43.367465996015056
-3.713766940990842 43.367445879447
-3.7137108753705967 43.36741291062712
-3.7136209096078776 43.36734790430996
-3.713436880263021 43.36726185010214
-3.713363869321583 43.36725013644333
-3.713112966264329 43.36720988230131
-3.712980904720297 43.36714282707444
-3.712903977473914 43.36707186029267
-3.712869891066921 43.3669569350844
-3.712866910834616 43.366845921431015
-3.712883860905853 43.366711997241794
-3.712933528123395 43.366291970613446
-3.712965817294251 43.366018906966275
-3.7129829536300063 43.36571585459373
-3.712996528696042 43.365386858875695
-3.7130209515919006 43.36479496281136
-3.713029380019425 43.3644850710924
-3.713036970340542 43.364205994402006
-3.71305239588144 43.36357803139404
-3.7130529890891832 43.36355388232069
-3.7130529890891832 43.36334284462056
-3.7130429308051527 43.36310591615228
-3.712994874559228 43.36280882424434
-3.7129718352203662 43.36268056046232
-3.712969915113671 43.3626698709131
-3.712940857848693 43.36252197688495
-3.712836922247043 43.36222991411902
-3.712694988683499 43.36189296160399
-3.712580740693229 43.36169292787015
-3.712534987461604 43.36161281976729
-3.712057825183571 43.36080111627912
-3.711995937943368 43.36069583953982
-3.711571999897927 43.35998188763816
-3.711561941613896 43.35996493756693
-3.711509719841582 43.35987909935009
-3.7113319049328246 43.35958682059318
-3.711284966274015 43.359512873579106
-3.7111758152658303 43.35931990353733
-3.710950975262087 43.35895026206593
-3.710580886391868 43.35834182854761
-3.710406640988919 43.35804024310607
-3.710398905956721 43.35802685524583
-3.710325890265239 43.35790094043093
-3.7099989960342423 43.357363939822406
-3.709960998072349 43.35729297304064
-3.7098885062302696 43.35717429492459
-3.7096268395251073 43.35674591414808
-3.709367194445111 43.35631480864388
-3.709350981772341 43.35628788969564
-3.709258967099912 43.35610590926049
-3.708980874172916 43.35566297223411
-3.7088108146669896 43.35538897712653
-3.708794181861634 43.35535851527135
-3.708663851961431 43.35511982489645
-3.7085818955730327 43.354978822655504
-3.7084649214550462 43.35482385057562
-3.708386876621549 43.35467688787006
-3.7083319285884184 43.35449788766722
-3.7083287429686607 43.35448575590286
-3.708295979536235 43.35436098324569
-3.708256863987226 43.354215883185326
-3.708220914935043 43.35406296001515
-3.708168947134218 43.35394598589717
-3.70813188049492 43.3538779993477
-3.708095931442736 43.353830874424375
-3.708022915751254 43.35374984935857
-3.7079139510075887 43.35365392313124
-3.707838061659348 43.35359700612006
-3.7078059175865183 43.35357289806544
-3.7076829830039215 43.35349895105136
-3.707417928593262 43.35335888013301
-3.707179882537869 43.35322085812437
-3.707048938580951 43.3531079818258
-3.706932895785561 43.35296995981715
-3.706908372379357 43.35293421825705
-3.706862860326384 43.35286788686069
-3.7067728945636658 43.35275892211703
-3.706733965279176 43.35271589501312
-3.7066959673172826 43.35266988767691
-3.706636921464732 43.35260395003715
-3.7065728464701664 43.35253596348768
-3.7064588525844857 43.35242886138921
-3.706370935731477 43.35237093312377
-3.7062889793430784 43.35232585711015
-3.7062088855998714 43.35227798712875
-3.7061308407663742 43.35224296939917
-3.70612028134634 43.35223815674042
-3.7060339832164497 43.35219882470814
-3.705912911279043 43.35215598386875
-3.7058298373035305 43.3521369848878
-3.7056618267073143 43.352114819410026
-3.705465876433235 43.35210196715821
-3.705080867672284 43.35206899833833
-3.704904088208466 43.35206245498989
-3.704778932886845 43.35205782246719
-3.704692878679027 43.352051862002575
-3.7045688265093153 43.35204087239595
-3.7043708273255262 43.352033980608745
-3.704218835477952 43.35202094209241
-3.703940928815475 43.35200697225348
-3.703656875423868 43.35198685568542
-3.703535185178919 43.35197940155189
-3.7032828562695426 43.35196394514957
-3.702910886024927 43.351942897258915
-3.702613980381503 43.35191682022624
-3.7023189373832706 43.3518968899227
-3.702163531713088 43.35188468641976
-3.702050902740305 43.35187584203205
-3.7018348358981648 43.35183095228294
-3.701651924140422 43.35179183673393
-3.701449827137213 43.35172086995216
-3.701184958991072 43.35162289481512
-3.700980550914889 43.35152729078701
-3.700887867083129 43.351483941483885
-3.700563953084438 43.351303823693925
-3.70036781654584 43.351202868324584
-3.7000258348887978 43.35103392640577
-3.6999541668704 43.350996688826264
-3.69979281797542 43.35091285446836
-3.6995558895071423 43.35078693965346
-3.6994359351568504 43.3507228646589
-3.6993008933805127 43.35065487810943
-3.699019820221212 43.3505149934556
-3.6989430599569086 43.35047399107839
-3.698839888695774 43.350418880963744
-3.6986359290473745 43.35031084754268
-3.6982769973190943 43.35012290664291
-3.697936878307243 43.349946886672384
-3.6978634525656657 43.34991082324884
-3.697757878104401 43.34985896981937
-3.697720997729622 43.34984090216102
-3.697587818598475 43.34977589584386
-3.6974639526932824 43.349715918668714
-3.6968388489672286 43.349386975528006
-3.696757052410085 43.34934391204645
-3.696458869348292 43.34918692743451
-3.6961578658854486 43.34903195535463
-3.695949994682148 43.34892392193356
-3.695663892380831 43.34877584164089
-3.6956484634697504 43.348767970745186
-3.6953699669697126 43.34862589870302
-3.695040837564487 43.34845788810681
-3.694633931455812 43.34824408182012
-3.693497839551936 43.34764712938778
-3.6934669023782063 43.34763087364206
-3.693058983081408 43.34743082554856
-3.6924682645242632 43.34712572915092
-3.691736877524932 43.34674797982159
-3.691454471124645 43.34661048824842
-3.6912479331623302 43.3465099337662
-3.690714844108705 43.34628194599484
-3.690279189813291 43.34612661814545
-3.690251976778775 43.34611691563093
-3.689659841872599 43.34593493519578
-3.6890767630628063 43.34579283403607
-3.6887938981233663 43.34572389749565
-3.6883049537607646 43.34560394314536
-3.6876187313338775 43.34544705538148
-3.6873158891644153 43.345377818019195
-3.6866449643666663 43.34522694375873
-3.6862625606741934 43.34513476981555
-3.686192900378843 43.345117979015065
-3.6857568551396622 43.34504086550417
-3.685247980473518 43.344974927864406
-3.6848923409271337 43.344927592303065
-3.684609838231128 43.344889991243704
-3.684130952152557 43.34482498492655
-3.683477803438726 43.34473979704687
-3.6831569749822535 43.34469795252453
-3.682836972538463 43.344646916046294
-3.682636924444964 43.344622887923336
-3.6820149872157346 43.34453683371552
-3.681976841569673 43.34453169562671
-3.681176983144365 43.34442395741695
-3.680448257155851 43.344324504652
-3.6794259104004334 43.34418498003896
-3.679294966443515 43.344163932148305
-3.679105477629388 43.344140206503795
-3.67907182154965 43.34413599247044
-3.678670980304576 43.34408793622452
-3.6781958195163864 43.344017900765344
-3.677844897162428 43.34396388405481
-3.677637288121387 43.34393203227915
-3.677101887995792 43.343849890169125
-3.676564887387266 43.34376588487102
-3.676333919383598 43.343733847373734
-3.6762613026390425 43.343719655355976
-3.676088981541 43.34368597739233
-3.675969958513304 43.34366884105658
-3.675586998662062 43.34358893357789
-3.6754769163312817 43.34356583677752
-3.675113886783582 43.343486860621425
-3.674830437480391 43.343413837017685
-3.6748268531596704 43.34341291360735
-3.674432903701802 43.343310840650894
-3.674215905537067 43.34324583433373
-3.6738439352924512 43.34313388935776
-3.6734779255124463 43.34301598391718
-3.673463403169398 43.34300916162727
-3.6730988772161055 43.34283791503693
-3.672323689098888 43.34245417273347
-3.6722929106420183 43.34243893643705
-3.672209836666506 43.34239497801054
-3.6720408947476946 43.34231581558993
-3.671596840134193 43.342066966192434
-3.6712628678514703 43.34185592849231
-3.6711931417856727 43.341798978320554
-3.671142913501179 43.34175795335527
-3.670974902904963 43.34163296986296
-3.670716926546028 43.341516927067566
-3.670491919006971 43.341441862466375
-3.670231893738327 43.34136381763288
-3.670064353107337 43.34132427846572
-3.6699359194174983 43.34129396843822
-3.6695429012822265 43.34116991626851
-3.669393889666958 43.34110993909336
-3.669032909028968 43.340952918103774
-3.6688790910652824 43.34087277124999
-3.668656840964932 43.3407569678297
-3.6684919968655407 43.34067482517678
-3.668244449584212 43.34054285769446
