18.933988972022885 49.52737985985085
18.935190657454427 49.527299806655925
18.935249982817098 49.52729585455274
18.935175849538503 49.52787495094258
18.934933388184692 49.528216019804375
18.934624879091043 49.5286499976065
18.9342819720376 49.52907357999682
18.93419181408417 49.52918494930532
18.93429535613638 49.52918357567744
18.93570572842726 49.52916486514712
18.93667695529782 49.52915198048544
18.93713754252458 49.52920920725089
18.937697871126932 49.529278826622935
18.938525001832353 49.52943508696315
18.938534943875705 49.52943696519964
18.939335881307777 49.52950998089112
18.93993560385293 49.52939018382464
18.939941986052887 49.52938890895372
18.939958999378806 49.529402751506794
18.940075910242108 49.52949787369738
18.939953906982108 49.52961894563479
18.93956591798885 49.52999482743431
18.939150527026815 49.53014521486093
18.938728845240075 49.53029787980686
18.937901296497625 49.53064445124661
18.93783086399356 49.530673947870895
18.936799889880415 49.53117183293041
18.936772241971784 49.531239292765115
18.93660598851605 49.53164494480889
18.93665497608457 49.53202082660841
18.936701939171854 49.53218531019749
18.936848877448934 49.53269994704499
18.936746037189536 49.533139883544
18.936726874188935 49.53322186022748
18.936459957133085 49.53351299167081
18.935839882549043 49.53379182965588
18.935750156840044 49.53380527294283
18.93431836200713 49.53401979371955
18.932833847086247 49.53424221336137
18.93148187269102 49.53444477492305
18.930096350467387 49.53465236283771
18.92929193964508 49.53477288487791
18.928722986718775 49.534857962592056
18.927176648202607 49.535089192523685
18.925746254891965 49.53530308472385
18.924656933352132 49.53546597515343
18.924144379862874 49.53557537494172
18.923916904417805 49.535623927465615
18.922964906460752 49.53617992705509
18.922882618798063 49.53622881813161
18.921678936220975 49.53694398411238
18.92164889742016 49.53695463093093
18.92039265689596 49.537399887217795
18.920307843095983 49.537429948242675
18.919943882225688 49.53756294110931
18.919859876927585 49.53772089342149
18.919956920742024 49.53782985816515
18.920289358735385 49.53787072228977
18.920550918293394 49.53790287385664
18.92137446492761 49.53811088223265
18.921508876715055 49.53814483146693
18.92188494477909 49.53832699816659
18.922078846143457 49.538581994293224
18.922078846143457 49.53878781658682
18.921978215429473 49.53897921065953
18.921848995726904 49.53922497941311
18.92164098129867 49.539917710887806
18.92141183290061 49.540680822894295
18.92133640080506 49.540891700016864
18.92101394050044 49.54179316643758
18.92093890728665 49.54200292845077
18.920865891595167 49.54241494556699
18.92066789241138 49.542674970835634
18.92066198768292 49.54277174277427
18.920657834127347 49.54283981493502
18.92067888201801 49.54302589318959
18.919762833113136 49.543402892576225
18.919668250503324 49.54345118336366
18.91942792950782 49.54357388340475
18.91851607591447 49.54412035081579
18.917583910768865 49.54467899079648
18.917565843110513 49.544688862815995
18.917545912806972 49.544700970009735
18.917398302611403 49.54477513652951
18.91614255974352 49.54540608263646
18.9155299719169 49.545713876464525
18.91493653974168 49.54602015358391
18.914847871248003 49.5460659164056
18.914404934221615 49.546225917627496
18.91386588470338 49.54644682734713
18.913712532041053 49.54656795372535
18.91360883966704 49.54664985567294
18.913462994548595 49.546764967145734
18.913288837223252 49.54685288399874
18.91295691385024 49.54686685383767
18.91239696249872 49.54688757334904
18.91176388960549 49.546910998528695
18.91138689021886 49.54688883305093
18.910885883931485 49.54683464075526
18.91044495054584 49.546786946358985
18.909957868828428 49.54672790050643
18.90956391937056 49.546700892151165
18.909492669558535 49.54669989332203
18.90928489512097 49.546696980596266
18.90850984845705 49.546796818378496
18.90806021769746 49.54672813266125
18.90777093710983 49.54668394207993
18.907303971960484 49.54658093780088
18.906887857024845 49.54654089092927
18.906639922956657 49.54654188142742
18.906141867625905 49.546543871161575
18.90558195648153 49.54656287014252
18.90523600977144 49.54657456969307
18.905223956075847 49.54657497733626
18.90394692653299 49.54657590865886
18.90372840457877 49.54659850469909
18.903656912676773 49.54660589724643
18.90352485113274 49.54659099608491
18.903119912068245 49.54656789928454
18.902906825458412 49.54658093780088
18.90273993244931 49.54669195145425
18.90265797606091 49.54682084650146
18.902596881298653 49.54697190702644
18.902513993587657 49.54705796123426
18.90249508537513 49.54706301291098
18.902315994403867 49.54711086035768
18.90207496811617 49.54704399139533
18.90167598951629 49.54692999750964
18.90139789658929 49.54684487462442
18.90116487967591 49.546804827752815
18.901106401487823 49.54680843384579
18.900871885587392 49.54682289541117
18.900310856855903 49.54684990376643
18.899757837498736 49.54691286117389
18.899679217204344 49.54693115693879
18.89879093838016 49.547137868712944
18.89865198504892 49.547163945745616
18.89847689640098 49.54727197916669
18.898411074919796 49.54744627326821
18.898393822425465 49.54749195756373
18.89843182038736 49.54762383284324
18.898697992385134 49.54781382265271
18.89890288335613 49.54799282285555
18.8992148764256 49.54815189275485
18.899302808534916 49.548226608615266
18.899307822420624 49.54823086891094
18.899300930633416 49.548336853422306
18.89910889191424 49.5484119180235
18.899080952236375 49.54856595878078
18.89908188355897 49.54871795062835
18.899089892933297 49.54888987277947
18.899054875203703 49.54898393636161
18.899005887635184 49.549047825091655
18.898892030007776 49.54917238904208
18.89869687479802 49.5493858951938
18.89841095876122 49.54965299851417
18.898223949184057 49.549873908233806
18.89968522462113 49.549943498892524
18.900343825675783 49.54997486360315
18.9009558908855 49.550075818972495
18.901267996534813 49.550153471655335
18.901655872948226 49.55024997629784
18.902641443790426 49.55061697700721
18.903918849098773 49.55109264921081
18.90409388923855 49.55115782956387
18.905148505228905 49.55155331056025
18.906438753916927 49.55203715381826
18.90665688902118 49.55211895448235
18.907337872102957 49.55236892146696
18.907717411142656 49.55251404383989
18.90826099905955 49.55272189273064
18.909050531151657 49.5530137015254
18.90940298682607 49.55314396813088
18.909865854156 49.55327882364271
18.910415893280863 49.553388905973485
18.910550326591785 49.55341602751174
18.91154596011816 49.553616893744845
18.911974731571817 49.5536993155421
18.913454284307385 49.55398372672328
18.914862008541895 49.554254330469064
18.914953855759364 49.554271986058474
18.916156380030863 49.55466207482243
18.9175467556118 49.55511310097189
18.91764798576343 49.555145939182026
18.918274952134674 49.555149850736925
18.91898592380403 49.554946822411125
18.91913081737139 49.554859622213776
18.9198649060696 49.55441783117692
18.9199869093296 49.55433587478852
18.920309711095538 49.5541355784366
18.9211648461483 49.55360497281563
18.9214197190526 49.55347151202753
18.92250786198032 49.5529017205344
18.92371810665518 49.55226799209417
18.92372989484064 49.55226181936849
18.924244916235914 49.55184682201997
18.924538627197084 49.55152422934724
18.92492683064029 49.55109785238872
18.92519095372835 49.55082888642316
18.925284015422616 49.55073229632343
18.925583971863627 49.55042096712637
18.925695916839597 49.55021384098114
18.9256588502003 49.54994282610587
18.925641999588553 49.54984884921742
18.925606882399475 49.54965299851417
18.92570783776882 49.54953583813166
18.925853869151783 49.549493928614865
18.926091915207177 49.54952782875734
18.92687590256801 49.549653929836765
18.92653988137558 49.54936596489026
18.926286934158657 49.5491819355454
18.926170891363267 49.54909495001498
