30.159692561357744 59.600572474618765
30.15941895900858 59.60030297786675
30.159299935980886 59.6001658871807
30.15878667777877 59.599710130228935
30.1587379759268 59.59966688453407
30.15825890358371 59.59925784765015
30.157967958404896 59.598975843168255
30.1578740930031 59.59888645420887
30.15784297491259 59.59885682014056
30.156989727341134 59.59804080145585
30.156108251831412 59.59719778647389
30.155366960660373 59.596488839309416
30.155245673161073 59.59635494820609
30.154857899729713 59.59592687925533
30.154417124609346 59.59550441400853
30.15352638899486 59.594650679703165
30.152620257754652 59.59378218930899
30.151715314690893 59.59291483773423
30.150832512019416 59.59206870683607
30.149939434211102 59.59121272763201
30.149826895069182 59.59110486338522
30.14903654941224 59.59034564971278
30.14888588671876 59.590200921674096
30.148150229824953 59.58949516744974
30.147254981271296 59.58863630857966
30.146745893658977 59.58814791414472
30.146346066932697 59.587764291055734
30.145448997395135 59.58690357674022
30.144595153579218 59.58608433635271
30.143602770771373 59.58513217149434
30.14261392261971 59.584183398044374
30.142034891442243 59.58362783306005
30.14166380001202 59.58327131417001
30.14162697214545 59.5832359325119
30.140892903675727 59.58253185262975
30.14079062739122 59.58243399114889
30.140659886762347 59.5823088940004
30.140146914276784 59.58181194026348
30.139876649577005 59.58155049300079
30.139655921004472 59.58133696573981
30.138999013529933 59.58071971999742
30.13889391285689 59.58062096492844
30.13872497093808 59.58045984611943
30.138335864357707 59.5802048499928
30.138086828695688 59.58007185712617
30.137899819118527 59.579998841434694
30.13783183256906 59.579969970434234
30.137801778277804 59.579956642009414
30.137788991729668 59.579950971453286
30.13778395174803 59.579947513168015
30.13775397400008 59.57992694333032
30.137726965644813 59.57990086629765
30.13770498643156 59.579864917245466
30.13768896768292 59.57982989951588
30.137663821972843 59.579755952501806
30.137646871901605 59.579710876488186
30.1376038447977 59.57964587017102
30.137540887390244 59.57956484510522
30.137462842556747 59.57948493762653
30.13731997767061 59.579325867727235
30.137092921221843 59.57921299142867
30.13691810930138 59.57912204649526
30.135678824944616 59.578477315672515
30.135629999688938 59.57845191460368
30.13546292041532 59.57836194884096
30.134456330076283 59.577823533723624
30.133396874369613 59.57725684144922
30.13325996994808 59.57718289443514
30.13317025835523 59.57713715242997
30.133014845840965 59.577057910942834
30.13275686948203 59.57696999408983
30.1321349322528 59.576750947015384
30.131939913301316 59.5766779313239
30.13187397566156 59.57664496250402
30.13181492980901 59.57661087609703
30.13176389333078 59.576578838599744
30.131737091601153 59.57656159407603
30.131715837084855 59.57654791868958
30.13167485889066 59.57651588119229
30.131630900464152 59.57646894253348
30.131562913914685 59.5763968581646
30.13152491595279 59.57635289973809
30.13145786072592 59.57629199124035
30.131328965678712 59.57618786937418
30.130646636907265 59.57582676282563
30.12967195651692 59.575310936018326
30.129570814883056 59.57525691930779
30.12942590108721 59.57518297229371
30.129389660607146 59.57516428026169
30.12875888784436 59.57483894172696
30.128103394707917 59.57449325330115
30.12687389091121 59.57384484798859
30.12682583466528 59.57381094784612
30.12679463156788 59.573785486118645
30.126755985470624 59.57375395090328
30.126673842817706 59.57368391544411
30.126469883169307 59.57349392563464
30.12610890253132 59.57316088467451
30.125934896127557 59.57299487719291
30.12556594145818 59.57264288304693
30.125535952870607 59.57261494336907
30.125453996482207 59.57253596721297
30.12531895470587 59.57240781722384
30.12527685892456 59.57236683902964
30.12509666520044 59.57219196593064
30.12427486244499 59.57139442875051
30.124090912731535 59.57121591056621
30.123668837331284 59.57075881743637
30.12351498283852 59.570582983730354
30.12347165055482 59.57053043857109
30.123133885632463 59.5701208614585
30.122768433980532 59.56965230307688
30.12244992231838 59.56924392810264
30.122363868110565 59.56913384577186
30.122308920077433 59.56906585922239
30.122066381779582 59.56875563191205
30.122039954111873 59.56872182865564
30.121994878098253 59.5686648317128
30.1216469359766 59.56822897273814
30.121586958801455 59.568154839459545
30.121397542127117 59.567914959055834
30.121189842846764 59.56765192525801
30.120734994432425 59.56707553939102
30.12049693883576 59.56677387431503
30.12006129793105 59.56623421857037
30.119659866086987 59.565736939737285
30.119618887892788 59.56568292302675
30.119369010235022 59.56536463051185
30.119205939453973 59.56515691202485
30.11891499427516 59.56479295115455
30.118859859977512 59.56473185639229
30.11880696085409 59.564675977036565
30.11873990562722 59.56461599986142
30.11866987016804 59.56456589470579
30.11859356553293 59.564513443987686
30.1185679834761 59.564495859246605
30.118171985108525 59.56423881421027
30.117373353443053 59.56375225944394
30.116356837370027 59.56313296176045
30.116173865326417 59.56301774797025
30.1155309404924 59.56261291122316
30.11539999653548 59.56250096624719
30.115139609541313 59.56225337137426
30.115111845324453 59.562226971139616
30.114627930103868 59.561733928957594
30.11437684553214 59.56149383399249
30.114358964138304 59.56147595259866
30.11425779059384 59.561365913902435
30.11418890463238 59.56129099193121
30.113816934387764 59.56091697277688
30.113368396062636 59.560506572021914
30.11332184329603 59.56046397746646
30.113027917884914 59.56021587312704
30.112892876108575 59.560073939563495
30.1128559957338 59.560031843782184
30.11276398106137 59.55989587068325
30.11271797372515 59.559784857029875
30.112666937246924 59.55969694017686
30.1125924987663 59.55961377615364
30.112334827609395 59.55932590125485
30.111969935416504 59.5590619644313
30.111607969728247 59.55880347570963
30.110976959265255 59.558352855407136
30.110555702976296 59.55806934052544
30.110517817225706 59.55804384256997
30.1101439843359 59.55776183808808
30.11013204801015 59.55776577301243
30.108808840263087 59.55820198114668
30.108644950334433 59.55826109957339
30.107153880011005 59.55879895893035
30.10704257006528 59.55883807830388
30.105383355947662 59.55942120154957
30.104157815221495 59.55985191225675
30.1039491150496 59.55996449827299
30.103699977033585 59.560098899009056
30.10380298131264 59.56018793344918
30.10461846994573 59.560898146092335
30.105320850878673 59.56150985274113
30.10557576709755 59.561730625116965
30.106474100836163 59.56250863474944
30.106484817858448 59.56251791631843
30.106441192530795 59.56253181889537
30.10614581643371 59.5626259497395
30.105933847410988 59.562708837450494
30.10553598639822 59.56292788452494
30.105117677472713 59.56313982075943
30.105087833965296 59.5631549409737
30.104982967041053 59.56318995870329
30.10458193953146 59.56327191509169
30.103444935587657 59.563434998371115
30.102176892061017 59.56361687698104
30.102061966852737 59.56363196440709
30.101997891858172 59.563640905104
30.10192487616669 59.563650963388035
30.10166554034793 59.56368805846701
30.09984551370412 59.56394839285662
30.09870194119294 59.56411196807277
30.098216908385236 59.56417585680282
30.09811900403075 59.56419500528855
30.098098816680135 59.56419895360318
30.098007919594824 59.564218883906726
30.09760298053033 59.56434796521845
30.096916968306537 59.56465492914591
30.096655131088717 59.56478077275044
30.09632595098747 59.56493898253751
30.09531791185393 59.56542273648672
30.094001324992607 59.56605456125667
30.092571113970862 59.56674091380683
30.09122952454681 59.56738473720665
30.08983075714919 59.56805600008734
30.088424865986727 59.56873068163429
30.08697235555084 59.569427735584135
30.08615292801305 59.56982097558277
30.085847826730785 59.56995992891401
30.0855772362455 59.57008445950638
30.084259391186603 59.570690955428326
30.08403584548911 59.57079383516596
30.083710813903306 59.57093297476172
30.083606878301655 59.57097991342053
30.083310903980827 59.57094191545863
30.082739816965308 59.570843940321595
30.08245219278189 59.570799040020674
30.0815549883594 59.57065897965414
30.08134283307216 59.57064799004751
30.08118786099228 59.57068189018999
30.08102096798318 59.57074298495225
30.080621788282603 59.57099102290078
30.079744869762916 59.57153591301
30.079490889008248 59.57168925346563
30.078770892592615 59.57212395009675
30.078648889332612 59.57219882843343
30.078347649317664 59.57238455764547
30.077725948640538 59.57276786653924
30.077110650772283 59.57314313461871
30.076464937846325 59.57353695273854
30.075850589277536 59.573911198470675
30.07531587202808 59.57423693480127
30.07482233180176 59.57454898645024
