44.271591922750886 40.3646148450214
44.27159238870704 40.364613616591534
44.27159308884667 40.364611770768875
44.2715935994354 40.364610424671326
44.271594839195735 40.36460715621224
44.27160054910925 40.36459210280389
44.27160101798285 40.36459086668256
44.27160140342623 40.36458985051368
44.27160852996785 40.364571062358486
44.271616225162184 40.36455077502798
44.271627575232 40.36452085211665
44.2716407881131 40.364486018157365
44.27165722871121 40.364442674762365
44.271677976958706 40.36438797483715
44.27182996880628 40.36404189536069
44.27179998021871 40.36377684095003
44.271709250366264 40.363707528939386
44.27164295922912 40.36365688659974
44.27145296941965 40.36354494162377
44.27120598266734 40.36355183341097
44.27060099550935 40.363779821182334
44.27051992710323 40.36380738793726
44.2703419015633 40.36386792429987
44.270148931521526 40.3638409159446
44.26998688138992 40.36370289393595
44.269699847766006 40.363379911259855
44.2695280558491 40.36320758884809
44.269337935805424 40.36301688171216
44.269180914815834 40.36268886989405
44.269120302898465 40.362293127525035
44.269068969839864 40.36195796792115
44.26862444796919 40.3614506155304
44.2685589775866 40.361375891299005
44.268117407844144 40.360608871991296
44.26798099878388 40.36037192554113
44.26745867109549 40.35976863555055
44.26733689607688 40.3596279850519
44.26698452979504 40.358842288937986
44.26684888303687 40.3585398277314
44.26652087121876 40.35831183996004
44.26617456201728 40.35810601355294
44.26598089037793 40.35799090619365
44.265371991665035 40.35753493065093
44.26525241255342 40.35753116588701
44.2646738722475 40.35751295143768
44.26432090098383 40.35739895755199
44.26403629244913 40.35712742845363
44.26401691728868 40.35710894369578
44.26358198963661 40.35676491312902
44.26312933884704 40.35657360696947
44.26268996885471 40.35638791374239
44.26214887042676 40.356321976102635
44.26196201963025 40.35632422365773
44.261575920766056 40.35632886788984
44.261363951743334 40.35623387298511
44.26129298496157 40.35603587380132
44.26142784047338 40.35575889846144
44.26156996030144 40.3554599439083
44.26151342887349 40.355255978516254
44.2614768280419 40.35512392271587
44.26122984128959 40.35498496938463
44.260906858613495 40.35497696001031
44.26077889488888 40.3548948173574
44.26085395949008 40.354784921291134
44.26140083211811 40.3546459679599
44.26202686716676 40.35443493025977
44.26204968758294 40.35442553922924
44.26242789467636 40.35426989989586
44.26255492707837 40.35414398508096
44.262567965594705 40.353984915181655
44.262475842109126 40.35349286556196
44.26234686961055 40.352803998130646
44.26231919118915 40.35255846374726
44.262317998610094 40.35254788441691
44.26248694052891 40.352351934142824
44.26294887653624 40.35211090785513
44.26324830142636 40.3519471074033
44.26333090506488 40.35190191906472
44.263438938485955 40.35171993862957
44.2634178905953 40.35151094983915
44.2633329539746 40.35123788605417
44.26340485207896 40.35110899100696
44.263510262186195 40.35111898990856
44.26373081498736 40.351139910917134
44.2643069311449 40.35143383632825
44.26451676369033 40.35161093499659
44.2646328940533 40.35170894902294
44.264829961914494 40.351744898075125
44.26514493521627 40.351607993653595
44.26571461594811 40.35118864187745
44.26599690912657 40.35098084101783
44.26646742341227 40.350484802307754
44.266827835146216 40.35010483898457
44.26700697105176 40.34964510920593
44.26736887450328 40.34871632950009
44.26746485980149 40.34846999530055
44.26771186924529 40.34784929092191
44.26771799328293 40.34783390196787
44.2684320195278 40.34714881462793
44.26860498492282 40.34698285938016
44.26916456811369 40.346363806635935
44.269263988791344 40.34625382005245
44.26952289647288 40.345960825963935
44.2695718840414 40.34569595781779
44.26955096518043 40.34549438866085
44.26945326613546 40.34455298395594
44.26935925507376 40.343647115778715
44.26934687650234 40.343527838815625
44.26956255539896 40.342687174432825
44.26980286772033 40.34175049489451
44.27001184083548 40.34093596803254
44.27004953729285 40.34083782243701
44.27039372663212 40.33994169929902
44.27043894537774 40.339823968853594
44.270717969627334 40.339097909758195
44.27073087628926 40.33907075654785
44.270805886480346 40.33891294909074
44.27066190400709 40.338593877969544
44.27039498695124 40.33844691526399
44.27004983879737 40.33844393503168
44.26996593318772 40.33846394057676
44.26925299918472 40.33863392484115
44.26905481373641 40.33868682396457
44.26875194762838 40.33860896539559
44.26870155274854 40.33855739753148
44.26853588078624 40.338387869411434
44.26827122591619 40.3376700955026
44.2681929678066 40.33745785066764
44.26776507325942 40.33684384144988
44.26772190483783 40.33678189672787
44.26716385633865 40.33596494054716
44.266920123277735 40.335897655301345
44.26651882230905 40.33578687166691
44.26608091442468 40.33565797661971
44.2658576541296 40.33530602826543
44.265818840246325 40.33524484191637
44.26524682190821 40.33480898294171
44.265106664262795 40.33460906078883
44.26488993908964 40.33429992201105
44.264768867152235 40.33372492344063
44.264757049142254 40.3336768501797
44.26469193990585 40.33341199904856
44.264716899351406 40.33303797989424
44.264755572877014 40.33271374282858
44.26478190566857 40.332492969911385
44.265018834136846 40.33195187148344
44.265070138694036 40.33182198409464
44.26542074059345 40.33093436771673
44.265763820340034 40.330065795120575
44.26612498403761 40.32915143951211
44.26616193949048 40.3290578796504
44.26639681904905 40.32875892509726
44.2667779162551 40.32861494262401
44.26701880033752 40.3284647251193
44.26716292501605 40.32837484765891
44.26741084309096 40.327957987665194
44.26737121243768 40.3275144576905
44.26737098248387 40.32751188414198
44.26734820017415 40.32749028766226
44.26725289077877 40.32739993916601
44.267181923997 40.32723882035699
44.2672629490628 40.32663290187641
44.26725432003619 40.32660347012777
44.26707295925333 40.32598488761451
44.267083151273575 40.32565493630854
44.2671038791635 40.32498390208894
44.267156695806705 40.32475743205641
44.26721582413947 40.32450389842325
44.26745740015819 40.3238563264456
44.267482927459845 40.323787897611886
44.26749689729877 40.323575928589165
44.26737487122448 40.32291871878917
44.26725791992079 40.32228884076227
44.267141610406334 40.32195226168473
44.26687197983724 40.32117199870584
44.266889574370275 40.321040375783454
44.26695486754823 40.320551924121794
44.26681684553959 40.320213854019656
44.2667089968278 40.320048411767736
44.26641991584942 40.31960495530676
44.26624346250086 40.319215089891614
44.26621893643332 40.319160900693255
44.266231974949655 40.31893682447679
44.26630983351863 40.31875391271905
44.26646592318563 40.31858683344544
44.26667237513855 40.31843035993093
44.26672069148754 40.318393740132336
44.26681293398469 40.31832382794448
44.26759394111322 40.31791888887999
44.26765033014741 40.31786211935298
44.26773196312186 40.31777993554875
44.267727997716584 40.317753082858694
44.267714826786104 40.31766389275336
44.26768415777127 40.31763887943138
44.267616851649066 40.31758398527467
44.26745591910458 40.31760782713312
44.267401673592765 40.31762839879448
44.26712585837675 40.317732996889944
44.26686099023061 40.31786896998887
44.26652683168337 40.31816289539999
44.266501445781735 40.31816810933939
44.266363268643104 40.31819648915574
44.266360869996866 40.318196981806985
44.26627689219459 40.318123728442664
44.266274815789046 40.318121917205794
44.26628159402939 40.318086112791086
44.266297912589415 40.31799991394579
44.26657283901959 40.317701890715256
44.26682758803355 40.31726458335764
44.267176894854984 40.3166649561375
44.267335631076286 40.31643172456156
44.26753489526067 40.3161389451356
44.26808884594043 40.31567086239914
44.26811886870837 40.31561590440344
44.26817788038056 40.315507880944935
44.268160930309314 40.31540692557559
44.26807947758968 40.31537325705733
44.26801583024895 40.315346948400446
44.26798435565425 40.3153437181131
44.266807476687674 40.31522293316653
44.266387878352134 40.31517986912682
44.266132882225506 40.31510592211275
44.266091904031306 40.31502694595665
44.2661259904383 40.314924873000194
44.26654956486086 40.31474322360844
44.267414551683565 40.31437227502927
44.26746895762091 40.31434894310718
44.267976900964456 40.31407383041249
44.26824926871311 40.31363195808502
44.26858896617418 40.31308085426124
44.26890161321685 40.31283268867108
44.268952927044474 40.31279195799213
44.26966594762354 40.312558941078755
44.269885898962585 40.312540015800955
44.2707829759445 40.31246282858691
44.2711494755189 40.31248534213219
44.2720868275781 40.31254292233012
44.272347524088275 40.312571673559184
44.27362087178443 40.31271210624571
44.27381797001849 40.31273384346218
44.27477969373179 40.31292732019941
44.27571693679057 40.313115871990824
44.2761210492812 40.3131191554406
44.277383045734105 40.31312940927357
44.278698357539064 40.31314009629848
44.27965997039512 40.31314790948811
44.279945145456914 40.31310262481301
44.280377833851674 40.31303391560243
44.281146567697874 40.312802015127126
44.28196592514141 40.31255484325934
44.28232056327026 40.312421430378265
44.28341559819713 40.312009484361774
44.2835448894697 40.31196084570797
44.2843489933986 40.311612903586315
44.28452664111438 40.31140989424511
44.28491784523989 40.31096284041471
44.28511533444277 40.31052744084224
44.28550858007098 40.30966046190919
44.28563496363837 40.3093818271767
44.28592160193033 40.308748695501734
44.286179973621216 40.30817799958984
44.28638793411845 40.30792722867293
44.28640889271517 40.30790195557256
44.28672796383637 40.307679928265806
44.28697793082099 40.307570963522146
44.287278934283826 40.30743890197811
44.28786697137058 40.307302928879174
44.28851373821338 40.30710731625952
44.2896376547897 40.30676739118726
44.28983094445983 40.30670893132781
44.29073168778394 40.30629854593482
44.29182397481406 40.30580089179726
44.29187494133532 40.30575690149902
44.292415923455714 40.30528996822141
44.29257630083149 40.30498799213361
44.29273089675749 40.30469690199264
44.2927739238614 40.304105884673575
44.292766241143944 40.30405283270632
44.29262354745679 40.30306748073069
44.29248287187022 40.302096064475954
44.29235333163081 40.301201541856365
44.29222013158947 40.30028174696905
44.29221494403962 40.30024592504455
44.29307697623395 40.30000694766656
44.29338640255553 40.29994797046768
44.29463728194629 40.299709550664794
44.29505491916213 40.29962994827993
44.29585967943634 40.29950529814164
44.29682387329989 40.29935595317235
44.29701729947961 40.29932557209701
44.29707290896192 40.299316837623344
44.2982802860877 40.299381724801464
44.298396877163576 40.29938799066963
44.299565560696024 40.299527728041994
44.29975996091425 40.29955097212384
44.300731780259795 40.29967770808371
44.301934909334456 40.29983460938314
44.30320365368685 40.30000006763839
44.304191938881395 40.30012895092656
44.304423938549746 40.3001476571872
44.305219932762235 40.30021183863756
44.30565495143573 40.30021200468578
44.30688091831703 40.30021247264184
44.30810588519858 40.30021294021619
44.30814782473775 40.30021295622467
44.30942931707571 40.300142074432415
44.31022895820951 40.300097844751875
44.31070448138576 40.30003357606582
44.31199421445879 40.299859263952136
44.312677964106456 40.29976685270146
44.313167887227024 40.29968865609356
44.31340383693733 40.29965099617059
44.31442669994239 40.29944287057935
44.314647897660315 40.29939786268915
44.3155348893002 40.29911883843956
44.3156364697491 40.29909116202053
44.31688366050431 40.29875135476096
44.31773690844484 40.29851888042358
44.318086093576426 40.29842962318622
44.318217843433125 40.29839594584098
44.31897184220639 40.298000878796
44.31916422406444 40.29790418083648
44.32025388110937 40.297356480476914
44.32045599789446 40.29725488939706
44.32051187725019 40.29720999964796
44.32053888560546 40.29666796989742
44.321029377529754 40.29667942240097
44.322286881366054 40.29670878387754
44.32267682975554 40.296717888788535
44.32360039933637 40.296724192653095
44.324286900258514 40.29672887839516
44.324924091165535 40.29675927609413
44.325922861529655 40.29680692322866
44.32619365180194 40.29678548384854
44.32661688312777 40.29675197519553
44.32742719238912 40.29667866710077
44.32854192693253 40.29657781787018
44.32888499526717 40.29654628978335
44.32997690878757 40.296445942590665
44.330056849885295 40.29645305609737
44.33058394485527 40.2964999593012
44.3312923032291 40.29672535324359
44.332252874946285 40.29703099944512
44.33238604357333 40.29706868702261
44.33338294178358 40.29735081562439
44.33355647794445 40.297392861383
44.33433698865034 40.297581969892576
44.334782604184745 40.29768728130801
44.335926271390726 40.29795756185916
44.3367109299461 40.298142998624066
44.33712325762832 40.29818544671095
44.33714697518528 40.29818788837317
44.33815094094316 40.29820297579921
44.3383107524463 40.29819593564488
44.338742889584815 40.298176898766535
44.339205943179266 40.29808488409411
44.33949412539698 40.29798690154263
44.34064857726795 40.29759438551311
44.34100283699489 40.297473936471505
44.34150388855123 40.29734392383718
44.341771216738906 40.297342551003354
44.34190286715111 40.29734187492747
44.343030240034714 40.29742083768914
44.343072980860015 40.29742383131587
44.343340829238464 40.29742383131587
44.343861997362865 40.29742588022558
44.34427656539181 40.29742101288022
44.34505185511079 40.29741191038665
44.345277980236965 40.29741693952867
44.345470133290256 40.297402397674425
44.34563486305553 40.2973899311734
44.34583099959413 40.29737782397966
44.345927857144055 40.297319895714224
44.34604296861685 40.297255820719656
44.34654075026696 40.29698681406079
44.34658686101258 40.296961895308534
44.34681298613875 40.29684398986795
44.34730491073366 40.29667989082664
44.34753699632444 40.29662494279351
44.34767069865635 40.296597706426894
44.34818985346384 40.29649194992688
44.34844186935816 40.29635690815054
44.34871036145975 40.29602661970406
44.34917184000847 40.295458926904026
44.34928285366184 40.29525794748793
44.34934358830118 40.29519971641387
44.34940485692184 40.295140973369946
44.34952294862694 40.29490981910176
44.349674729865825 40.29432150736698
44.3497889343602 40.29387884498862
44.34994781799498 40.29357691020318
44.35009473043662 40.293432896811936
44.35061799773465 40.292919955244365
44.3508478481512 40.29273499457691
44.35090488293453 40.292689823425626
44.35127588401606 40.29239599315217
44.352223817655975 40.29219423814565
44.35284590764744 40.29206183460493
44.35317187055585 40.29200986680411
44.35345058375261 40.291968275956805
44.354504965718945 40.29181093629772
44.35469783040224 40.29177001968896
44.35487283814414 40.29173289146422
44.35586812320112 40.29136512816707
44.35622884384309 40.29123183990788
44.35695707096649 40.290970855917365
44.357140981193055 40.290904945676886
44.35736598873211 40.29081982279166
44.35794787908974 40.29060096198174
44.358021858767934 40.29057029708519
44.358227834661925 40.29048491918635
44.35927554802259 40.29006053282072
44.3595089620242 40.28996598623617
44.36014282018265 40.28972887150337
44.36035261342883 40.2896963647419
44.36091097505937 40.28960984847568
44.36152414494786 40.28960895620285
44.36155097994695 40.28960891715308
44.36162399563843 40.289626984811434
44.36213696812399 40.289749919394026
44.36259516373295 40.289937432508886
44.36291890657512 40.29006992183782
44.36368359785241 40.29038214773647
44.36441293428271 40.29067993813783
44.36479356724328 40.2908409751596
44.36591782479449 40.291316622585114
44.36648084297361 40.291554822583976
44.36703778779464 40.29179906214844
44.36807223091704 40.29225270123106
44.36918062589463 40.2927387707596
44.36938396176809 40.29282794057193
44.370240337919945 40.29315619824572
44.371364581899314 40.293587132377446
44.37139282460644 40.293597958093834
44.37241094646777 40.29404294402993
44.37243011258859 40.294049362245914
44.37289486168835 40.29420499416154
44.37338492363806 40.294333889208744
44.37366241777163 40.29439725291676
44.373756893882685 40.29441882582945
44.374135942179024 40.29445384355904
44.37448183539097 40.29442385497146
44.37476290855027 40.29435381951229
44.374960438027976 40.29429114108167
44.37520081643464 40.29421486618105
44.37553981785938 40.29407498152722
44.37593097334946 40.2939118138085
44.37612153706138 40.29384500233316
44.37641283966033 40.29374287188968
44.377243051813736 40.293399768815526
44.377779834965914 40.293177931603296
44.378399788486966 40.29291509645256
44.37847795438345 40.29288195728247
44.37953632137895 40.29244859716977
44.37955288692309 40.292441814223864
44.38029999390915 40.29206891265665
44.38056686769705 40.29192153713175
44.38088486449908 40.29174592998056
44.381450922372586 40.29137898887796
44.38153220704992 40.291317765355
44.38220790137815 40.29080883318503
44.38240237764604 40.290669530065465
44.38330499939557 40.29002298317901
44.383358371685105 40.289982492327745
44.38423263820347 40.289319230626425
44.38465094681049 40.289001881085376
44.38514497663697 40.28860505326704
44.38604877993976 40.28787907626398
44.38693291953821 40.28716889406616
44.38776152142714 40.286503322349176
44.387989924579635 40.28631985827505
44.38866539313195 40.28584339768139
44.38966009858399 40.28514175443157
44.39054474907757 40.284517741518
44.39055292436226 40.2845119748528
44.391480349393184 40.28389505022116
44.39238891546254 40.28329067060129
44.39322283997885 40.28273594266331
44.39330902554089 40.28267985427584
44.3943077327429 40.282029909259606
44.395219876533034 40.28143629853037
44.39620697087652 40.280793911003975
44.39718517778639 40.28015730729808
44.39816678929014 40.279518487928954
44.39912316955984 40.278896088702574
44.40002077000347 40.27831194258475
44.40097296179154 40.27769226916505
44.40192457475491 40.27707297243657
44.40285926071861 40.27646469156844
44.403782844294135 40.27586363598301
44.40475536330121 40.275230733886616
44.40574634071901 40.27458581930845
44.406693286720305 40.2739695597752
44.40762347879507 40.27336420346865
44.408617318346494 40.27271742625299
44.40942487290706 40.27219188076687
44.40959757361361 40.27206889852301
44.40973090551192 40.271973951279534
44.41055357300606 40.27138874466323
44.41144130372312 40.27075725515766
44.41175392445372 40.27053487160507
44.41228626051338 40.269986064541335
44.412337863721056 40.26993286467938
44.41280389754781 40.269273860810856
44.41285838646065 40.269171899888285
44.41333722116001 40.268275893248365
44.41381494135741 40.2673819720905
44.41384113918903 40.26731239981736
44.4141904634274 40.266384716882506
44.41455891505022 40.265406238308
44.4149194705527 40.264448729065954
44.41526956673119 40.26351899612826
44.415347898349495 40.263310974761346
44.41560382619792 40.262630747107195
44.41596402437649 40.26167338055429
44.41611884719399 40.261261878786875
44.41630805103705 40.26076011577893
44.41665244722292 40.25984678725794
44.41704547142228 40.2588044986803
44.417153919126555 40.2585168985691
44.41738659105914 40.25793313628443
44.41773308994866 40.257063787836906
44.41792393664846 40.256584962977136
44.4180619586571 40.25625192201701
44.41810689479198 40.2561431740594
44.418509963242435 40.25516772588454
44.41866191667308 40.25479999009072
44.41870382618987 40.254697917134266
44.418932023555726 40.25432778623496
44.41914285166136 40.2539858278778
44.41917991830066 40.2539409381287
44.41953727396877 40.25350937684439
44.42024501999475 40.25265466594656
44.42094909012338 40.25180439425348
44.42095688181274 40.25179498460431
44.421680556705894 40.250931492281126
44.42243798514783 40.25002772506308
44.42261798879395 40.24981294385671
44.42317771342363 40.24911350591782
44.42333585225051 40.24891589393279
44.42388912860823 40.24824801805998
44.424631209311265 40.24735223100832
44.425049858355145 40.246846867654774
44.42515696045362 40.246718903930166
44.42528481194712 40.24656684989673
44.425647953725935 40.24613496466283
44.42601851715243 40.24567891507585
44.42670745458408 40.244831045025286
44.427334910009975 40.244058840411014
44.428036816814945 40.24319500905148
44.4280718139128 40.24315193838966
44.42876123982371 40.24235637727337
44.42948403884252 40.24152230535186
44.42977296776562 40.24118889662301
44.429845983457106 40.2411039600023
44.43028577478351 40.24074349443238
44.430477978970366 40.24058595837472
44.430630902140535 40.2404598572953
44.431031929650125 40.24015997141957
44.43121779169617 40.24002088890682
44.43206425539034 40.23938747127237
44.43294522904012 40.23872822947724
44.433827222606915 40.23806822446754
44.43470747172973 40.23740952484352
44.4355763624394 40.23675932483883
44.43637883893502 40.23615882328507
44.43644471149982 40.23610978182226
44.437333817124376 40.23544785161573
44.437335909669045 40.2354462964902
44.43822189602347 40.23478785415587
44.43897797403435 40.23422595637051
44.43909981838499 40.23413533736421
44.439952928128015 40.23350085610373
44.44074487926241 40.23291186018836
44.44080233314372 40.23286933619509
44.44177237431283 40.23215136861463
44.44272996167018 40.23144261861522
44.44368155936622 40.230738301811826
44.44438188026209 40.23021996535852
44.44541125268819 40.229458089612706
44.44635339449463 40.22876077640201
44.4482658350263 40.227345310027104
44.44916607367553 40.22667901085792
44.449607903874096 40.22635199635518
44.4505779694895 40.2256339466341
44.45072681052284 40.22552371916567
44.45166854491624 40.22482629725329
44.45180284496701 40.22472683842615
44.45260633940132 40.2241105398458
44.452691885516614 40.22404492402177
44.453541609229696 40.223400767595365
44.4543118280391 40.22281688204743
44.45446430002915 40.22271327457467
44.45536737229092 40.22209962065222
44.45562592422126 40.22192392994293
44.456552192971614 40.22146596118379
44.45679492034305 40.22134595114021
44.457092943573585 40.221211840686465
44.457678545736634 40.22094729345227
44.4579538581808 40.220822920370615
44.45875293296768 40.2204949085525
44.45982384695745 40.22005868232338
44.46094986926729 40.21960000826476
44.46131593275031 40.219450895923025
44.46204030159725 40.2191239733992
44.46250783940795 40.218912963991905
44.463119105487394 40.21854118382486
44.46346486650701 40.21833088736976
44.46382789605471 40.21817498396728
44.46413947474013 40.217990684156625
44.46422687465459 40.2179389868216
44.46433695698538 40.21787491182703
44.46464596982254 40.21769386271448
44.464876937826205 40.21752696970538
44.46509369334399 40.217369208438946
44.46521091010893 40.21728389450797
44.46553296146243 40.21697786190311
44.46565198449012 40.21677297093212
44.46576147476944 40.216577592005834
44.4657669096984 40.216567893696606
44.465766946381365 40.21656709065249
44.46579093782137 40.216041882694704
44.46579689828597 40.215831962581696
44.46577315503532 40.215652516104385
44.46575983164668 40.215551820744984
44.46530319046899 40.21474765880064
44.46529994454905 40.214741942616
44.46496783491152 40.21417383583279
44.46475890122001 40.21384510636812
44.46420086610602 40.212967112096514
44.46402086609648 40.212683905944616
44.46363448413736 40.21207979671843
44.46318491093483 40.21137688781418
44.46311513120677 40.21123565642064
44.46277289381861 40.210542981562234
44.462707448153616 40.21028724657858
44.46245871806742 40.20931531078222
44.4623999922514 40.20908583422942
44.462248536663935 40.20842074111373
44.46203030870024 40.20746242773133
44.46195686896049 40.207139928798526
44.461814935396944 40.206511844840165
44.46180386418234 40.20646511667923
44.461679893620605 40.20594187541176
44.46159272196425 40.205463056188215
44.461575958018955 40.20537097466076
44.46152790177303 40.20495299707993
44.461537173186095 40.20445122820471
44.46154187161196 40.20419694939696
44.46163261357338 40.20352594165728
44.46176810767863 40.202524006148295
44.46188497085612 40.20165984038248
44.46189965540379 40.20155330415194
44.46202649349275 40.20063309522269
44.46205298145234 40.200440925369584
44.46214308732157 40.19971044552712
44.46224986304901 40.19884482470553
44.46235356317701 40.19802018804941
44.462389933967366 40.197730962881394
44.46246984144605 40.19711796634908
44.462481800515334 40.19702432636391
44.462516966369385 40.19674897633677
44.46260804355487 40.19604451191859
44.4626518218812 40.19570589502989
44.462708280669126 40.19508090937754
44.46272390625009 40.19490793783011
44.46274793437305 40.19464698123888
44.462704086820025 40.194080589538935
44.46264884164889 40.19336697146372
44.462622633912304 40.19312054050772
44.462573963312224 40.19266289158157
44.46252326209948 40.1921295462661
44.46247785082038 40.19165184777197
44.46241751567849 40.19118339954209
44.46236888607671 40.19080583432628
44.462322878740494 40.1906538424787
44.46245196005222 40.190675821691954
44.46330842041178 40.19073965800774
44.46375394904064 40.1907728655064
44.46413094842727 40.190798942539075
44.464498028024906 40.19082405609956
44.464876937826205 40.1908499790173
44.465751654494966 40.19091587831939
44.46626889257734 40.19095484594155
44.46696971567918 40.191002566003654
44.46776794942695 40.191056918898006
44.468200602971486 40.19108597134142
44.468333821035934 40.1910949168599
44.468647863015114 40.19111894498286
44.47025681593098 40.191239830655746
44.470610904781765 40.191265907688425
44.470652526462416 40.191269143106496
44.47193107531581 40.191368529772255
44.47306698873044 40.191456828820485
44.47346470005963 40.19146912917088
44.47355481550593 40.191471916246535
44.47376790211576 40.19145589749789
44.47388282732403 40.19140392969707
44.473994958564525 40.191333894237886
44.47430881427919 40.19103195945245
44.474790987460274 40.19057696540308
44.47556479218692 40.18984677849139
44.47570989599176 40.18970985389598
44.47574193348904 40.189684894450416
44.47597699931213 40.189460818233954
44.47657960462288 40.18883915145503
44.47683083586762 40.18857997332319
44.47693495773379 40.18847287122472
44.477018963031895 40.18839389506863
44.47707894020704 40.18837787631999
44.47720392369935 40.18836781803596
44.4773439946177 40.18837489608768
44.477530817930344 40.188386817016905
44.477784882734376 40.18838998351373
44.47812183524941 40.18836986694566
44.47836584176941 40.18830392930591
44.47864691492871 40.18818695518792
44.478435877228584 40.18846597943752
44.47837683137603 40.18859189425242
44.47834848574937 40.1887612732667
44.47833883341414 40.18881895070118
44.47836584176941 40.18904898738226
44.47847890433249 40.1892309678174
44.47862791594776 40.18931497311551
44.47867168274908 40.189341236091884
44.479190993588965 40.18965285695313
44.47965082898822 40.18992026566369
44.48024189800565 40.19026399084026
44.48059318832525 40.1904844240434
44.481463979515375 40.191030841865334
44.48158226574712 40.1910978234446
44.48264759735487 40.191701085485086
44.48371955438584 40.19230809928352
44.48388690837965 40.192402866312925
44.484162952396936 40.192563985121936
44.48444588820143 40.19272696657614
44.48474271392872 40.19290649976213
44.48563798112358 40.19344799652952
44.48571807296263 40.19349545467514
44.48578792406145 40.19353684470512
44.486649956255775 40.19404590563579
44.48668841661317 40.1940706046085
44.48723091529081 40.194418993467515
44.48745387392015 40.19455086874703
44.48764938472616 40.1946675039489
44.48866095197827 40.19527097110788
44.48940685740278 40.195715953313915
44.489614340547824 40.19583605984191
44.490655563011295 40.196438796102406
44.49126894380008 40.19679386608587
44.49167777824913 40.19703480856426
44.49261787144731 40.19758884305333
44.49264988764701 40.19760327319637
44.49316586166246 40.19783582980564
44.49364884556045 40.19805394555749
44.49372646880198 40.198085551913145
44.494876096119235 40.198553653079024
44.49547088508616 40.19879583713701
44.49599951237491 40.19901044212786
44.49639494336534 40.19917097387845
44.49662982292391 40.199266900105776
44.49672593541576 40.19912794677454
44.497018881666214 40.19870133477803
44.49708396858955 40.19860654994202
44.49733092257375 40.19824691559926
44.49765916707881 40.197769048199795
44.49767467827816 40.197746466568184
44.49803090463648 40.19722786241534
44.49767467827816 40.197746466568184
44.49765916707881 40.197769048199795
44.49733092257375 40.19824691559926
44.49708396858955 40.19860654994202
44.497018881666214 40.19870133477803
44.49672593541576 40.19912794677454
44.49662982292391 40.199266900105776
44.496825959462505 40.199346993848984
44.497427623765795 40.199592244828466
44.497568968629146 40.19964985995702
44.498383875900146 40.19998196959455
44.49852106566556 40.200038042854544
44.4986869282727 40.20010583549975
44.499672826372226 40.200507980596456
44.49988585145341 40.20059330334061
44.5000248663133 40.2006489828374
44.50015394762502 40.20069685281881
44.500417884448574 40.20080991538189
44.50106589871047 40.20108297916687
44.50106963542557 40.20108451683601
44.50160997737073 40.20130686911882
44.502158194836525 40.201536054561224
44.50319829193472 40.201970873093046
44.503274995906835 40.20200293962664
44.503655906848365 40.202163872171134
44.50428322678696 40.20241196599715
44.50476082797559 40.20260084873291
44.50537865860683 40.202853716122064
44.50542299834094 40.20287186360818
44.5067078509936 40.203398992197194
44.507289927615744 40.203636851988065
44.50738287361077 40.203673918627366
44.50745589317791 40.203704834639
44.50858335705968 40.20418219554167
44.50878581796853 40.20426791617873
44.509124819393264 40.20439085076133
44.509417999746304 40.204478953878855
44.5094308527498 40.20448178405161
