18.9639434258581 50.22657035561425
18.96382594027726 50.226412904852914
18.963460861819858 50.22597592829114
18.96329285122364 50.2257999083206
18.96326025438374 50.2257579191709
18.96322691358388 50.2257149716999
18.963221091819236 50.22571724664419
18.962625837980788 50.22594985125847
18.962006049114844 50.22619713899395
18.96196385387995 50.226213974346535
18.961784853677113 50.22628792136061
18.961649998165296 50.22636596619411
18.961473978194757 50.22647791117008
18.9611718571448 50.22670496761884
18.96112994762801 50.22674296558074
18.96096919167203 50.22685208061595
18.96078088791924 50.226979894049016
18.96054191054125 50.22711586714795
18.96029287487923 50.22722390056902
18.96006488710787 50.22732299329317
18.95987271728624 50.227405687716754
18.959790892000292 50.227440898733754
18.95955899267403 50.227532913406186
18.959304927869997 50.22763181986582
18.95877984819069 50.227851984527376
18.95868725418991 50.22789956954323
18.95853882190299 50.22797585043257
18.958006850436483 50.2282708934308
18.957942961706436 50.22830591116039
18.957580863481333 50.228501861434474
18.957471608021223 50.22856215857977
18.957388824762155 50.22860784594583
18.956418945411272 50.229118955786205
18.956372300740103 50.22914211300791
18.955997987598135 50.22932794457662
18.955787881220605 50.229395931126085
18.9551368867264 50.229604919916504
18.955105610733455 50.22961427607763
18.954611993311612 50.229761940906094
18.954074992703088 50.23002084858762
18.953870121782803 50.230155672239974
18.953799880008397 50.23020189770018
18.95346087858366 50.23038592704503
18.952793227589304 50.23074942591973
18.952672979667923 50.23081489423249
18.95248988164566 50.230916967188946
18.95243698252224 50.23093782881509
18.952307901210514 50.23098085591899
18.95216689896957 50.23100395271936
18.952102823975 50.23101382473887
18.951943940340215 50.23101885388088
18.951787850673224 50.23101587364858
18.951651877574292 50.23100097248705
18.951465444693778 50.23096963369391
18.95128288756198 50.2309389464022
18.95094090590494 50.23087095985273
18.95056595542802 50.230786954554624
18.950262903055464 50.23069084206278
18.950023696567595 50.23062218230258
18.949959850682912 50.23060385653236
18.94984194524233 50.23056697615758
18.949672817059 50.23051389076964
18.949277936278538 50.23039486774195
18.949167853947756 50.23036189892207
18.949143825824795 50.23035388954775
18.948739217605755 50.23022903405011
18.94870982949532 50.23021996535852
18.948030895323253 50.23001693703272
18.947766958499702 50.229936843289515
18.94751196237308 50.22986084736573
18.947332387614058 50.22981598850428
18.947271867407977 50.22980087019058
18.94704890877863 50.2297679013707
18.94689989716336 50.229758960673784
18.946515819725004 50.229750951299465
18.945858291695387 50.22974953615403
18.94556382176795 50.22974890238976
18.945194831755643 50.22975281394466
18.945041908585473 50.22975188262206
18.94492791469979 50.229750951299465
18.944875946898964 50.22974890238976
18.944301879651142 50.22974890238976
18.944271625818935 50.22974866992343
18.94379281872048 50.22974499083485
18.94337297849446 50.22974499083485
18.94297698012688 50.229742941925146
18.942854290538556 50.229742125808144
18.942808969530663 50.22974182433803
18.942667967289715 50.229738844105725
18.941909870697035 50.22973791278313
18.941766819546377 50.229734932550826
18.9416479827832 50.229734932550826
18.941507911864846 50.22973586387342
18.941394912235385 50.22973746460269
18.941152891691463 50.22974089301543
18.940732865200925 50.22971481598276
18.940443968931824 50.22968296475
18.940180963430873 50.22964086896869
18.94004089251252 50.229626899129755
18.93992484971713 50.22961684084572
18.939882940200334 50.22961292929082
18.939769895049903 50.22960511233893
18.939637816093217 50.22959597921959
18.93951283260091 50.22958498961296
18.93936791880506 50.229570833509506
18.939141979943408 50.229563941722304
18.938842839125755 50.2295648730449
18.938632919012747 50.22957586265152
18.938267840555337 50.22959299898728
18.93826161671075 50.22959320881372
18.937499871943142 50.22961888975544
18.937282873778408 50.22961982107803
18.936993977509303 50.22959597921959
18.936845626187804 50.229574553978935
18.936806967932142 50.22956897086432
18.93655681468301 50.22952594376041
18.93642195917119 50.22949688649543
18.936273878878517 50.22947099572728
18.93547387276904 50.22933185613152
18.935300978429964 50.229301347405155
18.93454497161236 50.22916794335472
18.933945574894793 50.229060331735774
18.933714976915308 50.22901893173945
18.932744911299903 50.22881199185875
18.93265885709209 50.22879299287781
18.932583027605855 50.228772532627
18.932524932902865 50.2287568575611
18.932455828766283 50.22873785858015
18.93215482530344 50.228658882424064
18.931183863719617 50.22843110045776
18.931105969796462 50.22841282699435
18.930558910903905 50.22829399023117
18.92994684569419 50.228176829848664
18.929758517041037 50.22814204739996
18.929486958596563 50.22809189322796
18.928907862206724 50.22798385980689
18.92868881513228 50.227940832702984
18.928434936592765 50.22789389404417
18.928309953100456 50.22787284615352
18.92829315895907 50.22787146370895
18.928248858338197 50.2278678170115
18.928187949840456 50.227862974134005
18.9280439673672 50.22785682740488
18.92782994943477 50.2278648367792
18.927710926407073 50.22787489506322
18.927571973075835 50.22789389404417
18.927308967574888 50.22793897005779
18.92678982664502 50.22803726013025
18.926463885451792 50.228098971279685
18.92631692274623 50.22812691095755
18.926010890141377 50.22818781945529
18.925863927435813 50.22821594539767
18.925651958413095 50.22825599226928
18.925476869765152 50.22828784350204
18.925334936201608 50.228299950695785
18.92512389850148 50.228300882018374
18.92495906889339 50.22829723841651
18.92494694720835 50.228296970463475
18.924415907064436 50.22827294234052
18.924346989192372 50.2282688445211
18.92428682575271 50.22826493296619
18.924171900544433 50.22825990382418
18.923850966778048 50.22824090484323
18.92363899775533 50.22823885593352
18.92348088616582 50.22823189170524
18.923139995108695 50.22821687672027
18.92255698716395 50.228183907900394
18.922389907890334 50.22821985695258
18.922042676467413 50.22835775807576
18.92181584064251 50.22844784472394
18.92161094967151 50.228504841666776
18.9214459193076 50.22852495823483
18.921257978407844 50.22852290932513
18.921053832494927 50.22849888120216
18.92061696440822 50.228441494016835
18.920178948048775 50.22838395599389
18.920079855324623 50.22837184880015
18.91971887468663 50.22832789037364
18.91922737698701 50.22825919224513
18.919045900979174 50.22823382679151
18.918682871431475 50.228189868365
18.917859954786152 50.228076992066434
18.917847318025224 50.22807510695292
18.917678905673597 50.228049983711166
18.917420929314662 50.22803284737541
18.91727284902199 50.22805389526607
18.91710185819347 50.22814088079648
18.916994942359512 50.22832491014134
18.916880948473832 50.22856090728702
18.91685282253145 50.22862684492678
18.91677306157422 50.22879155838283
18.916726907716548 50.228886870195424
18.91668797843206 50.228983914009866
18.916625952347204 50.229122867341104
18.916535986584485 50.229312857150575
18.91647191158992 50.22945385939152
18.916367770434896 50.22968252321448
18.91633295825868 50.229758960673784
18.91618990710802 50.23007598288527
18.91611484250683 50.23024194457178
18.915931720708404 50.23065092899489
18.915564989646487 50.23146998654612
18.915527984853988 50.23155182926238
18.915513953168254 50.23158286284468
18.915444849031676 50.23173988383427
18.91531390507476 50.232034926832505
18.915260819686814 50.23215599876991
18.915168991278907 50.23236386997321
18.915038978644585 50.23265798164885
18.914984961934053 50.23277793599914
18.914914926474875 50.23293588831133
18.914802981498905 50.23318287506363
18.91479586263899 50.23319782024779
18.91477299291133 50.23324583247109
18.914741886736643 50.23330785855594
18.914682840884097 50.23341589197701
18.914621932386353 50.23351293579145
18.914561955211205 50.23359582350245
18.91448987084232 50.23368597552969
18.914431942576883 50.23375284449204
18.91436488735001 50.23382790909323
18.9143188800138 50.23387894557146
18.914258902838657 50.233936873836896
18.914196876753795 50.23399591968945
18.914150197750317 50.234041079553755
18.914133919346344 50.234056828187185
18.91406984435178 50.23411699162685
18.91397596703416 50.23419894801525
18.913874825400296 50.23428388463595
18.91378094808268 50.23435988055974
18.913662856377577 50.23444686609015
18.9135849978086 50.23450181412328
18.91344790712255 50.234596995292534
18.913401899786336 50.234625866292994
18.91330895379131 50.234684912145546
18.9132219682609 50.23473892885608
18.912996785138876 50.234874791621195
18.912976844153786 50.234886822884235
18.912770835595673 50.235010875053945
18.9119328315243 50.23550894637798
18.9118847434757 50.23553781200787
18.91151299129828 50.23576096227231
18.91127885679779 50.23590494474556
18.911091847220625 50.23602583041845
18.910847840700622 50.236187880550055
18.910730500052736 50.236271556122766
18.910645929961937 50.23633186302331
18.910373983764067 50.236535822671705
18.910176915902873 50.23669694148072
18.91011991896003 50.236745929049235
18.909924900008548 50.23691598855516
18.909830599596273 50.23700280756942
18.909823944639204 50.23700893455019
18.909660963185004 50.23716297530747
18.90936983174167 50.23744293087966
18.909126942808783 50.23768395716736
18.90900382196167 50.23780782307255
18.908945192344422 50.23786863868891
18.908808989274704 50.238009920075754
18.908673947498364 50.238150922316706
18.90845490042392 50.23838785078498
18.908432921210668 50.23841299649506
18.908339975215643 50.23852382388392
18.90821685436853 50.238681962460625
18.90815143616801 50.238770725979755
18.90812185946379 50.23881085750783
18.907922928957408 50.23908988175742
18.907756967270902 50.2393228986708
18.907676873527695 50.23943782387907
18.90757796706806 50.239575845887714
18.90750681402177 50.239676987521584
18.90747084192996 50.23971946304242
18.90744087638201 50.23975484609056
18.90740287842012 50.23980085342677
18.907334891870654 50.23987498670537
18.907274914695503 50.23993589520311
18.907197987449123 50.24000499933969
18.907089954028056 50.24008695572809
18.906903875773487 50.24022199750443
18.906739962996692 50.24033692271271
18.906500691446983 50.24050119396884
18.90645888983739 50.24052989275448
18.90618992387183 50.24071895124135
18.9058168360401 50.240973947367976
18.905629826462935 50.24110097977
18.905597975230172 50.24112295898325
18.905464012751764 50.24121504825518
18.905283933250992 50.24133883956087
18.905140882100333 50.24143998119474
18.905058925711938 50.24150182101507
18.904944931826257 50.24159085545519
18.90487489636708 50.24165195021745
18.90481287028222 50.2417128587152
18.904733894126128 50.24180189315532
18.904620831563044 50.24195481632549
18.904528727898537 50.24209299592054
18.90426488006707 50.24248883670171
18.90413989657476 50.24267584627887
18.90400597238554 50.242875894372375
18.903975983797967 50.242921901708584
18.903912840125997 50.24301894552303
18.903902101125095 50.243038132537976
18.9038709306092 50.2430938238597
18.90383498155702 50.243166839551186
18.903794934685415 50.243260903133326
18.903768857652743 50.2433309385925
18.90370385133558 50.243529869098886
18.903652814857352 50.24368893899818
18.903607925108258 50.24382882365202
18.9035449677008 50.24403092065523
18.90349188231286 50.24419688234173
18.903402847872737 50.24447795550103
18.903344919607303 50.24465583811676
18.903337997895303 50.24467757111928
18.903300961180797 50.244793860125405
18.90325383625747 50.244947900882686
18.90321099541808 50.2451129312466
18.903170948546475 50.2453129793401
18.903156978707543 50.24541691494175
18.90315586112043 50.24542883587097
18.90315194956553 50.2455208505434
18.90315586112043 50.24560988498352
18.90316387049475 50.24571586949488
18.90318518887324 50.24586165969615
18.903186967295117 50.245873821807066
18.903194976669436 50.24591982914328
18.903217887205287 50.24603289170637
18.903245826883147 50.24613682730802
18.903282893522448 50.24625883056802
18.903333930000677 50.24639890148637
18.903342870697593 50.246420880699624
18.903584732298494 50.246990393828085
18.903615934482573 50.24706386581951
18.903731977277964 50.2473359982819
18.903786925311096 50.2474619130968
18.90389793896447 50.24771690922343
18.90394394630069 50.24781693327018
18.903974902711095 50.24788682130182
18.903998894333817 50.24794098543989
18.90404695057974 50.24808794814545
18.904065949560685 50.24821591187006
18.904055891276656 50.248337915130065
18.90404397034743 50.24843998808653
18.904022922456775 50.2485549132948
18.904000943243524 50.2486739363225
18.9039738869637 50.24882982349764
18.903972817301145 50.2488359864541
18.903967974423647 50.24886690636427
18.90392885887464 50.249134941007235
18.903920849500317 50.2492478173058
18.90392196708743 50.24926588496415
18.903926996229448 50.24936888924321
18.90393090778435 50.24945084563161
18.90394096606838 50.249586818730535
18.90396499419134 50.249825982373046
18.90396569489127 50.249845364445655
18.903975983797967 50.250129966068194
18.903973934888256 50.25023595057955
18.903966856836533 50.25035590492985
18.903959965049324 50.25040787273067
18.9039489754427 50.25046784990582
18.903927927552044 50.25054999255873
18.903898870287065 50.25063083136001
18.90386292123488 50.25070589596121
18.90379586600801 50.250824918988904
18.90378831189231 50.25083730773866
18.90378189616908 50.25084782952475
18.903765877420437 50.25087297523483
18.903678891890024 50.25100298786915
18.90357681893357 50.25115386212961
18.903419984208497 50.251374958113765
18.903281962199852 50.251568859478134
18.90319292775973 50.251691980325255
18.903142762924443 50.25175837278082
18.903066826680305 50.25185887333435
18.902940911865404 50.25201887455625
18.902870876406222 50.25210995790608
18.902734903307294 50.2522779685023
18.90270491471972 50.25231596646419
18.90248884787758 50.252555875164774
18.902463384886985 50.252584814832936
18.902391990327654 50.25266595749555
18.902286937138893 50.25279187231045
18.90227482994515 50.25286488800194
18.90222584237663 50.25291592448017
18.902187844414737 50.25296789228099
18.902185981769545 50.25300291001058
18.902206843395685 50.253056926721115
18.90229084869379 50.25312398194799
18.902323817513672 50.253146892483834
18.902944823420302 50.253328872918985
18.90309200945289 50.253384805612534
18.90321881852788 50.25343299478515
18.90324396423796 50.253478815856845
18.903247875792857 50.25350489288952
18.90323688618623 50.2535378617094
18.903197956901742 50.25358293772302
18.90315586112043 50.253605848258864
18.903123823623147 50.25362391591722
18.902964939988365 50.25371891082195
18.90276992103688 50.25383495361734
18.90253299256861 50.25396291734195
18.90242197891523 50.25399197460693
18.902308916352144 50.254010973587874
18.90205093999321 50.254012836233066
18.90189133215923 50.2540159343003
18.90179184604716 50.25401786537508
18.901531820778516 50.2540228945171
18.901221876618756 50.25404990287237
18.901005996041135 50.25406797053072
18.900852886606444 50.254073930995325
18.90079495834101 50.25407095076302
18.900701826081463 50.254065921621006
18.90064091758373 50.254053814427266
18.90051216479252 50.25398750077902
18.900479985039233 50.25397092671627
18.90033991412088 50.25389083297307
18.900194814060512 50.253848923456275
18.900098887833185 50.253837933849645
18.899914858488327 50.25381297440409
18.89906586481033 50.25386494220491
18.898987672883596 50.25386999831724
18.89812392513731 50.25392585070266
18.897661989129976 50.253957888199935
18.89749662707893 50.25398273791405
18.897288901298246 50.254013953820184
18.896958840570424 50.25406983317591
18.896841866452437 50.25408790083426
18.89659096814523 50.25412086965414
18.896436927387946 50.25412887902846
18.896105935337527 50.25413483949307
18.8960079547745 50.254137147386416
18.89584497874629 50.2541409862222
18.895622951439535 50.254155887383725
18.895337966725332 50.25418792488101
18.89506490294035 50.25422294261059
18.894432907427092 50.254315888605625
18.89441088735143 50.25431940189172
18.894118865447915 50.254365993761255
18.893795882771816 50.25441293242007
18.89336784690696 50.25446899804031
18.89296681939736 50.25450196686019
18.892918659428016 50.25450372035611
18.89252686260328 50.25451798560883
18.891958942084585 50.25453493568007
18.891599824091788 50.254548905519
18.89130916221977 50.25457480396267
18.89109392965795 50.254593981532615
18.89093690866836 50.25461186292645
18.890853834692848 50.25462192121048
18.89055488013971 50.25465395870776
18.890392830008107 50.2546699774564
18.890154970217235 50.25469586822456
18.88972786567497 50.254742993147886
18.889673500808307 50.25475003956075
18.88930392762953 50.25479794118102
18.88894089808183 50.25484487983983
18.888525900733303 50.25489982787296
18.888218117516413 50.25494746198473
18.88783988850951 50.25500599864884
18.887761843676017 50.255018850900655
18.886784886273404 50.25519282196148
18.886709874583723 50.25520548949848
18.88610986365623 50.25530681584716
18.885748883018245 50.255362881467406
18.8851865078701 50.255450457444674
18.885016863458237 50.25547687535309
18.88441392520995 50.25557596807724
18.883705954815245 50.255684564812334
18.883625840029698 50.25569685375013
18.882686880588984 50.255841953810496
18.882376936429225 50.255889823791904
18.882202428324284 50.25591699845617
18.881528874073823 50.25602188533593
18.881094877744353 50.25609899884684
18.88079958055475 50.25617117928336
18.880726819054637 50.25618896460956
18.880542975974297 50.25623590326836
18.880369936236068 50.25628191060458
18.880203974549563 50.256327917940794
18.879970957636186 50.25638584620623
18.87945626873628 50.25653162626375
18.878981893039835 50.25666598804293
18.878363867365508 50.25683083214233
18.878159322326432 50.25687436788786
18.87789392198385 50.25693085618908
18.87750686431319 50.25700182297085
18.876769697564026 50.25712145762748
18.876520966213665 50.25716182419274
18.87603686472856 50.25723893770365
18.875515882868676 50.25731996276945
18.875280812605812 50.25735793436277
18.874995832331383 50.25740396806756
18.874608960925244 50.25747288593962
18.874314849249604 50.2575459016311
18.873898920578487 50.2576649246588
18.8737330462387 50.25770975556144
18.873643924451855 50.25773384253086
18.87352899924358 50.25776289979584
18.87329188451078 50.257826974790405
18.872879867394563 50.25792196969513
18.872466918955748 50.25800392608353
18.87221767285013 50.25804781008405
18.871353988454207 50.258199876357615
18.87062290021679 50.25832690875963
18.8705252766867 50.25834427346563
18.8700218246137 50.25843382459359
18.869896841121395 50.258455990071354
18.8698139534104 50.25846791100058
18.869529900018794 50.2585198788014
18.869266894517843 50.25857892465395
18.868978929571337 50.25864989143573
18.868904213526836 50.258671500487814
18.868864935685657 50.2586828602556
18.868633967681987 50.2587609050891
18.868104976447786 50.25894586575655
18.867985953420085 50.25898684395075
18.867665950976296 50.25909394604923
18.86755444645003 50.259128721924505
18.867309999480323 50.2592049597026
18.86701290757238 50.2592878474136
18.866571833191184 50.25939085169265
18.866197124421248 50.25947116906898
18.865470823618864 50.25962684883833
18.86492488231342 50.25974587186603
18.86481769216885 50.25976750312705
18.86455291206881 50.25982093646722
18.864391979524314 50.25984589591278
18.86422583157329 50.259856885519405
18.864068996848214 50.25985185637739
18.863912907181223 50.25983192607385
18.863683988087267 50.25979094787965
18.863376936974447 50.259742030716815
18.863206964653887 50.259714951955864
18.862704981774947 50.25964789672899
18.86203591962239 50.25955699964368
18.86194182411224 50.2595443622841
18.861587953453988 50.25949683620401
18.860668924316816 50.25937297029882
18.860658866032782 50.259370921389106
18.86054055843682 50.259354158358704
18.86006598606853 50.259286916091
18.859846938994085 50.25925599618083
18.859322976901897 50.25919397009598
18.859145223500818 50.25916766984786
18.858957898444487 50.25913995338544
18.858639944910404 50.25910381806874
18.85857586991584 50.25880896133503
18.85850285422436 50.25856495481502
18.858428544156233 50.25839083281448
18.85842089783596 50.25837291609584
18.85831398200201 50.25820881705453
18.8582329569362 50.25808681379453
18.858137962031467 50.257968908353945
18.857983921274183 50.25780182908032
18.85779188255501 50.257668836213696
18.857685315221776 50.257582914887166
18.85744096020105 50.2573859004092
18.85729287990837 50.25727190652352
18.85716882773866 50.25717393138648
18.856968965909683 50.257018959306606
18.856797820273812 50.25688421320491
18.856686961427783 50.25679693199985
18.856109913947655 50.25635287738635
18.85595382428066 50.25623683459096
18.85582711485905 50.25614385011046
18.8558068615751 50.25612898743441
18.854979847110357 50.25550984417296
18.854831009684304 50.25540526834796
18.85480196449463 50.25538486068066
18.85469188216385 50.25530495320197
18.854568947581253 50.25521088961983
18.853814838059183 50.25464972802275
18.853575971430004 50.25447197827262
18.85342193067272 50.254357984386935
18.85292981981329 50.25399495483923
18.852814624992245 50.25390988497961
18.852023829192454 50.253325892686675
18.851866564010223 50.25320429909411
18.8518349569701 50.253179861303714
18.851833241436264 50.253180276019854
18.85158685263068 50.25323983847886
18.851091947803468 50.25334898948704
18.850547869143213 50.25346596360503
18.850434034019273 50.25349366145604
18.8503388803528 50.25351681381874
18.850186888505224 50.253575859671294
18.850050915406293 50.253646826453064
18.84965994618073 50.25383495361734
18.849283878116697 50.254015816465376
18.849271926375568 50.25402192977546
18.8488789390522 50.25422294261059
18.84868187119101 50.25430489899899
18.848549995911497 50.25434289696089
18.848229993467704 50.25439281585201
18.847843816369217 50.25444760426636
18.84774291175029 50.254461919988586
18.8473828624349 50.254510907557105
18.84704795882958 50.2545528170739
18.846586954144843 50.254603853552126
18.84642687778616 50.25461931909674
18.846212934990515 50.25463998886883
18.845968928470512 50.25466289940468
18.84569381577582 50.25472194525723
18.845393929900094 50.25480092141332
18.84497688364186 50.25488995585344
18.844938369460365 50.25489654399358
18.84447490076292 50.25497582379675
18.84396285959995 50.25505088839794
18.84348195324271 50.25509537415348
18.843378920332615 50.255104905108475
18.8432148212913 50.25511384580539
18.842768904032607 50.25513582501864
18.842059981272964 50.25518388126456
18.84198584799437 50.2552008313358
18.841946804744616 50.25521686430528
18.84193686042585 50.255220947903865
18.841878932160412 50.25524795625913
18.84185285512774 50.25525298540114
18.841860460041858 50.25526250542136
18.84190389160597 50.25531687413119
18.841920841677208 50.255354872093086
18.84193089996124 50.25539789919699
18.841928851051527 50.25544595544291
18.84189998005107 50.25549885456634
18.84186291341177 50.25555082236716
18.841770898739345 50.25566090469795
18.84159599635592 50.25587194239807
18.84139676236457 50.25610819444916
18.84117094072337 50.25637597418672
18.840966929235297 50.25661589546016
