44.00733559870849 56.32770715969065
44.00737585562727 56.32775093514664
44.00737820620848 56.32775349117346
44.007416112546046 56.327794710602625
44.00741846312726 56.327797266629446
44.00744749717877 56.32782883831656
44.007479316609135 56.32786343883035
44.007503081476315 56.32788928079564
44.007519573527915 56.32790721428634
44.00754641885148 56.32793640594621
44.007577073609035 56.32796973999239
44.00757905600473 56.32797189565353
44.00762905480485 56.32802626445125
44.007638894192254 56.32803696382128
44.0078169630725 56.32821987557902
44.00806617769177 56.32850927605565
44.00811498630304 56.32856595505549
44.00810982704305 56.32857199248739
44.00807996857345 56.32860693324969
44.00807422160084 56.32860943062522
44.00800881552716 56.328637853159854
44.00794674686778 56.32863354470628
44.00792294758386 56.32863189269525
44.007898672844775 56.32862613450133
44.00784285384065 56.3286128937143
44.007813144061465 56.32858361422157
44.00702353782098 56.327805443841086
44.00699994312977 56.32778219087158
44.00673681512632 56.327522873748606
44.00638086363034 56.32725986824766
44.006123818594006 56.32708496586423
44.00604075633289 56.32702954040663
44.00602193190206 56.32701697931476
44.00595189644289 56.326972834623746
44.005825981627986 56.32690093651937
44.00557899487568 56.32678098216908
44.00528190296773 56.32666885092859
44.005043856912344 56.326588943449906
44.00490993272312 56.32644887253155
44.00489987443909 56.326393924498426
44.00493396084608 56.326338976465294
44.00505093496407 56.326304890058296
44.005350820839794 56.326447941208954
44.00573284936844 56.3266669882834
44.005770318398014 56.32668661629043
44.00578813910646 56.32669595160001
44.00579740866604 56.326700807423144
44.00583373895434 56.326719838904936
44.005868640545984 56.32673812196949
44.00590444246985 56.3267568766696
44.0059079127352 56.32675869455476
44.00592390735022 56.32676707327232
44.00592698021879 56.3267686829827
44.00594480092724 56.32677801829229
44.005951525982674 56.326781541186705
44.00595407048682 56.326782874115416
44.00597499324326 56.326793834420904
44.005999729075455 56.32677972653182
44.006072968380295 56.32673795506518
44.00609104190808 56.32672257692369
44.00615214902658 56.32667058298398
44.00619388192651 56.326635073898686
44.00621285303413 56.32661893203747
44.00624262708106 56.326594704435315
44.00629848622533 56.32654925098629
44.0063666727576 56.32649376655112
44.00639483346927 56.3264708517448
44.006433678770385 56.326436966874034
44.00649883744575 56.32638012876929
44.00654027781858 56.326343980209806
44.00660617802794 56.32628649526277
44.00667154949794 56.32622947153662
44.00673744970729 56.326171986589586
44.00680893916387 56.32610962612571
44.00681784019212 56.326101861732496
44.00688801218232 56.32604306898394
44.00693679996927 56.32600219273002
44.00694189236183 56.325997926130846
44.00704582796348 56.32591485215533
44.0070909039771 56.325881883335455
44.00725686566361 56.32574795914623
44.00741593556291 56.32562297565392
44.00766489905062 56.32540761482205
44.00856563729835 56.32462844941061
44.00869799424778 56.324513956707285
44.00879783203001 56.32442883382206
44.00894181450327 56.32430683056206
44.00922996571429 56.32404382506111
44.009383820207056 56.323905989316984
44.0094494547887 56.32384932658323
44.00979397467808 56.3235519004662
44.00983085505286 56.323519862968915
44.009948946757966 56.323418907599574
44.01031681918316 56.32310281671069
44.01033418512324 56.32308672004197
44.0103728848034 56.32305084890986
44.0108968468956 56.322584815083104
44.01098886156802 56.32250881915932
44.01121182019737 56.322308957330335
44.01121549977725 56.32230566619608
44.01162998404272 56.321934938176014
44.012071249948626 56.32154012131283
44.0124368819394 56.32121297690003
44.0125998633936 56.32105893614275
44.01281499891315 56.320894837101434
44.012943895636475 56.3207806337939
44.013051927381426 56.32068491698843
44.0132439661006 56.32051690639221
44.01382692125794 56.320002641814035
44.01389682324 56.31994097649919
44.01394897730535 56.319896831808165
44.01457892390889 56.31936094878676
44.0147147163771 56.31923943467145
44.01500584218664 56.31897892025811
44.01525282893895 56.318745903344734
44.0152269381708 56.318614959387816
44.015167892318246 56.31850096550213
44.01494996283092 56.31838995184876
44.01468164460426 56.3182806201435
44.01462083342569 56.318255841395015
44.01457091453457 56.31824094023349
44.01431889864025 56.31814482774164
44.01420583607717 56.31804592128201
44.01417286725729 56.31793397630604
44.0141788277219 56.31784084404649
44.01424886318107 56.31765085423702
44.01434497567292 56.31753388011904
44.01446671390256 56.31741860772917
44.015344034683146 56.316587883778574
44.015852973219445 56.31610597631572
44.01595485991139 56.315997942894654
44.01619640432742 56.315755310440714
44.01665782220642 56.31529181410279
44.016901828726425 56.31504799384731
44.01698692721682 56.31496263123993
44.017201900866674 56.314746990384464
44.017264858274125 56.3146829153899
44.01736395099827 56.31458084243344
44.01755692104005 56.31437986301735
44.01783408293689 56.31409254088047
44.017993897601826 56.31392686770693
44.01829490106467 56.31361785486976
44.018621979421006 56.313277523965155
44.018740818323366 56.31315386995272
44.018925965255335 56.312954939446335
44.019123964439125 56.31274986221082
44.01938586681903 56.31247901064164
44.01973994120374 56.312112837555546
44.01978389963025 56.31206887912904
44.02016155218337 56.31168600857864
44.02043098256955 56.31141285549282
44.02096090512635 56.310834876690095
44.02096741273299 56.310827792664654
44.02118591266541 56.31058993884749
44.02127494710553 56.31049084612334
44.02139788168813 56.31036083348902
44.02163685906612 56.310108817594696
44.02172794241595 56.31001382268996
44.021738681516865 56.310002547088665
44.02194792081299 56.3097828546863
44.022346899412874 56.30936189687315
44.02253098919835 56.30916834093232
44.02323798887218 56.30842498634215
44.02328995667301 56.30836985204451
44.02336269245656 56.308293268776175
44.02336390368709 56.30829199347553
44.02343989961088 56.30821394864203
44.023515895534665 56.30813497248594
44.02357196115491 56.3080779755431
44.02367496543396 56.307971991031735
44.02390183561821 56.307739905440954
44.02413992173234 56.30749546722693
44.02427883500484 56.30735284777029
44.024357997425454 56.30727182270449
44.024640933229946 56.30698199511279
44.025015071028214 56.30662882193253
44.02502985354579 56.30661486774567
44.02591314656053 56.305784019406715
44.0262439256812 56.30547287997915
44.02673784337108 56.30500797317701
44.02687182337504 56.30488186266009
44.02740696133838 56.304397947439504
44.02760225271741 56.30422423216184
44.027669966839326 56.30416399920353
44.02776086392464 56.304075896086005
44.02832785312074 56.303555845548715
44.02840086881222 56.30349791728328
44.02845190529045 56.30345693908908
44.02850182418157 56.30340795152056
44.02851975296599 56.30339042263468
44.028551929337205 56.30335896395204
44.02893898700786 56.30300096354636
44.02900287573791 56.3029389374615
44.02924893116762 56.30272789976138
44.029386953176264 56.30259490689475
44.02941651278778 56.30256959768489
44.02967193789047 56.30235090037475
44.03028791465509 56.30176286328799
44.03030428584611 56.30174797086962
44.030753948481845 56.30133892524255
44.03105383435757 56.30106493013497
44.03116967407752 56.3009567091709
44.03167688917392 56.300482853512825
44.03170296620659 56.300460874299574
44.03173593502647 56.3004318170346
44.03177281540125 56.30039493665982
44.031811930950255 56.30035582111081
44.03191381764219 56.30024182722513
44.03197475376218 56.300154070370354
44.03206785839948 56.300019986182896
44.032141991678074 56.299906923619815
44.03229696375795 56.299642986796265
44.03231391382919 56.299614860853886
44.03249299754033 56.299284524008335
44.032506883870965 56.29925890935791
44.03254897965227 56.29918198211153
44.03290493114825 56.29841382723482
44.032921072467175 56.29837730352303
44.0333481622943 56.297410907540986
44.033452921363406 56.297173864331256
44.03348384127357 56.297102897549486
44.03355089650045 56.29694997437932
44.033647940314886 56.29669386066557
44.03373380325408 56.29649317807749
44.033774972716905 56.296396955022146
44.033795834343046 56.29634796745363
44.03383085207263 56.29626787371042
44.033844821911565 56.29623285598083
44.033890829247774 56.29612594014688
44.033744984129335 56.29598698681564
44.03369897679312 56.29594992017634
44.033639930940566 56.295906893072434
44.03360398188838 56.295879884717166
44.033448823543985 56.29576793974119
44.03323890343098 56.295738882476215
44.03293883129073 56.295697904282015
44.032715136708774 56.29566649295472
44.03181397985996 56.29553995196983
44.03148485045474 56.295491895723906
44.03136489610444 56.29547494565267
44.0312648720577 56.29546097581374
44.03117490629498 56.29544886862
44.03106104698928 56.2954333634471
44.02940444475241 56.295207770080346
44.02893582051104 56.295143953602256
44.02810582581399 56.29503089103917
44.02781894040902 56.294990198073926
44.02781692954488 56.29498991284497
44.02728290916867 56.29491484824378
44.02634786128285 56.29478390428686
44.02610210851573 56.2947509437003
44.02607982663989 56.29474795523467
44.02596098987671 56.29473081889892
44.02586990652688 56.294718897969695
44.02578496990618 56.29470790836307
44.02565886882675 56.29468984070472
44.02545788941066 56.29466394993657
44.02528596725954 56.2946408531362
44.02520382460662 56.29462986352957
44.02513881828946 56.29462185415525
44.02497583683526 56.294599874942
44.02448717796197 56.294533689719565
44.02445187474307 56.29452890816023
44.02393182420578 56.29445682379134
44.02289022134245 56.29431270264045
44.022154860693696 56.29421095462615
44.022024848059374 56.294193818290395
44.02189185519275 56.29417593689656
44.021695904918666 56.2941479972187
44.02152081627073 56.29412285150862
44.02137087333286 56.294101989882485
44.021259599564274 56.29408791865717
44.02125892835689 56.29408783377903
44.02115294384553 56.2940738639401
44.02059899316577 56.293993956461414
44.01960921031498 56.2938580935071
44.01955684318148 56.293850905310755
44.01878887456929 56.293745852121994
44.01845993142858 56.29369891346318
44.01805592368668 56.29364098519775
44.01802392164867 56.293636646797665
44.016409904131514 56.29341784030388
44.01634600962207 56.29340928300351
44.01549199258146 56.29329490572128
44.01503489945162 56.29323083072671
44.01468285951054 56.29318296074531
44.014646609567336 56.29317810631333
44.014554895785935 56.29316582440955
44.01440793308037 56.29314589410601
44.014260970374814 56.293125963802474
44.013963878466875 56.293086848253466
44.013724901088885 56.293053879433586
44.01366883546864 56.29304698764638
44.01347698301398 56.293020910613706
44.01329183608201 56.29299595116815
44.0131258743955 56.29297397195489
44.013070926362374 56.292965962580574
44.01297959124684 56.292952887438645
44.01235790578331 56.292863889624115
44.01130880923657 56.29271419521529
44.011250935746375 56.29270593731193
44.01080092066827 56.29264484254967
44.0100059437008 56.29253494648341
44.009670717584854 56.292488452562495
44.00950098058957 56.29246491102423
44.00940896591713 56.292452990095015
44.00932682326422 56.292441814223864
44.00924095532092 56.29243082461724
44.00912882408043 56.292415923455714
44.00907890518931 56.2924099629911
44.00899788012351 56.29239897338448
44.00869091619605 56.292358926512875
44.00854097325819 56.29233992753193
44.00807195919913 56.29227492121476
44.00805199917526 56.29227219286617
44.006673857718866 56.29208381381818
44.0064562761546 56.29205381308836
44.0058768318417 56.291973917751925
44.00499282043411 56.291850983169326
44.00487623575663 56.291835384170064
44.00456683347896 56.29179398622649
44.00430382797801 56.29175896849689
44.004086829813275 56.29172991123192
44.00397991397932 56.29171594139299
44.003821961667136 56.29169489350233
44.00363290318026 56.29166881646966
44.00349394984902 56.29165093507583
44.00326298184535 56.291618897578545
44.00320977163721 56.29161176725797
44.00261384999634 56.29153191204813
44.00191796575303 56.29143784846599
44.00159963650819 56.29139597488782
44.00152289870805 56.29138588066517
44.00079888852236 56.29128995443784
44.00067893417207 56.2912739356892
44.000500865291826 56.29125083888883
44.00027883798507 56.291218987656066
43.99992515663189 56.29116819386099
43.99947082250127 56.291102944860675
43.99826759577348 56.29094135297848
43.99824892725607 56.290938845819355
43.99787695701145 56.290892838483146
43.99722782516243 56.29080194139783
43.99668989323131 56.29072799438375
43.99664128916759 56.29072162212861
43.99654497943546 56.2907089954028
43.99577086409414 56.29059481525261
43.99553188671616 56.29057283603935
43.9953508376036 56.29057786518137
43.99521989364669 56.29058885478799
43.99498068695073 56.29060990497724
43.99473094928408 56.290631881891905
43.99455288040384 56.29064696931795
43.99450091260301 56.29065199845997
43.99379385248856 56.29071197563511
43.99333899453295 56.29075295382931
43.99332516447819 56.29075420177388
43.992209859018246 56.29085484052125
43.991655600780184 56.2909065267714
43.99143686126404 56.29092692489014
43.991215951544405 56.29094685519368
43.99084193239008 56.29098299051038
43.99074786880794 56.290991931207294
43.99064095297398 56.29100198949133
43.99045897253884 56.29101893956256
43.99041389652522 56.29102396870458
43.98991370748614 56.29106798033395
43.989073909574905 56.29114187414516
43.98858887676721 56.291185832571664
43.98836293790555 56.29120799804944
43.98823353744847 56.29121902105134
43.98730681808234 56.29129796381216
43.986480597 56.291370931228485
43.98599495707441 56.29141382034303
43.98568799314695 56.2914408286983
43.98474691219314 56.29152434220052
43.98439084703604 56.291555940171094
43.984313919789656 56.29156394954541
43.98407997155368 56.291585928758664
43.983562901248696 56.29163491632718
43.98348299377001 56.2916429257015
43.983181990307166 56.291670865379366
43.983142969486906 56.291674346732805
43.982250853976254 56.29175393935488
43.982123821574234 56.2917658602841
43.981846846234355 56.29178895708447
43.98168192103801 56.29132243561274
43.981659836657194 56.291259965850266
43.981644935495666 56.29105991775676
43.98164698440537 56.2909099748189
43.981630965656734 56.290859869663265
43.981569870894475 56.290654978692274
43.98150315597323 56.29041927361674
43.98149089473838 56.29037595444268
43.98144190716986 56.29016696565226
43.98140986967258 56.28997492693309
43.981401860298256 56.2897808393042
43.9813835874484 56.28952310906274
43.981360882104056 56.28920286050147
43.98132791328418 56.28873794426183
43.981321118501995 56.28862278014324
43.98127687680595 56.2878729318352
43.98126998501874 56.287756889039805
43.98126520506118 56.28767858578762
43.981255828915295 56.28752498971354
43.98120938727822 56.28673269966544
43.98117499011401 56.286145887214225
43.9811398652684 56.28578669595381
43.98113792347471 56.28576683891789
43.98112693386808 56.28562788558665
43.98111482667434 56.285521901075285
43.981094896370806 56.28539598626038
43.98103585051825 56.2849198941496
43.981029498339254 56.28488172028918
43.980957991949275 56.28445199767766
43.98094290452323 56.2843489933986
43.98086792016186 56.28391485098813
43.98077899174643 56.28339997567385
43.98072675797665 56.28293107482684
43.98068194793199 56.28252881651809
43.98066686050594 56.2824148226324
43.98064599887981 56.282253890087915
43.98060730514113 56.28198457481831
43.98060390309849 56.28196089599939
43.980593844814464 56.28189384077252
43.98057782606582 56.28178394470626
43.98054783747825 56.28157197568354
43.98046997890927 56.28113797935407
43.98046172731187 56.2810847516586
43.98042285398594 56.28083399565892
43.98037181750771 56.28053392351867
43.98028296933211 56.28027687848233
43.98022950773899 56.28016488629101
43.98000990554713 56.279704860144214
43.979917890874695 56.2795338693157
43.97974508135303 56.2791956945706
43.97941199644086 56.27854387339675
43.97927968512811 56.2782866378793
43.97926186723847 56.27825199689534
43.979206919205346 56.27815197284859
43.97897781384687 56.27773492659036
43.97877752450554 56.27736715452741
43.97830064108249 56.27649149934216
43.977917968733266 56.275788834894946
43.977777347024855 56.27553140557586
43.977674893535855 56.27534384895885
43.97762590596734 56.27525388319613
43.97759088823775 56.27519092578868
43.97743796506758 56.2749178620037
43.97725747230094 56.27459453808168
43.976938962420945 56.2740239785766
43.976781941431355 56.27375687525623
43.97674158463214 56.273668733226515
43.976608901693126 56.273378944547005
43.97650682873667 56.27295686914675
43.97645880670155 56.27269412232163
43.97634086705016 56.27204882961621
43.976325965888634 56.27196296167291
43.97632298565633 56.271942845104846
43.976293752360434 56.271772246933594
43.97624587214543 56.27149283002674
43.976239911680814 56.27146191011656
43.9762339512162 56.27142782370957
43.97613396024842 56.27087042484964
43.97606892085229 56.27050786324981
43.97596591657324 56.2700598970814
43.97594025365583 56.26996091154281
43.97568564170507 56.26897883687561
43.975652992181175 56.26885290299772
43.97542631536236 56.26803604664233
43.97514585488576 56.267025374602966
43.9751379707859 56.26699696332955
43.97507296446874 56.266784994306825
43.97500292900956 56.26652888059308
43.97495599035075 56.26636496781629
43.974890438984694 56.26612436677367
43.97464421265967 56.265220612754774
43.97437414015561 56.26422933324429
43.97412885386679 56.26332902955302
43.97386723959541 56.26236879530859
43.97373185993132 56.26187189508688
43.97366592229156 56.26162788856688
43.97361037705467 56.26146677287974
43.97360594511641 56.26145391750605
43.97353684097983 56.261250889180246
43.97333083242172 56.26084092097374
43.97313626403582 56.26053793919674
43.972530410820895 56.25959450492394
43.97243694899463 56.25944896622261
43.97235089478681 56.2592859847684
43.972052246855945 56.25872279057353
43.97202791211071 56.25867689979099
43.971569086805154 56.25777092306315
43.971207975697695 56.25705788859109
43.9710723843462 56.25687111432381
43.97091684425436 56.2566568610815
43.97062999689497 56.25617387718351
43.97056182408099 56.25605187392351
43.97050426112664 56.25597723849189
43.97049085729921 56.25595985925108
43.970220960011055 56.25563687657498
43.97006095878916 56.25534686271877
43.96999092332999 56.25515892181901
43.96997310894089 56.25511033712149
43.96994584731637 56.25503598723641
43.96979888461081 56.254345877193195
43.96977094493295 56.254252931198174
43.9697318143771 56.25418741026746
43.96967483244109 56.25409199865368
43.96952284059352 56.2537818682294
43.96932092985483 56.25340989798479
43.969264148150366 56.25329561703115
43.96909983387067 56.25296491204869
43.968834676977465 56.2524165028001
43.968422948608314 56.251564947923235
43.96838659003723 56.251492100556945
43.96816292333967 56.25104396606335
43.96792825940955 56.25057152531423
43.96779784488226 56.250308966271035
43.96748987774694 56.24965155691199
43.96730685160995 56.249260855822136
43.96724687443481 56.24913587232983
43.96719099507908 56.24902094712155
43.96710698978097 56.248846976060726
43.96707052795551 56.24877218692104
43.96706694290937 56.24876483340781
43.9669648699529 56.248550815475376
43.96670186445195 56.24800897198936
43.96662488909923 56.2478496224102
43.9662689857096 56.24711285338803
43.966185255067195 56.24694513975047
43.96595997287243 56.24649389639111
43.965872987342024 56.24633594407892
43.96572623154096 56.24603623152746
43.96568784041005 56.24595782710517
43.96558595371811 56.24573598606295
43.96545482349667 56.24544597220672
43.96532472229153 56.245160785923474
43.96532387953975 56.24515893858281
43.9652979887716 56.24510194163997
43.96499083857963 56.244472926359016
43.96493086140448 56.244342913724694
43.96489351136325 56.24426262549294
43.964615888102706 56.243665842197814
43.96456596921159 56.243557995041265
43.96444191704188 56.24331994898587
43.96444065372293 56.24331762871291
43.96395164333615 56.24241948847872
43.963823891367554 56.24218485300656
43.9636009327382 56.24186596814989
43.963302395689965 56.24153234987861
43.96319990522861 56.24141781571696
43.9627429983633 56.24105199220148
43.962244550502135 56.240713614332975
43.96217284267037 56.24066493453081
43.96165893886221 56.240367842622874
