-3.538911205748913 47.88347735932306
-3.5389213056479227 47.883480440498545
-3.538950854136212 47.883489454853795
-3.538961973912164 47.88349284716307
-3.5389745930585685 47.88349212510945
-3.5390093048339826 47.88349013894
-3.5390194823634205 47.883489556593005
-3.53903324004905 47.88348876939343
-3.539036940895465 47.88348855763508
-3.5390393053475404 47.883488422343746
-3.5390410912168573 47.88348832015828
-3.539052464002262 47.883487669420056
-3.539100587036254 47.8834849158732
-3.5391039943825113 47.88348472090861
-3.5391650086309205 47.88348122974071
-3.539241929484351 47.88347682841443
-3.5393078671241076 47.883442928271954
-3.539485936004354 47.883352962509235
-3.5398018406287246 47.88318681455821
-3.540200431728332 47.883123341211714
-3.54049195067194 47.88307691849195
-3.540935819020923 47.88304283208496
-3.541142787879741 47.883010014285354
-3.54143389034496 47.882963855928864
-3.542276923558345 47.88304283208496
-3.5424628217755236 47.88308551332472
-3.5428032877962075 47.883163682508254
-3.5429478483560946 47.88319687284224
-3.543463987338483 47.88328683860496
-3.5439199628812066 47.88349582739538
-3.544069835647875 47.88364273238449
-3.5441243499086466 47.883696167154945
-3.5442209663440503 47.88379087039361
-3.5447059991517516 47.88386295476249
-3.544879970212578 47.884028916449004
-3.5447149398486677 47.88410491237279
-3.5446799221190792 47.88412093112143
-3.5444839718450005 47.88400395700344
-3.5442679050028603 47.88399594762912
-3.5441758903304312 47.88407287487551
-3.5442708852351656 47.884248894846046
-3.544523832452085 47.88433699796357
-3.544472982238374 47.88455790768321
-3.5444944551985467 47.884594960863815
-3.5444988738587644 47.884602585588766
-3.544821855682623 47.88515991460889
-3.5449886541815196 47.88553548738786
-3.544991264179996 47.88554136420563
-3.5450749891640614 47.885729884037296
-3.54561022532354 47.88638433066367
-3.545791607081993 47.88660611067199
-3.5458159494209873 47.88663587465813
-3.545862858508233 47.88733800425096
-3.545890445732842 47.887750926520795
-3.5459029349514006 47.88793786364655
-3.546030276147343 47.88829103770643
-3.54605585812157 47.88836198795651
-3.546167507706297 47.88858595769404
-3.5461799102912823 47.88861083735401
-3.546169852007252 47.88869391132952
-3.546120864438732 47.88874885936265
-3.5459958809464247 47.88879095514397
-3.5458518984731713 47.88880585630549
-3.545715925374238 47.88879784693117
-3.545553618253505 47.888750258555746
-3.5455488461006173 47.88874885936265
-3.54553784900953 47.88874057249869
-3.54540475850069 47.88864028207348
-3.545325887471271 47.88858084876644
-3.5451848852303227 47.888454933951536
-3.545091939235298 47.88837092865342
-3.5450629225430648 47.88830017820601
-3.5450467506566574 47.88826074682666
-3.5449956987604567 47.888136268665306
-3.544948140997469 47.88802031013418
-3.5449230619785888 47.887959160786345
-3.5449199819873067 47.887951650944785
-3.544919219412322 47.88794979158325
-3.5448863333772196 47.88786960664424
-3.5448339628763637 47.88774191337247
-3.544800288438241 47.88773486523426
-3.544771461608266 47.887728831711705
-3.5447618785074773 47.88772682594642
-3.544761256806761 47.88772685308415
-3.5447252882943787 47.88772842313827
-3.5447194394494193 47.887728678444994
-3.5447149398486677 47.88772887485614
-3.5446568253187127 47.88775998103082
-3.5446570777809323 47.88777395060699
-3.544657942905827 47.88782182085116
-3.544697465894992 47.887904172935045
-3.5447069304743466 47.88792389380762
-3.544734856712334 47.88798415568959
-3.544735701919627 47.88798597955796
-3.5447390650233968 47.88799323678188
-3.544745859758836 47.88800789910572
-3.544887979586899 47.888197888915194
-3.545091939235298 47.88837092865342
-3.5451848852303227 47.888454933951536
-3.545325887471271 47.88858084876644
-3.54540475850069 47.88864028207348
-3.54553784900953 47.88874057249869
-3.5455488461006173 47.88874885936265
-3.545553618253505 47.888750258555746
-3.545715925374238 47.88879784693117
-3.5458518984731713 47.88880585630549
-3.5459958809464247 47.88879095514397
-3.546120864438732 47.88874885936265
-3.546169852007252 47.88869391132952
-3.5461799102912823 47.88861083735401
-3.546167507706297 47.88858595769404
-3.54605585812157 47.88836198795651
-3.546030276147343 47.88829103770643
-3.5459029349514006 47.88793786364655
-3.545890445732842 47.887750926520795
-3.545862858508233 47.88733800425096
-3.5458159494209873 47.88663587465813
-3.545791607081993 47.88660611067199
-3.54561022532354 47.88638433066367
-3.5450749891640614 47.885729884037296
-3.544991264179996 47.88554136420563
-3.5449886541815196 47.88553548738786
-3.544821855682623 47.88515991460889
-3.5444988738587644 47.884602585588766
-3.5444944551985467 47.884594960863815
-3.544472982238374 47.88455790768321
-3.544523832452085 47.88433699796357
-3.5446799221190792 47.88412093112143
-3.5447149398486677 47.88410491237279
-3.544879970212578 47.884028916449004
-3.5447059991517516 47.88386295476249
-3.5442209663440503 47.88379087039361
-3.5441243499086466 47.883696167154945
-3.544069835647875 47.88364273238449
-3.5439199628812066 47.88349582739538
-3.543463987338483 47.88328683860496
-3.5429478483560946 47.88319687284224
-3.5428032877962075 47.883163682508254
-3.5424628217755236 47.88308551332472
-3.542276923558345 47.88304283208496
-3.54143389034496 47.882963855928864
-3.541142787879741 47.883010014285354
-3.540935819020923 47.88304283208496
-3.54049195067194 47.88307691849195
-3.540200431728332 47.883123341211714
-3.5398018406287246 47.88318681455821
-3.539485936004354 47.883352962509235
-3.5393078671241076 47.883442928271954
-3.539241929484351 47.88347682841443
-3.5389745930585685 47.88349212510945
-3.538961973912164 47.88349284716307
-3.538911205748913 47.88347735932306
-3.538748887302329 47.88342784084591
-3.5386759470128535 47.88334804623845
-3.5386438341135644 47.88331291563763
-3.5386432109273045 47.8832902067303
-3.538629864274633 47.88280385470697
-3.5386978508240996 47.88206196312745
-3.5387247678455465 47.88197150428488
-3.5388228343164063 47.88164193663691
-3.5392758296268245 47.88113697352566
-3.5399149031918102 47.880592894865416
-3.540033838649913 47.88051181108882
-3.5406189830739567 47.88011289119973
-3.5415259050173886 47.87963381885664
-3.5419391540766223 47.87948075558549
-3.542232965131841 47.8793719309428
-3.5432188632313655 47.87909886715782
-3.544024195881599 47.87894455111101
-3.5443299310877157 47.878885966812504
-3.5446389439248804 47.878775884481726
-3.5449729162076022 47.87866989997037
-3.545155827965345 47.87851697680019
-3.545202475508204 47.878419287750965
-3.545325887471271 47.8781608390397
-3.5455209064227544 47.87775496865261
-3.545772922317078 47.87714998149462
-3.5457810125431335 47.87713164938664
-3.545877975505843 47.876911935439225
-3.5458939942544845 47.87685195826408
-3.545956951661936 47.87668990813248
-3.546032947585723 47.876477939109755
-3.546148990381114 47.87620990446679
-3.546241538593806 47.87608632090825
-3.5464889231284467 47.87575597783378
-3.5465768399814555 47.87564291527069
-3.546762918236023 47.875366871253405
-3.5468198095215904 47.87517463474671
-3.5468499037664363 47.87507294584229
-3.5468219640885734 47.874828939322285
-3.546835933927505 47.87480286228961
-3.546896842425246 47.874693897545946
-3.5470428738082096 47.87465198802915
-3.5470749113054927 47.8746739672424
-3.5471119779447906 47.874685888171626
-3.547154818784181 47.87469091731364
-3.5471939343331886 47.874685888171626
-3.5472499999534337 47.87466186004866
-3.547277939631297 47.8746329890482
-3.5472859490056177 47.87460095155093
-3.547263969792365 47.874551963982405
-3.5472099530818304 47.87452085780772
-3.547284831418503 47.87435899394063
-3.547314820006076 47.87429585026866
-3.5473136752977426 47.874246451701346
-3.5473099771285796 47.87408686147825
-3.547297869934839 47.87359698579304
-3.5471939343331886 47.87331498131115
-3.5470588925568514 47.873082895720366
-3.546967936201334 47.872907247860354
-3.5468398454824057 47.872659888997525
-3.5467208224547093 47.872511994969365
-3.546640914976021 47.87240098131599
-3.546670903563594 47.872391854354554
-3.5466889712219456 47.87237099272842
-3.546684873402526 47.87235292507007
-3.546661962866678 47.872334857411715
-3.546633836924296 47.8723288969471
-3.5466148379433493 47.87233187717941
-3.5465529981230124 47.87228382093349
-3.546498981412477 47.872241911416694
-3.5461998405948245 47.87205695074924
-3.5461646630698818 47.87202102976159
-3.545864936989507 47.87171496909219
-3.5456369492181454 47.87145196359125
-3.545650919057077 47.87144283662981
-3.545661908663703 47.871422906326266
-3.5456538992893822 47.87139999579042
-3.5456298711664203 47.87138583968697
-3.545603980398267 47.871381928132074
-3.5455728742235797 47.87138788859668
-3.545539905403701 47.87118486027088
-3.545530672927507 47.87106926966892
-3.5455259355647697 47.87100995788745
-3.545599882578847 47.87067989715963
-3.545603980398267 47.870569814828855
-3.5455969023465417 47.870279987237154
-3.545561641547457 47.87015087048757
-3.5455589043846483 47.870140847641395
-3.545526866887365 47.87002387352341
-3.545445841821562 47.86987299926295
-3.5453199270066604 47.86963886476246
-3.545167935159086 47.86938796645525
-3.5450202551584833 47.86914310198292
-3.5448138463083025 47.86880086069109
-3.5446918430483008 47.86869282727002
-3.544569839788299 47.86858386252636
-3.544243876879898 47.868297946489555
-3.5439328151330236 47.86805487129215
-3.543836888905694 47.8679548472454
-3.543803519376991 47.86789183995052
-3.5437219636974175 47.86773784908066
-3.543659937612562 47.86757393630387
-3.5436569573802568 47.86731186212551
-3.5436778190063944 47.86707493365723
-3.5438406020201563 47.866921623244984
-3.5438858764742136 47.86687898338315
-3.544049975515529 47.86672885418077
-3.5444329353667707 47.86638892143344
-3.5445918190015515 47.866106916951544
-3.54473691906192 47.86586998848326
-3.54480658985373 47.86580358488955
-3.544883881767479 47.86572991756491
-3.5449729162076022 47.86567590085438
-3.545131986106902 47.86562188414384
-3.5453458177748134 47.86560288516289
-3.5455838638302057 47.865612943446926
-3.5459139245580267 47.8656829789061
-3.546392996901117 47.86586197910894
-3.546814886036848 47.86603799907948
-3.546917890315903 47.86608083991887
-3.547036332311202 47.866144044658334
-3.547288929237923 47.86627883910266
-3.547810842420403 47.86659791022385
-3.5480548489404065 47.86672699153558
-3.5484368774690527 47.866883826260654
-3.548522661862965 47.86695166376936
-3.5486229557236197 47.86703097523073
-3.5488099653007827 47.86728299112505
-3.5488559726369973 47.867313911035225
-3.548920978954158 47.86735693813913
-3.5492098752232613 47.867474843579714
-3.5495392611186705 47.86760089204047
-3.549682987101741 47.86765589269226
-3.550180872161259 47.867785905326585
-3.5507543724442554 47.86797389510416
-3.55083093533287 47.867998991936425
-3.551092823246706 47.86807591918281
-3.5513869349223435 47.86812583807392
-3.551587914338438 47.86813794526766
-3.5518019322708683 47.86814986619688
-3.552019861758199 47.8681539640163
-3.552146894160216 47.86815582666149
-3.5522305915293297 47.86819033749451
-3.5522828672591493 47.868211892281735
-3.55297986908957 47.867938828496754
-3.5531599868795274 47.8678689793021
-3.553575714332722 47.86766458507315
-3.553918828530285 47.86749589147037
-3.5539618556341943 47.867485833186336
-3.553971913918225 47.86747186334741
-3.5542308215997553 47.86753891857427
-3.553971913918225 47.86747186334741
-3.553980854615141 47.86745789350848
-3.5539648358664997 47.8674288362435
-3.554544863578935 47.86714198888411
-3.5546225687534445 47.8670944235545
-3.554799859705564 47.86698589921711
-3.555049826690178 47.86670892387723
-3.555437271812667 47.86616716636703
-3.555526850123558 47.86604191063438
-3.5556969096294844 47.865875948947874
-3.555766725175064 47.8659053809916
-3.5557729055532716 47.86590798644516
-3.5558608224062804 47.86592083869697
-3.555951905756114 47.86591189800006
-3.556029950589611 47.86588284073508
-3.5560878788550467 47.865837950985984
-3.55611786744262 47.865785983185155
-3.5561219652620397 47.8657269373326
-3.5560889964421616 47.86566397992515
-3.5563408260719664 47.865608845627506
-3.5567375918976714 47.865487708716714
-3.557080855006297 47.86538290676585
-3.557307911455063 47.86531398889379
-3.5579648664138808 47.865047816896016
-3.558144473637612 47.86494231210783
-3.558340934477916 47.86482690717638
-3.5586899941866843 47.86461884970856
-3.559048925914964 47.86428897524526
-3.55921151052227 47.86409073174402
-3.5592918148478527 47.86399281465991
-3.5601188293125965 47.86293799868832
-3.560139873899403 47.862912719905374
-3.5603669336520194 47.86263997545779
-3.5606638392954433 47.862323884568895
-3.5609918511135543 47.86197389353753
-3.5610215090808173 47.86194325596293
-3.561380957693926 47.861571934705346
-3.5621159574862413 47.86099693613493
-3.562150004822356 47.86096795460651
-3.5628608292980677 47.86036289171196
-3.563698720215779 47.859808873818906
-3.5638498938944165 47.85970891698544
-3.564057951362236 47.85955897404758
-3.5641268692342982 47.85959082528034
-3.564205845390391 47.8596109418484
-3.5643028892048347 47.859616902313014
-3.564399933019279 47.85960386379668
-3.564482820730273 47.85957499279622
-3.5645539737765635 47.8595299167826
-3.5645979322030676 47.85948297812379
-3.56462196032603 47.85943082405845
-3.564627920790641 47.85937587602532
-3.564600912435373 47.85929783119182
-3.5645308769761965 47.85922686441005
-3.5644589788718295 47.859179925751235
-3.564603276559085 47.859080445573774
-3.5646418906295723 47.85905382467182
-3.565121894295258 47.8586369646781
-3.565319893479047 47.858349931054185
-3.565351448952976 47.85827681761648
-3.5654679737717205 47.85800683181003
-3.5655519790698285 47.857824851374886
-3.56582895440971 47.85742084363299
-3.5664503740745364 47.85680044380349
-3.56650993749149 47.85674097813832
-3.567522306437987 47.855907403897355
-3.567686942987597 47.85577184384551
-3.5684919782390887 47.85511283997698
-3.568682899371153 47.85493682000645
-3.5688648798063 47.85476582917793
-3.5688959962831053 47.8547394626937
-3.5690088622795537 47.854643825917925
-3.5692279093539994 47.85433593066787
-3.569419948073177 47.85409881593508
-3.569632848418493 47.85367394656704
-3.5700238533589577 47.85297855626836
-3.5707565302848656 47.851675512818986
-3.5712488793860873 47.85079988503754
-3.5715208255839532 47.85047690236144
-3.5715398549006205 47.85045827307441
-3.572282833731536 47.8497309129625
-3.5723779885799867 47.84963799900451
-3.572709938273801 47.849313866704264
-3.5733389535547557 47.84879996289611
-3.5734570754597264 47.84871897183642
-3.573799958239495 47.848483872007215
-3.574272883853455 47.84818789768639
-3.5745740849793264 47.84802964375591
-3.5751598754933447 47.84772186385963
-3.5757137074551246 47.84735130168416
-3.5758009979680403 47.84729289667218
-3.5762739235820007 47.84691496596295
-3.5766589323429523 47.84648786142069
-3.576769945996328 47.84630383207583
-3.5769617368116937 47.84606600295886
-3.577698340919452 47.84515258119685
-3.5785156041142705 47.844139138589654
-3.5787858868864006 47.84380397596517
-3.5797969306960016 47.842815842691415
-3.5800891283010783 47.842633385798635
-3.5805319304883167 47.84235688691639
-3.5807878579375414 47.84215683882289
-3.580944878927131 47.84204396252432
-3.5810769404711635 47.84191394989
-3.581112702075115 47.84184915827814
-3.5811719353758975 47.84174184147437
-3.581206953105486 47.84174482170667
-3.5812389906027686 47.84174389038407
-3.58129989910051 47.841731969454855
-3.581334916830098 47.84171799961592
-3.581383904398618 47.84168093297662
-3.581398991824664 47.84166081640856
-3.5816128234925753 47.84163082782099
-3.5817989017471428 47.84155390057461
-3.581926865471755 47.84145182761815
-3.58197883327258 47.84132982435815
-3.5820582750403385 47.84120606654543
-3.582168823082048 47.84103385003732
-3.5822619553415915 47.84096698107496
-3.583008876063128 47.840426813969614
-3.5833238493649033 47.840199943785365
-3.5833742810184415 47.84017630884722
-3.5840428304085767 47.839862991270344
-3.58475598560039 47.83960412380403
-3.5858998876638686 47.83918889997577
-3.586144958862332 47.83907712949417
-3.586730999948032 47.83880985167943
-3.587143948386847 47.838621910779665
-3.5879532344666583 47.838252364718386
-3.5881339443057914 47.83816984679184
-3.5898649004816616 47.83768984312616
-3.590120211564198 47.83754393791184
-3.5903808531995307 47.83739498639245
-3.5905419720085407 47.837302971720014
-3.5911369008825025 47.83683488898355
-3.5915818868186 47.836486946861896
-3.591619670772246 47.83645722071931
-3.5920229611997967 47.83613993606284
-3.592717019208331 47.8355219491304
-3.59362893388336 47.83470998334982
-3.594122838597639 47.83426954061539
-3.5948558582705825 47.8336158655647
-3.5959073024717494 47.83267946487664
-3.5959538876105968 47.8326379768395
-3.596011815876033 47.83258582277416
-3.5960229917471778 47.83257595075464
-3.5960479511927357 47.83254782481226
-3.5971789493526285 47.83146581422088
-3.597251036441227 47.83141047958405
-3.5982209130723977 47.83066599437593
-3.599563906762766 47.82989752859857
-3.599662972979165 47.82984084255638
-3.6015222729791563 47.8288337234971
-3.6041413033552896 47.827415084542295
-3.6063094341582262 47.82624068242609
-3.6077969582631506 47.82543494162191
-3.6078118594246775 47.82542693224759
-3.608269072173401 47.82518061098813
-3.6088718908027984 47.824855845232065
-3.609172894265642 47.82469398136498
-3.60930793604198 47.82461798544119
-3.6106042073423943 47.82388915732608
-3.6118824078169904 47.82317048952688
-3.6130663606219855 47.82250481244912
-3.6137259441701906 47.82213396181466
-3.613957843496453 47.822003949180335
-3.613997890368057 47.82202387948388
-3.614038868562256 47.8220309575356
-3.614079846756455 47.82202797730329
-3.614113933163447 47.82201791901927
-3.6141349810541046 47.82200599809004
-3.614150999802746 47.821991841986595
-3.614155747763577 47.821985123174095
-3.6141608718222575 47.82197787214766
-3.6141679498739823 47.82195589293441
-3.6141649696416778 47.82193186481145
-3.614157891589952 47.82191696364992
-3.6141429904284257 47.82190094490128
-3.6147708881222655 47.82157293308317
-3.615775544292639 47.82086758959611
-3.6164858255494945 47.82036891923179
-3.617095869191053 47.819950286044566
-3.617129928256495 47.819926913528
-3.617806999783374 47.819460879701246
-3.618066269668613 47.81927470403221
-3.6185159225430175 47.818951818770586
-3.6190939013457424 47.818537939009175
-3.619098043733425 47.81853533510905
-3.6192879889746306 47.81841593574917
-3.6199168179910663 47.81802086870419
-3.6201683634219 47.81787127554824
-3.621103881771204 47.81731492617685
-3.62137191641417 47.817158836509854
-3.621955885240492 47.81681915056706
-3.623232932571506 47.816076311211475
-3.6247809296424895 47.81517586443967
-3.625031127303618 47.81499095808599
-3.625052875840355 47.81497488502357
-3.62506502676372 47.81497014653657
-3.625598817145798 47.814761984678256
-3.625199283723419 47.814729972114755
-3.625061816537272 47.81471895757434
-3.624429821024011 47.81466997000582
-3.623933984874203 47.81465488257978
-3.623552737496211 47.81455783273666
-3.623167878907201 47.814459863628294
-3.6231639673523 47.81420393617907
-3.623223944527446 47.81407392354475
-3.6235158210288545 47.81378782124343
-3.623835853275267 47.813585612792714
-3.6241219257739616 47.813404861392186
-3.624960861167927 47.813042949431605
-3.62508754387027 47.81298191559778
-3.625369898051841 47.81284588157041
-3.6261970291554566 47.81241216175194
-3.626229881336463 47.8123949351697
-3.6262797388049406 47.81244025184357
-3.6266368693106665 47.81276485650461
-3.626860945527127 47.81302097021835
-3.62693992168322 47.81311894535539
-3.6270083774338793 47.81320026381079
-3.6270453666875246 47.813244203274515
-3.627047416683973 47.81324663846138
-3.6270568958012066 47.81325789868663
-3.6270578310989414 47.81325752162035
-3.627072765759484 47.81325150069603
-3.6271075818779246 47.81323746454078
-3.6271498602123873 47.81322041998518
-3.6271968943169464 47.8132014581358
-3.627458854633395 47.81309584855502
-3.6276179245326943 47.81302786200556
-3.6276713912438674 47.81300344811798
-3.627952828138013 47.812874938835385
-3.6282119220840614 47.812753866897985
-3.6285490487631606 47.81260596616135
-3.6286449870909374 47.812563877088515
-3.628826967526085 47.81248788116473
-3.628676838323701 47.81220997450225
-3.6283698743962463 47.811596977969934
-3.628267504000033 47.81140206936245
-3.6282379991167337 47.811345893398205
-3.6281988835677255 47.81127194638413
-3.6282368815296193 47.81125890786779
-3.628320133901111 47.811240396793174
-3.628726943479335 47.81114994312413
-3.6291039428659664 47.81106593782602
-3.629488951626918 47.8109798836182
