44.04455698688369 36.193970443395784
44.04535596919111 36.19407198266846
44.04570222320868 36.19411581804097
44.0459238897098 36.19414388077283
44.04698082263536 36.1942784600886
44.04728287564105 36.194316920511056
44.048081303000934 36.19443472348248
44.04932042947424 36.19461754885628
44.04948582610829 36.194641952096866
44.05054208385381 36.19477810338482
44.05147997404963 36.1948989971332
44.05187549488825 36.19495012190508
44.05280282466418 36.19506998796172
44.05310708242799 36.19510931078168
44.05433945596877 36.195268584951926
44.0544659805551 36.19528493721675
44.05555334101795 36.19542512264038
44.05676895506909 36.19558184286017
44.056858860502516 36.19559342184523
44.05776398013005 36.1957099928493
44.05797146995154 36.19573742403774
44.05912342522608 36.19588971826585
44.05974490329053 36.19597188076314
44.05999095872024 36.19600596717013
44.06012097135456 36.19602384856397
44.060323071867394 36.19605127970938
44.0615773946233 36.19622152920273
44.06212592263801 36.19629598102635
44.06286595157234 36.19639693639569
44.06286954996878 36.19639741948822
44.06323084376523 36.19644592396421
44.06412584477944 36.196567927224216
44.064166594550315 36.196573468041464
44.06548662476872 36.196752954847
44.06683955609944 36.196936915274016
44.06822804928724 36.19712571110862
44.06962655492196 36.19731586835304
44.070347824775006 36.19741394066991
44.0708708555446 36.19748490745168
44.071061780184806 36.19750963875318
44.07228292686379 36.19766781920942
44.07252281753524 36.19769912879968
44.07278099818783 36.197732825526586
44.07327087387303 36.19779596919855
44.07375888691303 36.19787494535465
44.07396995230438 36.1979093658704
44.07453784513186 36.19800197775666
44.07541991647759 36.19812409788012
44.07686304623503 36.19832389485232
44.07815827722017 36.19850321568457
44.07949163791246 36.19868781546002
44.080689896367325 36.19885371073726
44.08199616467845 36.199034559654066
44.08312038962951 36.19919020521549
44.08428558193744 36.19935152258418
44.084583835704265 36.199392814920685
44.08555547228409 36.19952684013384
44.08556284201658 36.19952785669702
44.08634496673223 36.19963589011809
44.08688421208424 36.19971060397441
44.08824668564766 36.199899378256234
44.08845292229473 36.19992795288402
44.08966692413602 36.20009564392106
44.08989982507899 36.200127814713
44.09112584339466 36.200297566598806
44.09223919629163 36.20045171907061
44.09336833696373 36.20060805748414
44.09451961333079 36.20076746075887
44.0956540854438 36.20092453735236
44.09677948571975 36.2010803578786
44.09793464769422 36.201240299146264
44.098494815047715 36.20131785872544
44.099079427086 36.2014185696094
44.10022087742428 36.20161520680646
44.101388317995905 36.201816321330696
44.102577528533594 36.20202118615836
44.10377745689689 36.20222789734159
44.10498385725516 36.20243572345282
44.10618747425769 36.20264307007646
44.10741401494968 36.202854365755
44.10863678571996 36.20306501199062
44.109849035977824 36.20327384586174
44.11108224138559 36.20348628966822
44.111991914629755 36.20364299871719
44.11232739534751 36.203696298715855
44.11355859110817 36.20389190677595
44.1147987320586 36.20408893601639
44.11544693519429 36.20419192025494
44.1160320969121 36.204292548928365
44.11626687160731 36.204332922495894
44.11715181433749 36.204482865433754
44.11726386552453 36.20450197532734
44.11756792927313 36.20455383221553
44.11847380344504 36.204708883105866
44.11970069592362 36.20491888000946
44.12037884713066 36.20503495346833
44.120922925790914 36.20512287032134
44.120928914995126 36.2051238384277
44.122147148946226 36.20532075608091
44.123332714710905 36.205512393186325
44.12450484066257 36.2057018578548
44.12567397487925 36.205890838933534
44.12567591576936 36.20589115185647
44.12623891516564 36.20598192228336
44.12712805280077 36.20612564958049
44.12854407159085 36.20635454614874
44.12995555512312 36.20658270960175
44.13134082188133 36.20680663516635
44.13203490820605 36.20691883281437
44.13220887926688 36.20694695875675
44.13271760194217 36.2070299593797
44.13320781588274 36.207109940210955
44.13410909780099 36.20725755094435
44.13487395200597 36.207382817731414
44.13544140927123 36.20747152192919
44.135974961578285 36.20755492614705
44.13672989167414 36.20768195854907
44.13677914749136 36.207690339419585
44.13811743920686 36.20791804957079
44.138556960341866 36.20799283403142
44.13945138123145 36.20809920059123
44.13975985660612 36.20813588518208
44.14035385415749 36.20828489679735
44.14076271481379 36.20835720524615
44.14086887555276 36.20837598014718
44.141420963587336 36.20847395528422
44.142038989261664 36.2085849689376
44.142071061377266 36.20859058857069
44.14267787656213 36.20869691391357
44.14321990631267 36.20879097749571
44.14338869062721 36.20881790048908
44.143783915276465 36.20888094325843
44.14440194095079 36.2089919569118
44.14471263983391 36.20906372047225
44.14495998944998 36.20912085195901
44.14600258394333 36.209354906036104
44.14671981662631 36.20951591900399
44.14710296274207 36.20960197321181
44.14731465742963 36.20964970343926
44.14742184759874 36.20967387131618
44.14754496844586 36.209700879671445
44.14796089711698 36.209791963021274
44.14820490363698 36.2098448621447
44.14862372813511 36.20993548602847
44.14864392910847 36.209939857049434
44.149731900164454 36.210242909421986
44.14997020237536 36.2103091754113
44.151352581923334 36.21069358119588
44.151504952121634 36.21073595160401
44.15239887108809 36.21103025023419
44.15343171555644 36.21137028632653
44.154359828405674 36.21167584236732
44.1544844493419 36.21172294063096
44.15580959071021 36.21222375421342
44.157089972506114 36.21270765171256
44.15830086252341 36.213165286031455
44.15939038490784 36.213577051614784
44.16054606632843 36.214013820827695
44.16159612252774 36.21441067086917
44.16234796857122 36.21469481769267
44.16274225359602 36.21483896263339
44.16373787441264 36.21520294730074
44.16392932888611 36.21525114969093
44.16465895245952 36.215434846627
44.16505775568416 36.215484276268846
44.16632995598099 36.21564195905863
44.16771278624328 36.21581335387286
44.168883016191664 36.2159583979539
44.17007329625494 36.21610592714522
44.17081592613792 36.2161979723617
44.17128644797808 36.21626230120105
44.17189085867757 36.216344935067255
44.17254808876474 36.21643059102503
44.173760289783374 36.21658857563543
44.17494929183847 36.21674353675454
44.176165782520115 36.21690208043125
44.17735459390564 36.21705701670064
44.1785209902261 36.21720903164323
44.17970259382877 36.217363028531494
44.18092356931039 36.21752215670645
44.18218430471124 36.21768646674089
44.183467264507605 36.217853673252414
44.18475158691227 36.21802105735093
44.18601697354057 36.21818597357391
44.18605515764096 36.21819622735132
44.186634999214895 36.218351935260415
44.18722297781869 36.21859385421626
44.18830350152458 36.21903842679936
44.1893922248247 36.219486373038
44.190437045385025 36.21991625585579
44.19090995619245 36.22011083111415
44.19147851513532 36.22032284626616
44.19250587059198 36.22070594625263
44.19251593921552 36.220711077624614
44.19355664708562 36.22124146384724
44.19404199408088 36.22148881602635
44.19453186976608 36.22160690773145
44.19465992433821 36.221606500886104
44.1954698978842 36.221603927499146
44.19584685631741 36.221602639152785
44.19666888259356 36.221599829679725
44.19710463765141 36.22150932965598
44.197303858339126 36.22146795440021
44.198007938221274 36.2211429228144
44.198262754995376 36.2209905564039
44.19913185832944 36.22047088042954
44.19937818686052 36.22034845836128
44.20052458157292 36.219778715136194
44.20083189459515 36.21962598457097
44.20168982897005 36.21936297907001
44.20175710238086 36.21935225332564
44.20259991741031 36.21921787900965
44.20307974117123 36.21918379014799
44.20356998302571 36.219148961137584
44.204194671377195 36.219199670810696
44.20441897670371 36.21921787900965
44.20499397527413 36.21939091874788
44.2052834006365 36.219515873375066
44.20584390027472 36.219757859850475
44.20640699141143 36.219897381748666
44.20693392024042 36.22002794340315
44.20757479988314 36.22006441538476
44.20882421695388 36.220135518776715
44.20923484584469 36.22015888736007
44.21006766691098 36.22026963032843
44.211062845835 36.22040196255748
44.211269840544055 36.22040907201909
44.21204986152164 36.22043586269995
44.21250031289265 36.220375307515646
44.21378438126172 36.22020268733563
44.21508392178487 36.220027987199366
44.21611787861849 36.219888990071915
44.21640761512331 36.219855779676465
44.21774216113683 36.21970281034014
44.21909052916279 36.21954825668671
44.22042540236176 36.21939524984748
44.221711677722425 36.2192478134262
44.222950150790936 36.21910585623519
44.224063809586085 36.21897820559964
44.22409186268058 36.21897499007676
44.22471789772923 36.21907892567841
44.22529362069488 36.2193000322948
44.22578295824937 36.21948796256232
44.226396279719985 36.21964015151285
44.22698399186844 36.21978598579286
44.22758213628491 36.219831220810825
44.22798888894891 36.21986198171665
44.22887345154204 36.21982456174528
44.22914689546407 36.21981299414813
44.22981688893922 36.219653924248824
44.23012530848699 36.21954054618641
44.23140130616699 36.21907147687593
44.23224596453263 36.21876097214433
44.23244562457075 36.21872103218054
44.23318082615392 36.21857396256716
44.23377605344978 36.21855298722955
44.23397896961821 36.218545836624784
44.23491283531427 36.218717850644815
44.23611451106185 36.21893919411741
44.23694895737504 36.21909289551734
44.23729674306159 36.21913272963795
44.238418310117424 36.2192611898912
44.23851991232902 36.21927282704278
44.23957695190108 36.219433488193665
44.2402968758411 36.21954291059545
44.24073986860194 36.219672853842766
44.241145869519094 36.21979194625747
44.241781962851775 36.220082891436284
44.24195725145881 36.22021080292269
44.24275091088006 36.220789951550735
44.2427950918107 36.220830651908955
44.243703926212945 36.22166788836368
44.243892898646585 36.22184197355454
44.2443673542414 36.22241504196099
44.24505901341044 36.2232504584302
44.24574398001319 36.224077791322465
44.24642502014666 36.22490038165186
44.246827868673826 36.22538695988179
44.24710069687158 36.225768399173376
44.24776643169829 36.22669915861388
44.24843415713776 36.22763270111687
44.2490826484918 36.22853935257273
44.24966095200913 36.22934787488016
44.249718441722315 36.22941977016928
44.2503921420081 36.23026228397126
44.25103390777931 36.2310648612171
44.251086393277525 36.23114911009096
44.25166603994124 36.23207954955176
44.251960946290815 36.23255292846008
44.25219081126805 36.23309072105963
44.25247596768609 36.233757873634055
44.252606453522326 36.234173402132456
44.252775853561815 36.23471285182341
44.25286315604496 36.235271187579144
44.25303078203442 36.236343225625944
44.25318347307053 36.23731974842311
44.25322288840762 36.237571825926864
44.25351495117355 36.23818184222687
44.25366753248945 36.23833849438816
44.25389195056018 36.23856889989754
44.25477548053749 36.23900002796758
44.25573944664029 36.23947040572063
44.25691370311215 36.24004339694836
44.2580056007413 36.24057620028229
44.25900397486537 36.24106336780387
44.25945399536462 36.24128296020515
44.26019389134597 36.24156164439675
44.26124793732224 36.24195865419029
44.26180595744712 36.24216883425792
44.26221797456334 36.24222396855557
44.26238631822083 36.24221282385351
44.26372289730752 36.24212433952373
44.26430283332548 36.24208594654693
44.26503739694227 36.24196434847918
44.26623935108231 36.24176537959806
44.267357822061626 36.241580230338265
44.268482981662814 36.24139397385852
44.26852724882442 36.241390919086456
44.26909299796282 36.2413518780772
44.269684147583575 36.24142088893602
44.26968494660448 36.24142098221379
44.269693746627475 36.24142515862748
44.27080327348042 36.2419517303353
44.27181875268454 36.2424336678543
44.27284969041348 36.24292294185353
44.27285181595799 36.2429239506183
44.27410809853996 36.24320808873894
44.27519240779793 36.243453331011
44.27563293149247 36.24355296589925
44.27600192150478 36.24375394531535
44.27630517573626 36.2439682469134
44.27723120827199 36.2446226491662
44.27794186647107 36.24512485217582
44.27816553434125 36.24533243695587
44.27892575389756 36.246037992068715
44.27930699913145 36.24639182343465
44.2797027109302 36.24683134028
44.28046674481432 36.2476799522333
44.28114786227743 36.24843646897008
44.28183287764188 36.24919731510342
44.28258950717131 36.25003770304464
44.28336481602718 36.25089883810196
44.28402004790996 36.25162660374099
44.284807609179055 36.25250134754595
44.2855567762298 36.2533334469168
44.28636720179121 36.254233586076815
44.28724901257704 36.2552130127606
44.28796225629735 36.256005212110985
44.2884049033017 36.2564968598596
44.2886543462343 36.25676251474055
44.289332075014805 36.2574842908864
44.28966591409592 36.25783982704222
44.29016591394269 36.25826315421809
44.29018093549119 36.2582758722814
44.29073898399038 36.25863592159679
44.29116815583642 36.25883311922195
44.292302790796015 36.25935446590749
44.293193950351935 36.25976393952438
44.29351794489577 36.25992069897153
44.29449216502171 36.26039205940415
44.29549446185858 36.26087700429294
44.29648921796486 36.261358300722875
44.29772370314773 36.26195558613544
44.29882820124138 36.26248997942642
44.29998738223039 36.263050830139626
44.3005908869339 36.26334282599411
44.30088797884184 36.263482896912464
44.30106956771339 36.26352354191095
44.301106839651766 36.26353188448098
44.30141194093403 36.26352294378407
44.301893993509424 36.26346594684122
44.302247054857816 36.263389276077895
44.30276887795558 36.26327595703176
44.303434256288874 36.26300630520507
44.30363985084682 36.262922985768085
44.30408092522802 36.26262682518274
44.30448166005136 36.26237747742034
44.3053959730731 36.26180856777527
44.30638237895215 36.26119480005546
44.307393747778114 36.26056549973257
44.30810181740154 36.26012492016237
44.308414109710526 36.259929717394925
44.30940246842646 36.2593119296652
44.3104142015663 36.25867953141802
44.31146578825648 36.258022222140056
44.311723917239696 36.257860874932874
44.31243283999934 36.25747791508163
44.31259945027512 36.25740348978708
44.31322092517959 36.25712587514056
44.31382289590668 36.25688950760011
44.3144789557415 36.25663190163594
44.315086074366434 36.25652153848199
44.3163438361066 36.25629290021121
44.31643022454267 36.25628125343419
44.31783295679397 36.25609213888956
44.31896886197408 36.25593899762494
44.319233709589035 36.25591240463616
44.32064907420631 36.255770289800104
44.32200845388274 36.2556337963358
44.323233301738846 36.25551081102859
44.32447675810028 36.255385957266675
44.32579576375029 36.25525351770345
44.32713576014188 36.25511897048842
44.32822192448874 36.25500991020374
44.32839339106949 36.25498020670332
44.329422958107806 36.25480185273592
44.32954774675189 36.254748613993435
44.33061903499811 36.25429156888743
44.33169949140664 36.253830612356346
44.331740833783314 36.25381297440409
44.33256700133679 36.25318586387134
44.33288189022724 36.25294684439034
44.333251425284125 36.252372828813726
44.33370592445968 36.25166683461517
44.33378060719549 36.25145539671596
44.33414753087579 36.25041658136882
44.33452995869211 36.24933387151362
44.334542815106616 36.24929470199561
44.33483352477255 36.2484089995711
44.3351299968705 36.247505740798786
44.33542587617947 36.24660428807108
44.33572261020375 36.245700231290265
44.33602330761752 36.244784099287706
44.33632835785554 36.243854705576105
44.33639297641202 36.243657832823494
44.33669054388441 36.242930540080714
44.33704748843507 36.24205812220786
44.33749353302163 36.240967932516874
44.337907016121456 36.23995732724014
44.338310537131235 36.23897107057832
44.338349871449545 36.2388749325024
44.33870881165161 36.23800379529611
44.33911013741515 36.23702978959139
44.339396864311325 36.236333911933016
44.33960061608536 36.23609153761103
44.340289482193725 36.23527209220135
44.34094124058186 36.234496788535075
44.341258950708635 36.23411885427204
44.341681917840845 36.233709420253064
44.34246163158251 36.232954653968434
44.34263283780142 36.23278892560577
44.343172818642245 36.23252592010481
44.34345340206087 36.2323751885447
44.3444869148244 36.23181997757748
44.34457047374535 36.23176390041686
44.34544884465162 36.231174417620345
44.346219919909984 36.2306569419203
44.346387001756874 36.23055001857696
44.34726704152379 36.22998684073387
44.34814586396339 36.2294244419144
44.34906982886111 36.22883315436382
44.34924988484196 36.22871792827661
44.3501255502442 36.22827770353572
44.35109472859912 36.22779046687079
44.352153738838986 36.227258068871215
44.35289787544827 36.226883967821685
44.35322583113218 36.226725873761445
44.3542909714069 36.226212413074485
44.35525958080594 36.225745485985875
44.35630992929266 36.22523915581665
44.357351832628666 36.224736896710176
44.35736839034128 36.22472749667094
44.35837077699923 36.22415842809595
44.35929633862887 36.223632974137175
44.35972987174384 36.22338685147584
44.360181430035915 36.22300846093414
44.36082883240645 36.22246595969347
44.36094027439774 36.22234133973859
44.361428976686945 36.221794848631205
44.361661876560575 36.22143087139899
44.36223138835026 36.22054083517144
44.36264789169985 36.21988992139451
44.3628117621386 36.21963658446639
44.36342904887598 36.21868228467317
44.36395752909392 36.217865276090016
44.36449516011648 36.217034120740976
44.36503447691568 36.216200359250905
44.365334943652186 36.21573585008984
44.36568376191877 36.215203079231635
44.36632407133089 36.21422509663242
44.36684936775247 36.21342278020535
44.367387712626346 36.21260053410202
44.36796674771911 36.21171613941041
44.36859903502536 36.210750409449986
44.36900789370405 36.210125935304
44.36923398866984 36.20976852185543
44.369861051330474 36.20877725419403
44.370488969789115 36.20778463367756
44.37052799844432 36.20772293674327
44.370951832921186 36.206719109884446
44.37102495218125 36.20654593124715
44.37132595564408 36.20574182731826
44.37134581361488 36.205610065629386
44.37147198702705 36.204772879289976
44.37145876020571 36.20463946299804
44.371368982747995 36.20373389580251
44.371359219125885 36.20366235930724
44.371233255510774 36.20273944407526
44.371196874332355 36.2024728850083
44.371161276259514 36.201800370064625
44.3711279564603 36.20117089601988
44.371082917519274 36.20077152010406
44.37098192507733 36.19987598508319
44.37098171058422 36.199872187786646
44.37092417596537 36.19885361888279
44.37086467051857 36.19780015926272
44.37080577475874 36.19675749328677
44.37074888507732 36.195750342086086
44.37069393681142 36.19477756089682
44.37064145801417 36.193848498150544
44.370638825833176 36.19380189911578
44.37075095707367 36.192858841855646
44.37079493561558 36.19275081637181
44.37105587209141 36.1921098722244
44.37122735306648 36.19175396081911
44.371661783982866 36.19085229276008
44.3718599760203 36.190440942133385
44.372152410365416 36.19005620681137
44.37235096929262 36.189794976781194
44.372876864811694 36.189251655853994
44.37356816317392 36.188537451504445
44.37413296194672 36.187953938274546
44.3743852360394 36.18773422550605
44.375324388508695 36.18691629058899
44.37610002990719 36.18624076216981
44.376899420287465 36.18554455007884
44.377727340583256 36.18482349046327
44.37854292688766 36.18411317287581
44.378913999622625 36.18378999495037
44.379340040800926 36.18344449252578
44.37972294642902 36.18313397131415
44.38009658241581 36.182750349168174
44.38017594173944 36.18266886880999
44.38065389649542 36.18211193789792
44.380782518866766 36.18185255234202
44.38106796252134 36.181276914058856
44.38115417701363 36.18099326275249
44.38132482129316 36.18043183193576
44.38138795663792 36.18010775607312
44.38156586974745 36.179194522057266
44.38174777821484 36.17826077973416
44.3818638708114 36.17766487250473
44.38199867222142 36.17739301743341
44.382164874274245 36.17705783643703
44.38255584349981 36.17658099926817
44.38264467981152 36.17652021652857
44.38297698757746 36.17629284805714
44.38337298594504 36.17609782910566
44.38363225557327 36.17605498887876
44.384044842065386 36.17598681545228
44.384723863678055 36.17609046277771
44.3853419881763 36.17618481463607
44.38582442200386 36.17628209881287
44.386130818414635 36.17634388453537
44.38691342457403 36.17673510908746
44.38705897451324 36.17680786945241
44.387900697163595 36.17719518925199
44.38892414980799 36.17766613235058
44.38969294107764 36.17801989267811
44.389942121231854 36.17807370282783
44.38995985216268 36.17807753180067
