37.20146174289666 56.00737924275304
37.2007279589935 56.007593818178634
37.200564977539294 56.00764187442456
37.20017587095892 56.00720396654019
37.19994844519455 56.00694642918093
37.19989591538673 56.0068869443287
37.199263919873474 56.00618193312396
37.19919064824223 56.006098232005
37.19846701345979 56.00527159501082
37.19770174261091 56.00439739547037
37.197359923959375 56.00400692233459
37.19720085406007 56.003825873222034
37.19711889767167 56.00373385854961
37.19691495688851 56.00350720086689
37.19659884713438 56.003155879746885
37.196119844850784 56.00262446181002
37.19552987505935 56.00196993355386
37.19538995940617 56.001814422290195
37.19466105282853 56.00100426859823
37.194533918675795 56.00086296351693
37.193933542823395 56.00019636514596
37.19381791786442 56.00006798654947
37.193419870587135 55.99962486325856
37.1933628736443 55.999563954760816
37.19319352543376 55.99937883476869
37.19244887364914 55.99856483188044
37.1923759246662 55.99848514648787
37.191618323014346 55.99765758477818
37.19126888792073 55.99727588140836
37.19085627448034 55.99682407179846
37.19072182902817 55.99667685471498
37.19004916752607 55.99592671144009
37.18929507724339 55.99508575985829
37.18883794968213 55.9945759772042
37.18856682906204 55.99427399960717
37.188477900366735 55.99417494969461
37.18779137233188 55.993399075994816
37.187594820281745 55.99317694440135
37.18703671678518 55.992544660321094
37.186435882443995 55.9918639658063
37.186319116171525 55.99173251938109
37.18630698739678 55.99171886574594
37.18610991953559 55.991494975794
37.18551953137351 55.9908245575957
37.184724025779175 55.98992121728245
37.1839355781202 55.989025891642605
37.18338784985366 55.98840391609976
37.18312655549691 55.98811327943875
37.18253196438846 55.9874519181427
37.18235482683081 55.98725391895891
37.182307409270635 55.987201141444565
37.181512444860466 55.98631631638376
37.18130187350441 55.98608194260483
37.18074941142006 55.98546686296813
37.17999352429776 55.98462530154746
37.17984584375871 55.98446088249521
37.17949790163706 55.98415298724517
37.179132852414256 55.98382950486201
37.17912984294735 55.98382683807225
37.17912615912338 55.983824327155816
37.178730864347465 55.98355489187438
37.17798189471622 55.98315386436479
37.17797749324176 55.98315160429396
37.177829902868645 55.98307581953129
37.177565966045094 55.98291283807709
37.17747581401786 55.982841871295314
37.17728992202781 55.98270291796408
37.17721690633633 55.98265486171815
37.17687023571501 55.98240782201314
37.176297877199154 55.981999955669046
37.17594490593549 55.981779977272005
37.175801384935994 55.98171154770961
37.17456166075457 55.98112045801875
37.17323495025411 55.98048789400869
37.171935351493495 55.979868256640025
37.17065980674231 55.979260088013525
37.169428461426314 55.97867299329272
37.168725851969256 55.97833799522381
37.16818312426434 55.978079105618235
37.16795192289245 55.97796881894698
37.16768686848179 55.97783787499006
37.16737599299943 55.97768495181989
37.16686898097848 55.97748397240379
37.16686376485652 55.97748232437497
37.166561830786506 55.97738692858935
37.16632881387313 55.977330862969104
37.166146833437985 55.97729491391692
37.16590897364711 55.97726585665195
37.16565285993337 55.97723698565149
37.16532782834756 55.97721388885112
37.16527293423139 55.97721215288334
37.16510989886023 55.97720699706391
37.1638429276014 55.97721798667054
37.16353279887521 55.97721971742032
37.16330890722518 55.97722096690284
37.162150900710024 55.97722599604486
37.162027966127425 55.97722599604486
37.16191897116089 55.97722510749894
37.16189087544138 55.97722487845775
37.16066786260905 55.97722096690284
37.16025627499278 55.97721912183135
37.15954599141059 55.97721593776083
37.15869196859059 55.97721295752852
37.158573 55.97721295752852
37.15856791642088 55.97721295752852
37.15841797348301 55.97721183994141
37.15739184224736 55.977207928386505
37.15720185243789 55.9772058794768
37.15710797512027 55.97720699706391
37.156943 55.97720699706391
37.156916867723695 55.97720699706391
37.156277980423226 55.97720699706391
37.155704844498 55.977203830567085
37.155703106458475 55.977203808949675
37.15563318074084 55.97720293922683
37.15562996616133 55.977202899244496
37.155568321076984 55.97720257415506
37.15549535349448 55.97720218935568
37.15548809531567 55.97720215107919
37.15548060747819 55.97720211159159
37.155478927680875 55.97720210273306
37.15547526196401 55.977202083401664
37.155474214463176 55.97720207787759
37.155471349477025 55.9772020627689
37.15546725492104 55.97720204117599
37.15546123246132 55.977202009416146
37.15545603693362 55.97720198201719
37.155448953338286 55.97720194466138
37.15544297071466 55.97720191311162
37.155433516741674 55.977201863255466
37.15542815732468 55.97720183499222
37.1554259890681 55.97720182355778
37.155424117843886 55.97720181368975
37.155421500964145 55.977201799889464
37.1554173435794 55.97720177796522
37.15541360273529 55.977201758237634
37.15541056931492 55.97720174224069
37.15540668757417 55.97720172177007
37.15540180592225 55.97720169602635
37.15539978925648 55.977201685391336
37.1553910090204 55.97720163908818
37.155389070422494 55.977201628864854
37.15538515205429 55.977201608201085
37.15537372419224 55.97720154793549
37.15537172436988 55.9772015373893
37.15537069077187 55.97720153193855
37.15536879201005 55.9772015219253
37.15536592702391 55.97720150681661
37.1553630115075 55.97720149144144
37.15535821407269 55.97720146614185
37.155356264780615 55.97720145586213
37.15535521433917 55.97720145032256
37.15535416389772 55.977201444782985
37.15535121469446 55.97720142923016
37.15534916434184 55.97720141841749
37.15534504064394 55.9772013966709
37.15531316139029 55.97720122855355
37.15527617857964 55.97720103352224
37.155264963532815 55.97720097437895
37.15520296903996 55.977200647446885
37.155178170441054 55.97720051666983
37.155152855577256 55.97720038317022
37.15507891268056 55.97719999322745
37.15506483961042 55.977199919012186
37.15505805897329 55.97719988600908
37.154997478926646 55.97719959115045
37.154944989794046 55.977199335672374
37.15490748573658 55.9771991531305
37.15483187397711 55.97719878510866
37.154817461454705 55.977198714959215
37.15473339008115 55.977198305762265
37.15471486728411 55.97719821560706
37.15465534934538 55.97719792591798
37.154605828894 55.97719768488923
37.15457426219895 55.97719753124603
37.15450601860985 55.97719719908696
37.15450300769247 55.97719718443205
37.15442497810109 55.977196804642006
37.154409859270416 55.977196731054775
37.15434576643613 55.977196419098505
37.154341911053386 55.97719640033337
37.15428194668513 55.9771961084714
37.15427552299837 55.97719607720567
37.154228152867766 55.977195846643085
37.15422535577678 55.97719583302892
37.15422292398414 55.977195821192765
37.15422141249061 55.9772474867899
37.15422135603987 55.97724941637888
37.15422122478234 55.97725390299998
37.154221152329605 55.977256379566136
37.15422106317744 55.977259426949374
37.15422087507444 55.97726585665195
37.15422080678306 55.97726996779278
37.15422052121944 55.97728715872261
37.154220055020424 55.97731522390341
37.15421994375184 55.97732192227219
37.15421831488951 55.9773489493212
37.15421628514705 55.97738262801084
37.15421411796852 55.97741858712138
37.15421195646907 55.97745445200107
37.154210669564186 55.97747580508947
37.15421006416166 55.97748585028699
37.15420988546781 55.97748881528129
37.15423322127943 55.97750292530692
37.1542364596744 55.977504883406205
37.15425794171374 55.977517872546265
37.154266631402166 55.977520350943315
37.154310840837155 55.977532959972315
37.15434183198812 55.977528652603866
37.154351775239064 55.97752727062081
37.154398129650026 55.97752082795827
37.15442032961981 55.97751774245011
37.154455478842664 55.97751285716354
37.154468979413856 55.977510980759064
37.15449951314032 55.97750961250245
37.15453720135136 55.97750792364394
37.154564804117136 55.97750668672755
37.154641109390695 55.977503267387455
37.154644434510686 55.97750311838444
37.15472151070561 55.977499664498346
37.15474898801075 55.97749843320401
37.15478488403823 55.97749682465561
37.154814181963445 55.97749746086377
37.154815642121214 55.97749749257129
37.15490564528212 55.97749944700136
37.15492756609039 55.97749992301449
37.15499550992383 55.97750139842346
37.15504074243854 55.97750238065326
37.155076318841765 55.97750315319938
37.15514999976837 55.977504753190054
37.15516070048002 55.97750498555737
37.15520040938653 55.977505847841314
37.15525862234948 55.9775071119432
37.155262316139705 55.97750719215432
37.15529096473659 55.97750781426224
