30.30299058506728 60.01498107276731
30.303128322437377 60.01502939559594
30.3032714189437 60.01507959858694
30.303406318150294 60.01512692569386
30.30354482246535 60.01517551759216
30.303622900775583 60.01520291004783
30.30369019849367 60.01522795882627
30.303697965376777 60.0152308497257
30.303879945811925 60.01529883627517
30.30428488487642 60.01544989680014
30.304457665994555 60.01551425847361
30.30485392298223 60.015661865822864
30.304903841873344 60.0156778845715
30.305166847374295 60.01576896792134
30.3051288494124 60.015852973219445
30.30509588059252 60.015930831788424
30.304962887725896 60.01623481548357
30.30488399273346 60.01641615364703
30.304791896897378 60.01662783361885
30.304740860419145 60.016745925323946
30.30450896109288 60.017276965467865
30.304481952737618 60.017339922875315
30.30446225327656 60.01738505084212
30.30404879929621 60.01833220048483
30.30385684901156 60.01877192449805
30.303654516633877 60.01923611750173
30.303264900369904 60.020129979106706
30.30325931434217 60.02014281685734
30.30308999798648 60.0205319379389
30.303063920953807 60.020591915114046
30.302968926049076 60.02080891327878
30.30288194051866 60.02100784378516
30.30283114212419 60.02112418091746
30.302720821709652 60.02137683379747
30.302621915250015 60.02160593915595
30.302406865392193 60.022098975969314
30.302395976388365 60.02212394078353
30.302262983521736 60.02242885580127
30.3020045891729 60.023021403057555
30.301778882036633 60.02353899233503
30.30160796875464 60.023931031310426
30.301478996160903 60.024226867204014
30.301280996977113 60.02468098010155
30.301290868996624 60.02483483459432
30.301341885544403 60.02490349596313
30.30151382762597 60.02513490673456
30.301787822733548 60.02550296542427
30.3021279417454 60.02549290714025
30.302927923782413 60.02542353783695
30.303027971901624 60.02541486230675
30.303431979643523 60.02539698091291
30.303916826186704 60.02534892466699
30.30465983535334 60.02527888920782
30.30477534508522 60.0252682286624
30.30588489709537 60.02516582664473
30.306569582942025 60.02511708110013
30.307132869373252 60.02507697846912
30.307700976156465 60.02509784009526
30.307913876501782 60.02514999416061
30.308288144434524 60.025288313489895
30.308432995716476 60.02534184661527
30.308485894839897 60.02536494341563
30.308772928463807 60.02548787799823
30.30888487343978 60.02553388533445
30.308899960865823 60.025538914476456
30.308942987969733 60.0255549332251
30.308992906860848 60.02557281461893
30.30902792459044 60.02558790204498
30.30907188301694 60.02560596970333
30.309133909101796 60.02563092914889
30.30973319882766 60.02587262233774
30.310725911946427 60.02627298294618
30.310840837154704 60.02631899028239
30.310879952703715 60.026230887164864
30.31097196737614 60.02601686923243
30.311050943532234 60.025833957474696
30.311245962483717 60.02537891325456
30.311326194146613 60.02519291323052
30.31140689502821 60.02500582542284
30.311719667982857 60.024277107284114
30.31174682777554 60.02421382868768
30.312102965536035 60.02338588290034
30.312106993197343 60.02337649911901
30.312315865881352 60.02288986048601
30.31235889298526 60.022789836439266
30.31243488890905 60.02261288514613
30.312473818193535 60.02252198806082
30.312517228850457 60.022420990339555
30.312583900524317 60.02226587434707
30.31272285385555 60.02194084276127
30.312789909082426 60.021785870681384
30.312921255767776 60.02147931104725
30.312983996711313 60.021332875370966
30.313075825119224 60.02111792611594
30.313093892777573 60.02107396768944
30.313169888701363 60.02088695811228
30.313254825322065 60.02067796932186
30.313309482887636 60.020543048844694
30.31331685140692 60.020524859887175
30.313426933737706 60.02025496259902
30.31348393068054 60.02011396035807
30.31359587565651 60.01983996525049
30.313692405826274 60.01960235995776
30.31378195391108 60.019381940798056
30.314024842843967 60.01878291410467
30.31407546188509 60.01865881581032
30.31409990744516 60.01859888475982
30.314178883601254 60.01839995425343
30.31440985160492 60.017819926541
30.314429328326938 60.01777078328877
30.314437977547303 60.017748959759224
30.314641937195702 60.01777093897248
30.31513795961003 60.017822906773304
30.315275981618672 60.01783799419935
30.3162082418515 60.01793669990656
30.316248841201865 60.01794099847841
30.31665899567289 60.01798383931779
30.316794968771823 60.01799892674384
30.316831282094707 60.017909362435105
30.317005820207427 60.01747887620655
30.31714197957088 60.01720394977638
30.31730447598477 60.01722019941777
30.317331969380348 60.01722294875733
30.317889831615012 60.01727789679046
30.31819195266497 60.01730788537803
30.318779989751725 60.01736693123058
30.319128082500775 60.01740331460484
30.319467864620712 60.01743882933495
30.319494393435345 60.01737332898732
30.319509960402023 60.0173348937333
30.319599926164745 60.017115846658854
30.319640904358945 60.01701694019922
30.319666981391617 60.016954914114365
30.3197029304438 60.01686792858395
30.319739997083097 60.01677684523411
30.31976085870923 60.01672487743329
30.320100977721086 60.01675896384028
30.320215902929363 60.0167718160921
30.320441841791016 60.016794912892465
30.32060389192262 60.016811862963706
30.32066575067712 60.0168183912544
30.32132399055341 60.01688785888749
30.32199491535116 60.01695789434667
30.32223184381943 60.01698192246963
30.32227598851046 60.01687388904856
30.322390913718735 60.016588904334355
30.322392848484437 60.01658408009323
30.322518877443347 60.01626983321316
30.32274295365981 60.0157119709785
30.322783726772645 60.01561103753741
30.322818949583596 60.01552384381422
30.32295082486311 60.01519694958322
30.32302793837401 60.01500491086404
30.323165982391775 60.01466128550358
30.323434926348217 60.01399181814473
30.32352740032532 60.01376202459283
30.323595858892705 60.01359190822225
30.323636837086905 60.01349095285291
30.323735929811058 60.0132439661006
30.32384396323213 60.01297481387052
30.32388430250413 60.01287430754876
30.32389891126526 60.012837909449
30.324042893738515 60.01248195795302
30.32428262046244 60.01188532560527
30.324566855830703 60.0111779200549
30.32463093082527 60.011017918833
30.32466483096774 60.01093484485749
30.32469322225964 60.01086429679883
30.32470785807165 60.010827929023534
30.32478292267284 60.01063998812378
30.324914984216875 60.01031290762826
30.32494292389474 60.01024287216908
30.325104322258102 60.00984180396349
30.325456827702897 60.008965842626225
30.32546780604502 60.00893855703869
30.325507864181127 60.00883899648873
30.325554989104457 60.008721836106226
30.325793966482443 60.00812690723226
30.325852638721337 60.00798064409599
30.325937948955698 60.00776797550398
30.3261819554757 60.00716298834599
30.326240059560593 60.00701836736687
30.326613522190772 60.00608881944705
30.326672948748012 60.00594090683626
30.326818980130977 60.00557787728856
30.326852880273453 60.00549089175815
30.326860889647772 60.0054728240998
30.327015813277747 60.005087945199456
30.327145874361975 60.00476483266275
30.327363990113824 60.00422392049932
30.327387831972267 60.00415891418216
30.327395859705852 60.00413297270974
30.32740794854033 60.004093907865
30.32742396728897 60.004027970225245
30.327436819540782 60.00396389523067
30.327461965250865 60.00380799182821
30.32746792571547 60.0037718565115
30.327483944464117 60.00370498754915
30.327536843587534 60.00354386874014
30.32764487700861 60.00328682370379
30.327683048559766 60.00318766442431
30.327726833397005 60.003073923358485
30.32783989596009 60.00280588871552
30.3280743810906 60.00224782101168
30.32809284317701 60.00220388178983
30.32831487048376 60.00167787078793
30.328464241401853 60.00132249637895
30.3287309854194 60.00068787486899
30.328835852343644 60.00043287874236
30.32885996506904 60.000374397967235
30.328941836855005 60.00017583370602
30.329006843172166 60.000016950071235
30.329043909811464 59.99992791563111
30.329076878631344 59.99984595924271
30.32911990573525 59.99974183737655
30.329254278489127 59.99941100395216
30.329340815454888 59.999197944980814
30.32937583318448 59.99911691991501
30.32942984989501 59.99898690728069
30.329630447258925 59.99849812778834
30.3297869189781 59.998116865712035
30.329602656518865 59.99810708479877
30.329372852952172 59.998094886498784
30.3282293848784 59.99794698388402
30.327972599528703 59.997913769817515
30.32705292836695 59.997794814358535
30.326509967293813 59.997723847576765
30.326331898413567 59.997690878756885
30.326268633836296 59.9976748452915
30.326209895153564 59.99765995884672
30.326129325616957 59.99763350657176
30.326011895969778 59.99759495252955
30.325298875390715 59.99737590545511
30.32498799990836 59.99727383249865
30.324694697949443 59.997183088202625
30.324601474289704 59.99715424586074
30.324134908410944 59.997009895675106
30.32398198524077 59.996962957016294
30.323090895781466 59.99668188385699
30.32307427046978 59.996676426342795
30.32298029446896 59.99664557727549
30.322551846263227 59.99650493256386
30.32155639227711 59.99618286915947
30.321250905158976 59.99608403363053
30.319831974349174 59.99562496099274
30.31966116412191 59.99556969804331
30.31820391283304 59.995098227420165
30.31814730048316 59.995079911389105
30.317970856680816 59.99502282578549
30.317760936567804 59.99495483923602
30.317627943701176 59.99491199839664
30.316799997913837 59.99464396375367
30.316637947782233 59.99459087836573
30.316544172862994 59.9945605544676
30.3164838400444 59.99454104470679
30.314956929707577 59.99404728929895
30.314929555497027 59.994038437328946
30.313360762117643 59.99353113824518
30.313356536842765 59.99352977192244
30.313291891961363 59.99350886777436
30.31184805655928 59.993041260661634
30.31171388876522 59.99299780846846
30.31033411481848 59.99255094859058
30.310159490045404 59.99249439381583
30.30984283186144 59.9923918394534
30.308720287365865 59.99202676789844
30.308534184184843 59.99196624381414
30.30725692154296 59.99155085514972
30.30697452660378 59.99146222613269
30.3069184632728 59.991444630782254
30.306539989409 59.99132584761066
30.306240848591347 59.991229921383336
30.30612592338307 59.991192854744035
30.306176757901895 59.99115279025039
30.30619186102283 59.991140886943214
30.306440896684844 59.99094791690144
30.306550979015626 59.99086186269362
30.307016132941463 59.990498903779546
30.30702595534289 59.99049123937437
30.30717496515457 59.990374967240726
30.30719676103597 59.99035818312811
30.307229465786595 59.990332998543586
30.307283945907542 59.990291045641186
30.307294323607504 59.990283054200894
30.30735395168332 59.99023713707
30.30736962408007 59.99022506840128
30.307424836300417 59.99018255173922
30.307462381893743 59.990153639420654
30.307495604647563 59.99012805594315
30.30756027643656 59.990078254855995
30.30757815315205 59.990064488732
30.307663237946556 59.989998968428125
30.307667391592712 59.989995769875904
30.30776637987561 59.989919543066954
30.30786657816855 59.989842384479
30.30786900380147 59.98984051659876
30.30796862635752 59.98976380136211
30.30797331484544 59.98976019095024
30.308067707656384 59.98968750292539
30.308075066345403 59.98968183630137
30.308091945382028 59.98966883844887
30.308157127422003 59.98961821816036
30.3081617747654 59.98961460903944
30.30823534853821 59.98955747174199
30.308239619022945 59.98955415528903
30.308300078623176 59.98950720244115
30.308346098282463 59.98947146363286
30.308349371557807 59.98946892161144
30.308378881329208 59.98944600436087
30.308394835467872 59.98943361439728
30.308419842794923 59.989414193739215
30.308425120027824 59.98941009544693
30.30843403785595 59.98940316987306
30.30844236932487 59.989396699664994
30.30844752411781 59.989392696459426
30.308450900149783 59.98939007463733
30.308452976859744 59.98938846186704
30.308454216955415 59.98938749881034
30.30845807381421 59.98938450357875
30.308464718352145 59.989379343439126
30.30846995205475 59.9893752789524
30.30847200431199 59.98937368517207
30.308497893171488 59.98935357991704
30.30849909450627 59.98935264696199
30.308524231036305 59.989333125965054
30.30852862196737 59.98932971597363
30.308536128960174 59.98932388605266
30.308542597989067 59.98931886221313
30.308555786301923 59.98930862018631
30.308561758025817 59.9893039825532
30.308568304576507 59.98929889851035
30.308758958624875 59.98915083682129
30.30922890400653 59.98877793525408
30.30936394578287 59.98867083315561
30.30953083879197 59.98859390590923
30.309482968810563 59.9887088311175
30.309347927034228 59.98881388430627
30.30879285876735 59.98924788063574
30.308680366355546 59.98933357921081
30.308673355669494 59.98933892006709
30.30866830641808 59.98934276667012
30.308655095203257 59.98935283119151
30.30864709595475 59.98935892515099
30.308641021297483 59.989363552925106
30.308634800987335 59.98936829165999
30.30861114810404 59.98938631081668
30.308607884276455 59.98938879725438
30.308591879351255 59.98940099007042
30.308600104245315 59.98940357938892
30.308605342820325 59.98940522856994
30.30861090495461 59.98940697961222
30.308613977479297 59.98940794688851
30.30862154477088 59.98941032918401
30.308625338855187 59.98941152361796
30.30862688535517 59.989412010479064
30.308629207179692 59.98941274142382
30.30864757675292 59.98941852443762
30.308666230105473 59.989424396789346
30.30868396831837 59.98942998104155
30.308707796243375 59.98943748242535
30.308732769523303 59.98944534438385
30.308757908815075 59.98945325860533
30.308762870179777 59.98945482051644
30.308779454682547 59.98946010910053
30.30882290996189 59.98947396642877
30.30882646583579 59.98947510035111
30.308880656258967 59.98949238097829
30.308883430788367 59.989493265739945
30.308932660052236 59.989508964317395
30.30893909874691 59.989511017534106
30.308959833965613 59.98951762972798
30.308975757085605 59.98952270740562
30.308986039541324 59.98952598634816
30.308991016441 59.98952757341729
30.308997696747312 59.98952970368084
30.30899899374135 59.989530117275514
30.309022510886845 59.98953761658996
30.30911099856595 59.98956583416982
30.309022510886845 59.98953761658996
30.30899899374135 59.989530117275514
30.308997696747312 59.98952970368084
30.308991016441 59.98952757341729
30.308986039541324 59.98952598634816
30.308975757085605 59.98952270740562
30.308959833965613 59.98951762972798
30.30893909874691 59.989511017534106
30.308932660052236 59.989508964317395
30.308883430788367 59.989493265739945
30.308880656258967 59.98949238097829
30.30882646583579 59.98947510035111
30.30882290996189 59.98947396642877
30.308779454682547 59.98946010910053
30.308762870179777 59.98945482051644
30.308757908815075 59.98945325860533
30.308732769523303 59.98944534438385
30.308707796243375 59.98943748242535
30.30868396831837 59.98942998104155
30.308666230105473 59.989424396789346
30.30864757675292 59.98941852443762
30.308629207179692 59.98941274142382
30.30862688535517 59.989412010479064
30.308625338855187 59.98941152361796
30.30862154477088 59.98941032918401
30.308613977479297 59.98940794688851
30.30861090495461 59.98940697961222
30.308605342820325 59.98940522856994
30.308600104245315 59.98940357938892
30.308591879351255 59.98940099007042
30.308581477552945 59.989409075976816
30.30857942814869 59.98941066909471
30.30857421164628 59.989414724177195
30.308567665665787 59.98941981273823
30.30856370048811 59.9894228950952
30.30856253790341 59.98942379883807
30.30856038558671 59.98942547195563
30.308557113492895 59.98942801553929
30.308551969474884 59.98943201427556
30.308543645979174 59.989438484599745
30.308534736939396 59.989445410100465
30.308529467042728 59.98944950668933
30.308504474631007 59.98946893470512
30.308488539062328 59.98948132232434
30.308459038736466 59.98950425459686
30.308455777229327 59.9895067899509
30.308409787260366 59.98954254055604
30.308349366597646 59.989589508955966
30.30834508851619 59.98959283455075
30.308271565596172 59.98964998807665
30.30826693463784 59.989653587982595
30.308184795450085 59.98971743942094
30.30817733789095 59.98972323660363
30.308083739579004 59.9897959958676
30.308078916968206 59.98979974475586
30.307980089774315 59.989876568725634
30.307977568325093 59.98987852879079
30.307878070723195 59.989955873906645
30.30785483064923 59.98997393973114
30.30777998126256 59.99003235292086
30.30777590521291 59.99003553390967
30.307691674837603 59.990101268114216
30.30767393927467 59.99011510912012
30.307610017725768 59.990164994118906
30.307576957695613 59.99019079448815
30.30756388547042 59.9902009961799
30.30753982540055 59.990219679896754
30.30748476749473 59.99026243481511
30.307469394230893 59.99027437283982
30.30741017858431 59.99032035642924
30.30739963309072 59.99032854547513
30.307345733740657 59.990370400723286
30.307313002105204 59.990395818297394
30.307281582090695 59.99042021733937
30.307228454088573 59.99046147360147
30.307207418305456 59.990477808824835
30.30714205507067 59.99052856629054
30.307132081745458 59.99053631102219
30.30705679821451 59.99059477204011
30.30705398399007 59.99059695741085
30.30697832362333 59.990655711058565
30.306970832518815 59.99066152823518
30.306905332612867 59.99071239183214
30.306892612311273 59.990722269713395
30.30683874357425 59.99076410118917
30.306825021239423 59.990774757193904
30.306771537535216 59.990816289674534
30.3067635083327 59.99082252470823
30.306707981751977 59.99086564357354
30.30670582807767 59.99086731599765
30.306651068105214 59.99090983955747
30.30664763214068 59.99091250773711
30.30660609649743 59.99094476201575
30.30659762795073 59.990951338219794
30.30656866902322 59.990973826117994
30.306556939480235 59.99098293463103
30.306552028811907 59.99098678412662
30.306545305332612 59.990992054693095
30.306532439535715 59.99100214025072
30.30652999087535 59.991004059766894
30.30651424247495 59.991016405010726
30.306509432978373 59.99102017519731
30.306483662640023 59.99104037668461
30.306469396868007 59.9910515596892
30.306448074414817 59.99106827445876
30.306419150261025 59.99109094823655
30.306396533738113 59.991108677433346
30.30636705166128 59.99113178856958
30.306347731014956 59.991146934113495
30.30632666428127 59.99116344842336
30.30632419753966 59.99116538211351
30.306321017896757 59.991167874650266
30.306315851946167 59.9911719242628
30.306313850139297 59.99117349348845
30.30631238817423 59.991174639529625
30.3063104044486 59.99117619458131
30.30630709307284 59.99117879038406
30.306306972495623 59.9911788849051
30.306327451833788 59.99118551435209
30.30633441654227 59.99118776892522
30.30637972916648 59.99120243725276
30.30638918043268 59.99120549675926
30.30641044871524 59.99121238159853
30.30642881395512 59.99121832668246
30.306440919237662 59.99122224533101
30.306461397495763 59.991228874428366
30.306492781320607 59.99123903380955
30.306538050381757 59.99125368803512
30.306541782688736 59.99125489623487
30.306600566534712 59.99127392538451
30.306603878139047 59.99127499739696
30.306616838382183 59.99127917528098
30.30665524179378 59.99129155506413
30.3066956363424 59.9913045767133
30.306716921817927 59.991311438332104
30.306787880629496 59.991334312724334
30.30679434860133 59.99133639774974
30.3068084935053 59.99134095752286
30.306838494745534 59.99135062876906
30.306862549236833 59.99135838301208
30.306893835125777 59.99136846837962
30.306980589722865 59.9913964347257
30.307035242365703 59.991414052636166
30.307089260595397 59.991431466036225
30.307219345271378 59.991473400333554
30.307223602952185 59.991474772846125
30.30731689871811 59.99150484781351
30.307365166591968 59.99152045326856
30.307414020170153 59.991536248087286
30.307518446734775 59.991570010172275
30.307614448612167 59.9916010484771
30.307681221849087 59.99162263688909
30.307828070678536 59.99167011448906
30.307850963418893 59.99167751592612
30.308027052351697 59.99173444712497
30.308056124554284 59.99174384643997
30.308211724629256 59.99179415339946
30.308290199234715 59.99181952497334
30.30840062848215 59.991855227781826
30.308532238167423 59.991897778423954
30.30859599989216 59.9919183931859
30.30878278795739 59.99197878351433
30.30896816549751 59.99203871780679
30.30904056937199 59.99206212665657
30.30914163974426 59.99209480365319
30.30929815810497 59.992145407503045
30.30930702954462 59.99214827572245
30.30945263796938 59.992195352287986
30.309562919657605 59.992231007389194
30.309584020948932 59.992237829634036
30.30968612758139 59.99227084166326
30.309764221262924 59.99229609008087
30.309818921086052 59.992313775045275
30.309840078962672 59.99232061558466
30.309843725469563 59.99232179453445
30.3098621824901 59.9923277618618
30.30990597553341 59.99234192056228
30.309977325064864 59.99236496709235
30.310086046945525 59.992400085221945
30.310126160594734 59.99241304228563
30.310223817014425 59.992444586173406
30.310389252482143 59.99249802329351
30.310398789587776 59.99250110386303
30.310589615395756 59.99256274228773
30.310662922455855 59.99258642111688
30.31080914758322 59.99263365312704
30.310925055495577 59.992671092408465
30.31104634917329 59.99271027133976
30.31118001508603 59.99275344661246
30.31129060713077 59.9927891688216
30.31143003521929 59.99283420532807
30.311539921627293 59.9928696996103
30.311678144121977 59.992914346699294
30.311779445807225 59.9929470680401
30.31191393443856 59.99299050905819
30.31201453048707 59.99302300247209
30.312141962750992 59.99306416422105
30.312234768311285 59.99309414123832
30.31236078930172 59.99313484713346
30.312440776318823 59.99316068364784
30.312560329496733 59.993199300382294
30.312628320689225 59.99322126213916
30.31273917206254 59.99325706811372
30.31279293343836 59.993274433513875
30.31288044183108 59.99330269949914
30.312945756042534 59.99332379656744
30.312996102997293 59.99334005907937
30.31307717538076 59.99336624617669
30.313101179612385 59.99337399975593
30.313178606730293 59.993399009400214
30.313205079117708 59.993407560215616
30.313250372852632 59.99342219049282
30.313287300126888 59.9934341183292
30.313291942161023 59.9934356177473
30.31329982124704 59.99343816276181
30.31331168408815 59.99344199456447
30.31333592580269 59.9934498248528
30.31335782960112 59.99345689997353
30.31342332768289 59.99347804883955
30.31342768991838 59.99347945737444
30.313549832186407 59.99351889624641
30.313561139596807 59.99352254732902
30.313674797542756 59.99355924667357
30.31373679495837 59.993579265199315
30.31381622773196 59.99360491347848
30.31394767613165 59.99364735723435
30.313974623073698 59.9936560582108
30.314137958819995 59.993708798164704
30.314190754575947 59.993725845539814
30.31430703015782 59.99376339010043
30.314453415808707 59.99381065698877
30.314477513039805 59.99381843781376
30.314655080265215 59.99387577301133
30.314719811354255 59.99389667422083
30.314835586616443 59.993934057231776
30.314997025556018 59.99398618472025
30.315024562232633 59.993995076117805
30.31521342181131 59.99405605753614
30.315267655734047 59.994073569285106
30.315408865413733 59.99411916488905
30.315533461545034 59.99415939609606
30.315600664118243 59.99418109533027
30.31579127178811 59.99424264119486
30.315796929530247 59.99424446803966
30.315989344591948 59.99430659749825
30.31604555317079 59.99432474684966
30.31618476157175 59.9943696962549
30.31630124609764 59.994407308282064
30.316392203299525 59.994436677717374
30.316551998619925 59.99448827449287
30.316612491584863 59.994507807242165
30.316705934331697 59.99453797924231
30.316796284721946 59.994567154889154
30.316840534706294 59.9945814439466
30.31686686687619 59.99458994704313
30.317036469840975 59.99464458296575
30.31708026250744 59.9946586903414
30.317275273940993 59.99472151135168
30.31732200137927 59.99473656413513
30.317516198235243 59.99479912273726
30.31756162005686 59.99481375492918
30.31769891048295 59.9948579816861
30.317750946886317 59.99487492043258
30.317802017535794 59.99489154480951
30.317833952259285 59.994901940112605
30.31798207664596 59.9949496482484
30.31803712818047 59.99496737933335
30.318217563151865 59.995025494113165
30.31827453152952 59.995043842577985
30.318445563386327 59.99509892878784
30.318512630452723 59.99512052985423
30.318686608098684 59.9951765648485
30.31874921962244 59.9951967308667
30.318939775726257 59.99525810547679
30.31898237097369 59.995271824621184
30.319200825493088 59.99534218479691
30.319212491596133 59.995345942233754
30.3194478707187 59.99542175351233
30.319464595060552 59.9954271401147
30.319674660906017 59.99549479845312
30.3197334195833 59.995513723540455
30.319904888911797 59.99556895065188
30.320002747357215 59.99560046905413
30.32013461366642 59.99564294076272
30.32027298547195 59.99568750777182
30.320370603423488 59.99571894871542
30.32054463717867 59.99577500178144
30.320608606185193 59.99579560501983
30.320805579562165 59.99585904651536
30.320859546041444 59.99587642812402
30.32106510835367 59.99594263595736
30.32111836803696 59.99595978992004
30.321325247779676 59.99602642207346
30.32137799298996 59.99604341033387
30.321582656183207 59.99610932857755
30.321631652646847 59.996125109435745
30.321838040360248 59.99619158311559
30.321881178911113 59.996205477248
30.32207184259754 59.99626688650847
30.32234490638252 59.9963589011809
30.322625979541822 59.996445886711314
30.32288283831364 59.99653398982884
30.32305369263292 59.996589431157666
30.3231492524957 59.996620439831005
30.324034884364192 59.99690782271865
30.32420494387012 59.996962957016294
30.324658574254393 59.997109036193976
30.324747124434506 59.99713755134186
30.325033820980053 59.99722987407215
30.325334824442898 59.997317977189674
30.325760997662567 59.99743998044968
30.3261009304099 59.99754987651594
30.32619750902272 59.997581626734906
30.326249942025168 59.99759886408446
30.326318340142414 59.997618485586486
30.326364867233444 59.99763183290433
30.326550945488012 59.99766685063393
30.327112905542094 59.99774191523512
30.328001425337977 59.99785839397427
30.328257949945677 59.99789202255858
30.32873694588401 59.99795481558043
30.328926935693477 59.99797884370339
30.329396881075137 59.99804086978825
30.3297869189781 59.998116865712035
30.330146255517565 59.99806954276728
30.330165967274443 59.99806694682092
30.331900641121763 59.99782285022786
30.33268892018547 59.99771192664754
30.333222940561686 59.99763984227866
30.33372194320832 59.997570924406595
30.33382257822498 59.997556872622184
30.334216848035535 59.99750182027001
30.33583118945231 59.99727754764281
30.335928991494978 59.99726396047914
30.337599970300708 59.99703175265355
30.337692916490724 59.99701883637202
30.339377685040073 59.99677526653502
30.339725993716552 59.9967249109609
30.34118742146972 59.996514824684425
30.341416903020814 59.9964818357635
30.341959864093955 59.99640397719452
30.342958933618423 59.99626037749011
30.34329593948936 59.99621193847534
30.34393482678983 59.99611992380291
30.3449283646384 59.995975985673475
30.345253952114 59.99592881640633
30.34543090340713 59.99590199431558
30.34688516543865 59.99569653244539
30.348652669781888 59.9954468148979
30.348962851218047 59.995402991668946
30.350580301235695 59.99516725392615
30.351734839791092 59.99499898392705
30.35241045476679 59.994902670112765
30.352710865871103 59.99485984433129
30.353690989770534 59.99471697944515
30.35419900049629 59.9946437804556
30.35427399771528 59.994632974147045
30.354641870140476 59.99458193766881
30.355157822858345 59.994508921977335
30.35565589418238 59.994438886518154
30.356066271407364 59.9943811858278
30.35621096244926 59.99436084168466
30.35652090660902 59.99431781458075
30.35682693921388 59.99427497374136
30.357848796573933 59.994121057285376
30.35888590720786 59.99396484331708
30.359304816111283 59.993925914032594
30.359014988519583 59.99380782232749
30.358532336404885 59.99360900752572
30.358036913529865 59.99340493217271
30.357310468417637 59.99310418001557
30.35643298975601 59.992740899162165
30.35611894777683 59.99261088652784
30.355830886681368 59.992491238579774
30.355514891941432 59.992359988220635
30.354968950635993 59.99213889223648
30.354680985689484 59.9920239670282
