27.494568544028446 53.84442316102165
27.49459474640817 53.844455104641
27.49460034285898 53.844461927337875
27.494615056056592 53.84447986436455
27.49463432716185 53.8445033579883
27.49464638189052 53.844518054045224
27.49467448370894 53.844552313291906
27.49469603376801 53.844578585214194
27.494721856632612 53.84461006616233
27.494745495887944 53.84463888504756
27.494759829570437 53.844656359403025
27.494778721160564 53.844679390355566
27.494797612750688 53.84470242130811
27.49485788855384 53.84477590422576
27.49494599167137 53.84488282005972
27.49506389711195 53.84502792012009
27.495259466962164 53.8452655315308
27.49527791504438 53.84528794538873
27.495441827821175 53.845488924804826
27.49538577569535 53.845505711861705
27.494199816007907 53.84586089504944
27.494114879387205 53.845900941921045
27.494174240856623 53.84594858495693
27.494732905061532 53.846396964335376
27.49477183434602 53.846430864477846
27.495110904823505 53.84672540601733
27.49533491198722 53.84691999510497
27.495449837195498 53.8470198328872
27.495621945611138 53.846975874460696
27.496442999611265 53.84676483676057
27.496537994516 53.84674099490213
27.49664139039487 53.846714547576624
27.49669892706049 53.846699830443406
27.49732682475433 53.846535917666614
27.497359979838727 53.846529957202
27.497795838813392 53.84652399673739
27.4982106596942 53.84640324497162
27.498987931735545 53.846176985938335
27.49953685327329 53.84601791603903
27.49961976854665 53.84599366663692
27.50002598390041 53.84587486488837
27.500491831462647 53.845739823112034
27.5008729286687 53.84562899572318
27.50099290923408 53.84559402847282
27.501044850819817 53.845578890567545
27.501119915421008 53.845556911354294
27.50245404564628 53.84516882346559
27.503704894416888 53.844804961490745
27.50389755487307 53.84474906115907
27.504190858547187 53.84466395924979
27.50432496900093 53.84462689261049
27.504738848762337 53.84452593724115
27.504910957177973 53.844446961085055
27.505036871992875 53.84436090687724
27.50511696573608 53.84427895048884
27.50516122110347 53.84421403509025
27.505189981427566 53.84417184839037
27.50520488258909 53.84411187121522
27.505229842034648 53.84407387325333
27.505316827565064 53.84396993765168
27.505432870360455 53.84388593235357
27.505574990188517 53.84382297494612
27.505805958192184 53.84376988955818
27.50614887117182 53.84377286979048
27.506443914170056 53.843858923998305
27.506604846714545 53.843963977187066
27.506694998741786 53.84407499084044
27.50672889888426 53.84417594620979
27.506706919671004 53.844325889147655
27.506640982031247 53.844408963123165
27.506589945553017 53.84447396944032
27.506581452365044 53.844496336593735
27.506529968377873 53.84463192175251
27.50650594025491 53.84477888445807
27.506519910093843 53.84491597514412
27.506591994462728 53.84514694314778
27.506816507905448 53.84546272221763
27.506889831428747 53.84556585205121
27.507190834891592 53.84604995353632
27.507401911946214 53.846371658783355
27.507804949011017 53.84698593274472
27.507856916811843 53.847065840223415
27.507995181183524 53.84727567984768
27.508051935763326 53.84736181454424
27.508459855060128 53.84797984021857
27.508539948803335 53.8481089215303
27.50855298731967 53.84812885183384
27.50857111325814 53.848157854813245
27.509009894184988 53.84885994007125
27.509136751970217 53.84905762064859
27.509426940443223 53.84950981697835
27.509712008530443 53.849925541272206
27.509815860759076 53.85007699243896
27.50984994716607 53.85012989156238
27.51002093799459 53.85038395636642
27.510283397840787 53.850794082171824
27.510828419389203 53.85164574540619
27.51125084261412 53.85230583367435
27.511441131307905 53.85257200974487
27.511654850356017 53.85287096022526
27.511936854837913 53.85321890234692
27.512203549638368 53.853541481971675
27.512256857281702 53.853605960017575
27.51306450269288 53.85442952375117
27.5138728882493 53.855253842217934
27.51390020369744 53.85528314630714
27.514695775699536 53.85613663817735
27.5147248621596 53.85616784221309
27.514741998495357 53.85618590987144
27.514965888447296 53.85642898506885
27.515510568887635 53.85700783508364
27.516013998896195 53.85754284689299
27.516360888379545 53.85790277105964
27.517229399841945 53.85880391761881
27.517639901883303 53.85922984464235
27.51806581185877 53.85967760456726
27.518828942170693 53.86047988483973
27.51884894487669 53.8605009137206
27.519050855615383 53.86071083383361
27.5193818476658 53.86105691331007
27.519629961794035 53.86131162936309
27.52031987578392 53.86201990087375
27.52037594140416 53.86207782913918
27.520482294189584 53.86218859913294
27.520550843787586 53.86225999583885
27.52109995158985 53.86282996526725
27.521274931675567 53.86299913260253
27.52169990960583 53.86340999297969
27.52211486809116 53.86382326705856
27.522479985411763 53.8641869022888
27.52249898439271 53.864206832592345
27.5230139620181 53.8646901723854
27.52316599763556 53.86483286764099
27.52336995728396 53.86502695526988
27.523894420805053 53.865553064166726
27.5243199063313 53.865979884549525
27.52477141784814 53.86640449193125
27.525410857619587 53.86700582952066
27.52564842292525 53.86721242477432
27.525870930981732 53.86740592570765
27.525975984170497 53.86749887170267
27.52602795197132 53.867632982156415
27.526020873919595 53.86779391470091
27.525843922626464 53.86805692020186
27.525676042203855 53.86816364802561
27.524495340247825 53.86891426413859
27.523924839286316 53.86927695280187
27.52379799314882 53.86938181972612
27.523690891050343 53.86949786252151
27.523621973178283 53.86962582624612
27.5235853503234 53.869762115584656
27.523569819112936 53.86981991387501
27.523566838880633 53.86992589838637
27.523582857629275 53.87009782053749
27.523626816055778 53.87021386333288
27.5236718920694 53.8703038290956
27.523747887993185 53.87041298010378
27.52388292976952 53.87060893037786
27.524091493683372 53.870764899634146
27.52519841456821 53.87159268246571
27.52614376004897 53.87229963521147
27.5263019470789 53.87241793138723
27.52689091548825 53.872731973366406
27.527213522770204 53.87297754165515
27.5280468730937 53.87361188695457
27.528153427578207 53.87369626116458
27.528224941973946 53.87375288919552
27.528077979268385 53.87380988613836
27.52804839183578 53.87382117853384
27.52775294768258 53.87393393830807
27.52727387533949 53.87411685006582
27.527138833563153 53.87416695522145
27.526665420149993 53.874348381047696
27.52517341068507 53.87492016258667
27.52374398309488 53.875467960926144
27.52225462279648 53.87603872722725
27.521267962186062 53.876416844347496
27.520745099726874 53.876605939718075
27.51953383951337 53.87704399698326
27.519286726397706 53.877133653641195
27.517801593358477 53.87767248406518
27.516890932252057 53.878002886727515
27.51632715443863 53.878203108157635
27.515347916975944 53.87855087694267
27.514870981365913 53.87872743107781
27.51352997526966 53.87922385065013
27.513435477035767 53.87925765920803
27.512467894981828 53.87960383026906
27.51216596019639 53.87971391259985
27.51199658548199 53.87977398573227
27.510984856880864 53.88013282150327
27.51063363246492 53.880274320642634
27.510284874818137 53.88041482598517
27.50931496098652 53.88085733556593
27.509122956748076 53.880944934806486
27.50833896938724 53.88135285410328
27.508041415243284 53.88150976149847
27.50727893800912 53.881911833925066
27.50684441627391 53.88221461056674
27.506800983253143 53.88224487488519
27.50620083897265 53.88269787019561
27.50580072865097 53.88302884547874
27.50480173088015 53.88385522648453
27.5037892309149 53.88469277664138
27.503741961056186 53.884731878744034
27.50297979398108 53.885511728359695
27.50288290909416 53.8856108610096
27.50270986935593 53.88585784776191
27.502365838789174 53.886323881588666
27.502343016763827 53.886372600733935
27.502224836548223 53.88662488505151
27.50212686141119 53.886829962287024
27.50192995643459 53.887325316231774
27.501577841090896 53.88821113297201
27.501509953323975 53.88838191826005
27.501277867733194 53.88897684713401
27.501189675136228 53.889170891321534
27.50095693396681 53.88968297592587
27.500814814138742 53.889962931498054
27.50077519663129 53.89004077210793
27.500454951087868 53.89066999161251
27.50032071718362 53.89095286423858
27.500296998775685 53.89100284630812
27.49991079395134 53.89185024090116
27.49951897187946 53.892709960625545
27.499487352609485 53.892763849283945
27.499193940293654 53.893263911305304
27.49891566591708 53.893671999244155
27.49890485776003 53.89368784935075
27.498506996747263 53.89424496652733
27.4983075003738 53.894522815824295
27.498249951710925 53.89460296693302
27.498069833920965 53.894870815311464
27.497919890983106 53.895143879096445
27.497794828776243 53.89541670932869
27.497725989618733 53.89556688581929
27.4975978396296 53.89602789050403
27.49753313038341 53.896390888140715
27.49748999247305 53.89663287766202
27.49739021265643 53.89738006989804
27.497265426026463 53.89831452342016
27.497264984933995 53.89831782650168
27.497152864068568 53.899215506435375
27.49714782455149 53.899255854619796
27.49700821842224 53.90011775543289
27.496999930523337 53.90016892329236
27.49696193256144 53.9005099736268
27.49687437919303 53.90115847063922
27.49683191992712 53.901472961190485
27.496737217478664 53.90217064878931
27.496653851046872 53.902784822198406
27.49662796027872 53.902968851543264
27.49659596666338 53.90315570085346
27.496591824962017 53.90317988924339
27.49646860709837 53.90414519147089
27.496344463999055 53.90511774209582
27.496271822518224 53.90568682340577
27.496265862053615 53.905748849490635
27.4962183952046 53.90609291774551
27.49608330299387 53.90707214729539
27.49603284514024 53.90743789614971
27.495953243195434 53.9080334342481
27.49582422047419 53.90899871149399
27.49580187713657 53.90916587209328
27.49580715511857 53.9091672688814
27.495889455818595 53.90918904929678
27.495979946016817 53.9092129970166
27.495985950040016 53.90921583224978
27.495997642947625 53.90922135390059
27.49607970997971 53.90926010777686
27.49609003956899 53.90926498563846
27.49614087856131 53.90928899294039
27.49618373335433 53.909324798837325
27.49618510514244 53.90932594498925
27.496239688490203 53.90937155029
27.496247189183624 53.90937781724491
27.49626884228592 53.90939590877434
27.496288082737248 53.90944207064768
27.496308766332252 53.90949169492502
27.49631596720925 53.90950897133743
27.496311036128304 53.90954348890401
27.49630495877965 53.90958603034461
27.496299959998343 53.90962102181376
27.49629591199517 53.909649357836024
27.496294019907985 53.90966260244624
27.496293987996 53.90966282583019
27.496256198872672 53.90966007152092
27.49624814435911 53.90965948445725
27.496244712350492 53.90965923431085
27.496230555402988 53.90965820246336
27.496209951993023 53.90965670075709
27.4962056087306 53.90965638419278
27.496181498476776 53.90965462688565
27.49616537547343 53.90965345173963
27.496147406964187 53.90965214208152
27.49614028029863 53.90965162264526
27.496098077199523 53.909648546617625
27.496069310084245 53.90964644988911
27.496040794399967 53.909644371486465
27.495978211228547 53.90963981003082
27.49597397715787 53.90963950142508
27.49589566189444 53.90963379331551
27.4958935284058 53.909633637813414
27.495802609791017 53.909627011092226
27.495718989425576 53.9096209163134
27.4954859725122 53.90960582888736
27.494927924013016 53.909570997422286
27.494617251774464 53.90954818377091
27.49364698291526 53.909476933840146
27.493057763724295 53.90944188014239
27.49302392809891 53.909439867200845
27.49215183762055 53.909376909793394
27.491353966435167 53.90931931779093
27.48964442522097 53.90919591954866
27.489573936676397 53.90919083153883
27.48914087166952 53.90916587209328
27.488799821335075 53.90914687311233
27.488029559313865 53.90910176127386
27.487689871065836 53.90908186679516
27.487404886351634 53.90906081890451
27.486723903269855 53.9090129489231
27.486265963492773 53.90898030923269
27.486203852732565 53.908975882283805
27.484714035671605 53.908875990745045
27.48319163013876 53.90877391416445
27.482311855606255 53.90871492569256
27.481669603037307 53.90866449619275
27.480947840532984 53.90860782359409
27.480073549542617 53.90854583783362
27.47837695190964 53.908425551915485
27.47821291859924 53.90841392222972
27.476696814233215 53.90830888618116
27.475001691514997 53.90819144770125
27.4740698369012 53.90812688860581
27.473457021338003 53.90808544569657
27.473138886834803 53.90806393119835
27.4721609981096 53.9079979935586
27.47177766047752 53.90797002564006
27.47083088317881 53.90790094974415
27.470068948243327 53.907848624091955
27.4700578854246 53.907847864356214
27.468718829796885 53.90774895789658
27.46837186080032 53.90772815078043
27.468249815737824 53.9077208319542
27.467405851201843 53.90766290368877
27.466778695701112 53.90759307803821
27.46557393965663 53.90745894404037
27.46519728111252 53.90741685747976
27.46364217068288 53.90724309466362
27.463621887496604 53.907240828288515
27.462479899730084 53.9071128645639
27.46208804820069 53.90707505432861
27.46203398247139 53.90706983745999
27.461221869168178 53.90698285192958
27.46051489311154 53.90688713519928
27.459892871824493 53.90680292040414
27.458981919801936 53.90670286097344
27.45865495783064 53.90666694730521
27.457427847178906 53.906542895135495
27.457243526004223 53.90653266871911
27.456309887535348 53.90648086905064
27.45568917596562 53.90644962681143
27.45535882090089 53.90643299906924
27.45416812333156 53.90637163181646
27.454075830893423 53.90636687516496
27.45407332563656 53.90645923112065
27.454068939106214 53.906620939968995
27.454018833950585 53.90709498317007
27.453930234146785 53.907368718834086
27.453891987813083 53.90748688371823
27.453806864927863 53.90772884132852
27.45367387206123 53.90784283521421
27.45338924709095 53.90827929131348
27.45321994542822 53.908538905722025
27.453183996376037 53.90859292243256
27.45284622311368 53.909130316007314
27.452654818877313 53.90943483805883
27.452265374644025 53.90999663582241
27.45199488368619 53.91038683601588
27.45167364665649 53.91092396239559
27.45146496112939 53.91127289633318
27.45117289836346 53.91180393647709
27.451156072656396 53.91183121420682
27.45101997519329 53.912051854552
27.450753989460036 53.91252682907567
27.450517992314353 53.91248193932657
27.450272868207236 53.91243481440324
27.45015384517954 53.91242494238373
27.450023832545217 53.91242699129344
27.449907700374307 53.912432138425665
27.449485900614096 53.91245083315188
27.44936799517351 53.9124549309713
