22.52650087758528 44.23528487016152
22.525817836806063 44.23558487171192
22.52576084865095 44.23560990174733
22.525498089134228 44.23529571563569
22.525356905064953 44.235126899395254
22.525325920998885 44.23508985121004
22.52488782684999 44.23457482981477
22.52481082943165 44.234479357606034
22.52469013399704 44.23432970246208
22.52463785986538 44.23426488565501
22.524406891861712 44.233986978992526
22.52531083357284 44.23357999101832
22.525395509175393 44.23353218580364
22.525822874735805 44.233290908484705
22.52611586882433 44.23310594781725
22.52643111539644 44.23287208661349
22.52653794422458 44.232792837160666
22.527182978254174 44.232240935390614
22.52736075815813 44.23208498282457
22.527402956651216 44.23204796534884
22.528110948088266 44.231390824125505
22.52813245491729 44.23136756865229
22.52837898273123 44.231100996533804
22.528541964185433 44.23093484858278
22.5289399021692 44.23057475954391
22.5297364757555 44.2298539501998
22.529814895908867 44.22978298879675
22.53001792423467 44.229615909523126
22.530230824579988 44.22954289383165
22.53033196621385 44.22950489586975
22.53090954575351 44.22949058615077
22.53109881723893 44.2294858968888
22.53138994868226 44.22947583860478
22.531511951942264 44.22946298635296
22.531621848008523 44.22942182189424
22.531790976191857 44.229353835344774
22.53196289834297 44.22928584879531
22.532168118532727 44.22918365581464
22.532237824773144 44.229148944373776
22.53267293868973 44.22892989729933
22.5328629284992 44.228820932555664
22.53322685838955 44.22861290730427
22.53345599472797 44.22848193113093
22.533730921158146 44.228300882018374
22.534245705341757 44.22799312182703
22.53468087020548 44.22773296149968
22.534801942142888 44.22767391564713
22.535233336168844 44.227421266556235
22.53554998045154 44.22723582149824
22.536126841667148 44.22685882211161
22.53619610300192 44.22681984479667
22.5363078907797 44.22675693541967
22.53708498635333 44.22635795681979
22.53726066219426 44.22627263685514
22.53742287019095 44.22619385777847
22.538309861830843 44.225772899965335
22.538333263096625 44.225749187512506
22.538379897290017 44.225701933183565
22.538336396160386 44.22569666623065
22.538296823314507 44.22569187489953
22.538423855716523 44.22554789242628
22.538584974525538 44.22539794948842
22.538800855103155 44.22524782028603
22.53884499979418 44.22521392014356
22.53894483757641 44.225110915864505
22.53888392907867 44.225002882443434
22.538836374433657 44.22491795666802
22.538696919501504 44.22466891016071
22.538391521994512 44.224042637469225
22.538299989811332 44.223854934212305
22.53830446376919 44.22385326902702
22.538681832075454 44.22371281438424
22.539032940693936 44.22326689712555
22.539088125005655 44.22319012562279
22.539748239790477 44.22227178483993
22.539970968812057 44.22196192790483
22.54005590543276 44.22182986636079
22.53978489055749 44.22184998292886
22.539686481387147 44.2218637335259
22.53847782921166 44.2220326170656
22.53721985629588 44.22220839213404
22.53685886122716 44.22225883354825
22.536644843294727 44.22226684292257
22.536489871214847 44.222078902022815
22.53618229458357 44.22172518889684
22.536109891595913 44.22164192546104
22.53579882984904 44.221203831312145
22.535689865105372 44.22104997681938
22.535592757335724 44.220908976756874
22.535171863477792 44.22029784069131
22.53499094461323 44.22003520389242
22.534389032543192 44.21916141850984
22.53405390383424 44.21867491793651
22.533688825376828 44.21873098355675
22.533328962325953 44.218815920177455
22.53318292936281 44.21885005538259
22.53243489263434 44.219024908967874
22.532377895691496 44.21905992669746
22.5319351428312 44.21915476075295
22.5312439172993 44.21930281563035
22.53092468750317 44.21852236851347
22.53062998944439 44.217801896135555
22.53055837860108 44.21762121617368
22.530209419767772 44.2167407647534
22.52993596784627 44.21605082339162
22.529873664336304 44.21586411449119
22.52982085637348 44.21570586150227
22.529798877160225 44.21549892162157
22.529880833548624 44.21502990756251
22.529902447353443 44.21493115086921
22.5299508690078 44.21470990511872
22.530098684973193 44.213980738874994
22.530136947262367 44.213791993568655
22.530208845366737 44.21346789330545
22.530267891219285 44.213178997036344
22.53029857138016 44.21305294483566
22.53038281642756 44.21270681648046
22.53053797477196 44.212160875175016
22.53053957129037 44.212153354321146
22.530575972733853 44.211981874972174
22.53064395928332 44.21178294446579
22.530803561809066 44.21126169481563
22.530877907519297 44.2110188874085
22.53108530039628 44.210363985077
22.53132885392 44.20959489516009
22.53136981964604 44.2094735603112
22.531666481258792 44.208594889396984
22.531748880410543 44.208350834437105
22.531674933396463 44.208155815485625
22.53161495622132 44.2080589579357
22.531525921781196 44.20797588396019
22.531429995553864 44.207924847481955
22.53133891220403 44.20788182037805
22.53123199637008 44.20784382241615
22.531123962949007 44.20781383382858
22.53102360504668 44.207793467982846
22.529815469403765 44.20754829840918
22.52860048055847 44.20730173810036
22.527363537354702 44.20705072254619
22.52611955336871 44.20679827819089
22.524794947334925 44.20652947302941
22.523894850698746 44.206346814476255
22.523731869244543 44.20630993410147
22.52357274591999 44.20627193874226
22.522367732966035 44.2059842065687
22.52143690410488 44.20576194388632
22.521243934063104 44.20567793858822
22.52118932911302 44.20564515096582
22.521078903699195 44.20557884586406
22.520251151079428 44.204990630379015
22.51934385502922 44.204345889941465
22.51925090370888 44.204279837107954
22.518228617880872 44.20378277783617
22.517107930416792 44.20323787338818
22.516866904129092 44.20312890864451
22.5166249465188 44.20304099179151
22.51611681691073 44.20286590314357
22.515899965996734 44.202744031093296
22.51580892166068 44.20269286340534
22.51545893062932 44.20248499220204
22.5149104072111 44.20212713200405
22.514831964258075 44.20207595531812
22.51470791208836 44.2020269677496
22.514578830776635 44.2019839406457
22.514454964871444 44.20195581470331
22.514329981379134 44.20193383549006
22.513982970580077 44.20191483650911
22.51362385258728 44.20188689683125
22.51357822156648 44.201882671130114
22.513104919637104 44.20183884058533
22.512786966103025 44.201793950836226
22.512540910673312 44.20174291435799
22.5124939720145 44.20171981755763
22.512456905375203 44.20168796632486
22.512435857484547 44.201647919453265
22.512433994839355 44.201606941259065
22.512451876233182 44.20156298283256
22.512529921066683 44.20148884955396
22.51262882752632 44.20142887237881
22.512706872359814 44.20137392434569
22.51276498688977 44.2013048202091
22.512789946335328 44.201236833659635
22.51283390476183 44.20115487727124
22.5128979797564 44.20108595939918
22.51294554711954 44.20103574940476
22.51299185707402 44.200986866675024
22.51311590924373 44.20088386239597
22.51322189375509 44.2008128956142
22.513646949387645 44.200556968164975
22.51371586725971 44.20049587340271
22.513755914131313 44.20043496490497
22.51378292248658 44.20032283366448
22.513808999519252 44.19993186443891
22.513803970377236 44.199860897657146
22.51378292248658 44.19979887157229
22.513734866240657 44.199673888079985
22.513667900973545 44.19944002213439
22.513661850549173 44.19941889195336
22.51365495876197 44.19930694697738
22.51366594836859 44.19919984487891
22.51367991820753 44.19914787707808
22.51371586725971 44.19906983224459
22.513785902718883 44.19899085608849
22.51389281855284 44.19890591946779
22.514125835466217 44.19874182042648
22.51423796670671 44.19865986403808
22.5143169428628 44.1985849857014
22.514335426248785 44.19856305820623
22.514376920037947 44.19851383265512
22.514429819161368 44.19844696369276
22.514474895174985 44.1983828886982
22.51450693267227 44.19832291152305
22.51455294000848 44.19822586770861
22.51458795773807 44.19813087280387
22.51462483811285 44.198032897666835
22.514649983822927 44.1979379027621
22.514672894358775 44.19772891397168
22.514681692874795 44.197631235531134
22.5146838839654 44.19760691071168
22.51469189333972 44.197558854465754
22.514704931856055 44.19751899385867
22.51482283729664 44.19727983021617
22.514868844632858 44.19716397368529
22.5149209986982 44.1970449506576
22.514933850950015 44.196951818398055
22.514931988304824 44.1968449025641
22.51491392064647 44.19674897633677
22.51490770705106 44.19672011997842
22.51489194143322 44.19664690338031
22.514823954883752 44.19652788035261
22.514763977708608 44.19646883450007
22.51469599115914 44.196413886466935
22.51411621270452 44.196030723721066
22.51371996507913 44.19576885243734
22.513644900477935 44.195737932527166
22.513569835876744 44.195715953313915
22.51347092941711 44.19570086588787
22.51337481692526 44.19570086588787
22.513295840769167 44.19572284510112
22.51306189253319 44.195897933749066
22.512986827932004 44.19593295147865
22.51290785177591 44.19594598999499
22.512832560356152 44.1959503305203
22.512823846477804 44.19595083287248
22.5127389098571 44.19594785264018
22.51186681937874 44.19571986486881
22.511550740480672 44.19565052068907
22.510982994235672 44.19552596350445
22.51070192107637 44.19544791867095
22.51044096448513 44.1953439830693
22.51033444445192 44.195276822344546
22.510313932083115 44.19526388932609
22.509801890920144 44.19480884510597
22.509673927195532 44.19473489809189
22.509528827135163 44.19467696982645
22.50942570850584 44.19464041807427
22.50938484466191 44.19462593334822
22.50923192149174 44.194578994689415
22.509000953488073 44.19453987914041
22.508772965716712 44.19450989055283
22.50852895919671 44.19448399978468
22.508292962051023 44.19448399978468
22.50813738143487 44.19449132260754
22.507552933116695 44.194518831249745
22.50682906960311 44.1945767476389
22.506814953092075 44.1945778771023
22.50659590601763 44.19461289483189
22.506406847530755 44.1946618824004
22.50608181594495 44.19477587628609
22.50574188319762 44.19486193049391
22.50560202780055 44.19488852347549
22.505499925587326 44.19490793783011
22.50526690867395 44.19493587750798
22.50501582410222 44.19497294414728
22.504786905008263 44.19502789218041
22.50454699630768 44.19512288708515
22.50431346725431 44.19518679869413
22.504261825328957 44.19520093191864
22.50394685202718 44.19523092050621
22.503658887080675 44.19523092050621
22.503446918057953 44.195203912150944
22.50323383144812 44.19515883613733
22.50307856663401 44.195119947156094
22.50182062830357 44.19480487293657
22.50154497105356 44.19473582941448
22.501381989599363 44.19470584082691
22.501214910325743 44.194698949039704
22.501052860194136 44.19470192927201
22.50089397655935 44.19472185957555
22.500592973096513 44.19476898449888
22.50042604662687 44.19478177886302
22.50028191134964 44.19479282635732
22.49980283900655 44.194791895034726
22.49931892378596 44.19477084714407
22.49897304354298 44.19473761480716
22.49764619943396 44.19461013099926
22.496633920743328 44.19451287078514
22.496313586642525 44.194458139245434
22.495086490584978 44.19424848046598
22.4944339505084 44.19413698898562
22.493778818546573 44.19398932569763
22.49246705592979 44.19369366132415
22.492463830690024 44.19369293437211
22.49246332815445 44.19369285111149
22.49107807965784 44.19346334167695
22.490573990879373 44.19337982371553
22.49040486269604 44.1933619423217
22.490244861474142 44.19337498083804
22.49005785189698 44.19343086019376
22.48991982988834 44.193513934169275
22.489750241869473 44.193622033923866
22.48904289653248 44.19407291399106
22.488815840083713 44.19418094741212
22.488780879022972 44.19419185882598
22.48858189184774 44.194253963103606
22.48840494055461 44.1942958726204
22.488233949726087 44.19431785183365
22.488020863116255 44.194339831046904
22.48778281706086 44.19434187995662
22.48745182501045 44.19430891113674
22.48742486365512 44.194305135298784
22.487129959921464 44.19426383512312
22.48692283377624 44.1942148475546
22.486719991714953 44.19414890991485
22.486186389541217 44.19393550619134
22.48618485375162 44.19393489198241
22.486177736895684 44.19393332185565
22.486016843155404 44.193897825343115
22.485849950146303 44.19388199285899
22.48566685212404 44.19388385550418
22.48549995911494 44.193905834717434
22.484865215481506 44.194030551511176
22.484715971754103 44.19405987547472
22.48453492264155 44.19408297227508
22.48435797134842 44.19409396188171
22.48419890144912 44.194096942114015
22.484030890852903 44.19408297227508
22.48377682604887 44.19403081820974
22.483544926722608 44.193947930498744
22.48322585560141 44.19377284185081
22.482926901048277 44.19357484266702
22.48284494465988 44.193516914401584
22.482788879039635 44.193422850819445
22.482726176128853 44.19326596381233
22.482653837263296 44.19308496698182
22.482586968300943 44.19296985550903
22.48246887659585 44.192798864680505
22.48221090023691 44.19250885082428
22.482121689056903 44.192414916699455
22.482115905332176 44.19240882677754
22.482069897995963 44.192373995312465
22.482013832375717 44.19234288913778
22.481944914503657 44.192331899531155
22.4818009320304 44.19233487976346
22.481670919396077 44.19235592765411
22.48086720798044 44.19255866325613
22.48055295975252 44.192637932136016
22.47994797259453 44.19274894578939
22.479580837863935 44.19281589304405
22.479470949161147 44.1928359313198
22.479179817717817 44.19288696779803
22.47886298177085 44.192906898101576
22.478586937753565 44.19289888872725
22.47828798320043 44.19286089076536
22.478277214204855 44.192858920394194
22.477948981775693 44.192798864680505
22.477002944283253 44.19262582494227
22.47699962846504 44.19262547635316
22.47649090312029 44.192571994496255
22.476045917184187 44.19253287894725
22.475709434363317 44.19247723546778
22.474539968547372 44.19228384328523
22.47443479744225 44.19225245805934
22.47431589233091 44.192216974322875
22.47421493696157 44.19217282963185
22.47416296916074 44.192149919096
22.474131862986056 44.19213688057967
22.473631929016825 44.19187387507872
22.47337698374905 44.191740077110026
22.472869920869243 44.19147396515624
22.47244919432711 44.191120818461016
22.471656966320953 44.19045584329491
22.471597920468405 44.19042492338475
22.47153818448624 44.190403517991136
22.471530865241533 44.19040089526178
22.47138893167799 44.19036382862249
22.470998893775025 44.190271813950055
22.47082194248189 44.19022990443327
22.470559868303535 44.19018799491647
22.4702972806591 44.19016744616036
22.470290902337975 44.19016694702581
22.46962090886282 44.190192837793965
22.469172942694417 44.190162849206395
22.46900757747133 44.19016089366791
22.46892092680009 44.190159868974085
22.468778993236548 44.19016694702581
22.46866686199606 44.190182965774454
22.468323949016423 44.19026883371775
22.467989976733698 44.190373886906514
22.467776119495277 44.190447173017986
22.467770929659252 44.19044895150771
22.467770613653048 44.19044909547965
22.46757795961748 44.19053686836072
22.46748594494505 44.190592933980966
22.46739895941464 44.19065998920783
22.46731290520682 44.19074995497055
22.46724789888966 44.19080099144878
22.467191833269418 44.190832842681544
22.467111925790725 44.1908509103399
22.467032949634632 44.190866929088536
22.46694894433653 44.190866929088536
22.466671233720483 44.19086588985847
22.465853895228815 44.19086283126912
22.465731891968815 44.19085687080451
22.465623858547744 44.19082986244924
22.465428496862163 44.190777710102275
22.46540686038301 44.19077193418381
22.46525188830313 44.190742876918826
22.465058918261356 44.19072983840249
22.464139745085056 44.19080043908802
22.46405495250348 44.190806951913395
22.463977838992577 44.19081384370059
22.463916930494836 44.19081384370059
22.463834974106437 44.19079093316475
22.463773879344178 44.19075181761574
22.463519814540145 44.19057486632261
22.463353852853636 44.19049197861162
22.46315790257956 44.190440942133385
22.462947859135305 44.19038568618515
22.462936992859923 44.19038282760344
22.462704907269146 44.19033290871232
22.46223198165518 44.19025598146594
22.46189782310794 44.190233815988165
22.46166868756316 44.19023518880461
22.461555841450895 44.19023586489787
22.460911925008418 44.19027386285977
22.460378918635172 44.19030369366913
22.460232990836342 44.19031186082166
22.459651845536794 44.19038897433256
22.45939182026815 44.19038990565516
22.45914595110296 44.190369975351615
22.459116613272563 44.190366592719286
22.458893935208632 44.19034091808664
22.45865793806295 44.19029397942783
22.457920889360924 44.1901209396896
22.457825408821954 44.190087877771624
22.457608896291458 44.19001290626853
22.457317951112643 44.18986687488557
22.456962930939262 44.18966682679206
22.456799949485063 44.189560842280706
22.456791027598047 44.18955560184602
22.456622998191932 44.189456906679055
22.456435988614768 44.18936992114864
22.456244881218183 44.1893129242058
22.45618881559794 44.189213831481645
22.4561318186551 44.18912796353835
22.456048930944107 44.18904190933053
22.455944995342456 44.18899292176201
22.45583398168908 44.18895492380012
22.455827868405315 44.188953339759145
22.45569093053842 44.18891785716082
22.45543295417949 44.18888898616036
22.45517497782055 44.188877996553735
22.454729991884456 44.1889128280188
22.454515201475314 44.18893798365231
22.454481887545032 44.18894188528378
22.45428686859355 44.188977834335965
22.454192991275928 44.18900391136864
22.454125936049056 44.18903799777563
22.45405496926729 44.18908493643444
22.453973944201483 44.18915199166131
22.453899997187406 44.18922295844308
22.453771847198276 44.18938482231017
22.453639337240865 44.18965440570567
22.45362581581531 44.18968191421811
22.45351182192963 44.18998198635836
22.453401925863368 44.19019786693598
22.453347909152832 44.19030496903446
22.453261854945016 44.19041393377812
22.45313959009964 44.19049414469888
22.452202690391797 44.19110879061771
22.451268869563787 44.19172141666088
22.45104698354856 44.19186698329151
22.45032421933603 44.19235783029299
22.44953190795031 44.19289590849495
22.449407410226954 44.19297765550057
22.44845698555333 44.19360171808616
22.44841394830675 44.193629976964665
22.447799834187325 44.19403994517118
22.44756227507033 44.194248303201206
22.44697095707739 44.19476693558917
22.446762562547026 44.19494255363893
22.44641197725561 44.19523799855794
22.44600176827954 44.19567746307413
22.445685918160212 44.19601583918965
22.445580864971447 44.196152929875694
22.44544539447747 44.196503334421905
22.445283959328023 44.19692089848789
22.44526589166967 44.19695591621747
22.445240932224117 44.19698385589534
22.445067892485884 44.1970898404067
22.44488498072814 44.19718986445345
22.44476806523114 44.19724551368208
22.444508912664105 44.19736886465629
22.4444278875983 44.1974079802053
22.44436697910056 44.1974519386318
22.44431389371262 44.19750390643263
22.44427794466044 44.197562952285175
22.4441389913292 44.198085983054774
22.44413638370996 44.19809134316098
22.44407193610233 44.198223818798894
22.443992959946236 44.19836686994955
22.443925904719364 44.198496882583875
22.44383593895665 44.19864198264425
22.443626854560787 44.198906329505306
22.44327286131545 44.19935388563619
22.44296104929652 44.19971340851024
22.44277497625593 44.19992795288402
22.442526871916503 44.20021796674023
22.442402819746796 44.2003708899104
22.442325068735688 44.200511898871326
22.44231788312609 44.20052493066769
22.442274856022184 44.20063985587596
22.442276904931894 44.200709891335144
22.44229199235794 44.20078290702662
22.44243597483119 44.201442842217745
22.44243597483119 44.201448
22.44243597483119 44.20151883814153
22.44242386763745 44.201591853833015
22.442378977888353 44.20193495307717
22.44228584562881 44.20228382652142
22.442257476294916 44.20235547914495
22.44214093183296 44.202649836301426
22.44197590146905 44.20298492617126
22.441796030832226 44.20322745705677
22.441628890669993 44.20345282264321
22.4413908446146 44.203895945934114
22.441320941402232 44.20404663842343
22.441177944269285 44.204354901709145
22.441166954662656 44.20445082793648
22.441173846449864 44.20457897792561
22.441205883947145 44.20471588234713
22.44129254124321 44.204917102366885
22.44144188109283 44.20526387256229
22.44156388435283 44.2055469946313
22.441660928167273 44.20581093145484
22.44166340873399 44.20582808870796
22.44168998543225 44.206011910870934
22.441705817916375 44.2061208756146
22.441734875181353 44.206223879893656
22.441843839925017 44.20642299666456
22.441986891075675 44.20661391779662
22.44202351549926 44.20666210404803
22.44208188598041 44.20673890128893
22.44213292245864 44.2068478660326
22.44218395893687 44.20706095264243
22.442216927756743 44.20742994265474
22.442222437432235 44.20757358776575
22.44222996627308 44.20776987540208
22.442210967292137 44.208164942447056
22.44217390065284 44.20842086989628
22.44217881925835 44.2084852216517
22.442182841349755 44.208537844014266
22.442176880885143 44.208617937757474
22.442158999491312 44.20869989414587
22.442053946302547 44.20885598381287
22.44192486499082 44.20898897667949
22.441742884555673 44.209191818740784
22.442815277387673 44.20928002019068
22.44432927288304 44.2094045422817
22.445823370278234 44.20952742780706
22.446473817075947 44.20958092532115
22.447568943073367 44.20969087805192
22.448950200842788 44.2098295589562
22.449022847019645 44.20983685277038
22.450356873505346 44.20991396628128
22.450430935242693 44.20991404565298
22.45174399279779 44.209915452852165
22.45209490773294 44.20991582892647
22.45247283844217 44.20989682994552
22.453180036562888 44.20982418004406
22.454475617043848 44.20969108608987
22.45562592422126 44.20957291594683
22.45577372292981 44.209564607430046
22.456692847386588 44.20951293877169
22.457075840501055 44.20951966573046
22.457657883859973 44.20952988884292
22.45834232711255 44.20959276350955
22.45861695986875 44.20961799196045
22.4596548257691 44.20980984441511
22.459824470082697 44.209847724292935
22.460313829637627 44.20995699338519
22.461037839823316 44.210201931227786
22.46120134815261 44.210269295272454
22.46200399388382 44.21059997850507
22.462471400066743 44.210802089150896
22.462648841648896 44.210878816490144
22.46324581943257 44.211229925108626
22.46362717882066 44.211501309911824
22.464365827985834 44.212026950985795
22.464513180901267 44.21213868512235
22.46541102660964 44.21281949971422
22.465631867922063 44.21298695831717
22.466318851145576 44.213517068959625
22.46647285222574 44.21363590390166
22.467285896851553 44.21417793365221
22.467302415858576 44.21418569931121
22.46812390092292 44.214571883110075
22.46847070322532 44.2146785302244
22.469258996902234 44.21492094281884
22.469750548686648 44.215000020663005
22.470196838755836 44.2150718170793
22.47108699689255 44.21509398255707
22.47145239011562 44.21507263699398
22.47216788989681 44.215030838885106
22.4727678173019 44.21490254983673
22.47321488275859 44.21480694893316
22.47397186176416 44.21462683114321
22.47405533683644 44.21460404232257
22.474465835268777 44.21449197563138
22.475332267244703 44.21425313386403
22.47691662332689 44.21381638820217
22.47815477387369 44.21347507800926
22.47852882322361 44.21337196707812
22.479153926949664 44.21321699499824
22.47937842189897 44.21316774948649
22.480448837886353 44.21293294160663
22.480605258729536 44.212907397625976
22.481857769623744 44.21270285893788
22.48246999418296 44.21260288087881
22.4830972053184 44.212489583941554
22.483787815655496 44.21236483482342
22.484586975012935 44.21215608375513
22.485012877397526 44.212044832379625
22.485960805152654 44.21171238994412
22.48650690510512 44.21152087028744
22.487253733838916 44.21120913333312
22.48756581889613 44.21107886458365
22.488446850071405 44.21074582362352
22.48852796812183 44.210714610808466
22.488703895107744 44.210646917163885
22.48909393301071 44.21049883687121
22.48948583355887 44.210377951198325
22.489812670774302 44.21031114528421
22.48992597661747 44.210287985435606
22.490367982321263 44.21023583137026
22.490807939115346 44.21023285113795
22.49114421783941 44.210248840861595
22.49118791873428 44.210250918796305
22.49159192647618 44.21032393448779
22.492023873895945 44.21044388883808
22.492353009522898 44.210579988167886
22.492514867168257 44.210646917163885
22.492852937270396 44.21083690697336
22.493129912610275 44.211072904119035
22.493262749756543 44.21120135325146
22.493315990864843 44.21125283564447
22.49346984535761 44.21143686498933
22.493673991270526 44.2117488580588
22.493781067263296 44.21201811540888
22.493794876943415 44.21205284175395
22.493894900990163 44.21248683808342
22.49388782293844 44.21286383747005
22.493864010570416 44.21296300130401
22.493819836388973 44.21314695953906
22.49364698291526 44.21351483196426
22.49340893685987 44.21382198215623
22.493350727346375 44.21387444477629
22.493042927079863 44.21415185661953
22.492368478250032 44.21464114549548
22.49132468641696 44.21539837971421
22.490291124212177 44.21614819269784
22.489305902033433 44.21686293669484
22.48928437102526 44.216879184760515
22.48887395461367 44.21718889960324
22.488611880435315 44.21743290612324
22.488438094486327 44.21769782560891
22.488401960322303 44.21775290856703
22.488281819707495 44.21814089756029
22.4882359986358 44.21840688329355
22.488223891442058 44.21863487106491
22.488244584650012 44.218710528337496
22.488276976829997 44.21882895869379
22.48840494055461 44.21910891426598
22.488456908355435 44.219227937293674
22.488725874320995 44.21955986066669
22.488773111806765 44.219606577342255
22.488894816239807 44.21972693994031
22.489212956038408 44.21997485801521
22.4895398502694 44.22015497580517
22.489817162026736 44.22025794342891
22.490018922612492 44.220332858420896
22.490346934430605 44.22041593239641
22.49067997539073 44.22045989082291
22.491013947673455 44.220482987623285
22.491171373050843 44.220474844931346
22.491402867989308 44.22046287105522
22.491730879807417 44.22040289388008
22.49207286146446 44.220302869833326
22.49268790690648 44.22007991120398
22.492734986962315 44.22006079522663
22.49380586655004 44.21962598457097
22.49399309931411 44.21954604476011
22.494496907915853 44.21933094157273
22.494928855335612 44.21925885720385
22.495339449524906 44.21920111739598
22.49536992971681 44.21919683111899
22.495721969657883 44.219201860261
22.496153917077645 44.21923687799059
22.49649683005728 44.21930281563035
22.49674985234998 44.21937825435601
22.497080955589137 44.2194769729557
22.497366871625935 44.21961089714492
22.497620936429968 44.21978691711546
22.497858094127608 44.21998694834019
22.49793386082203 44.220050853939
22.498230952729976 44.22043195114505
22.49829297881483 44.220579845173205
22.498418444252938 44.22089334750184
22.49843789261068 44.22094194339831
22.498485948856604 44.22166781622919
22.498477349292077 44.22191100634337
22.49844108976332 44.222936402328685
22.49843994152039 44.222968873895006
22.49855281781896 44.22382382803762
22.498590462630013 44.22393018887164
22.498712819040858 44.22427589202544
22.498781923177436 44.22441484535668
22.4990091342582 44.22487027139633
22.49903487039435 44.22492185737763
22.4996729854929 44.22575327621644
22.49981699511 44.225940910561555
22.500216905032477 44.22653490811292
22.500276913585033 44.22663962151112
22.500811838830067 44.22757305246062
22.500985991231783 44.22787694397294
22.50138087201225 44.22846181456287
22.501414991549623 44.228495339424214
22.50189384449781 44.228965846351514
22.502303836701408 44.22925584444573
22.5024099834802 44.22933092480893
22.503146845917705 44.22977497942243
22.503344512180018 44.2298764889232
22.504102941694175 44.23026597269474
22.504422919749494 44.23043008347362
22.505689385958256 44.23107963038001
22.506744329386873 44.23162069119611
22.507399823682007 44.23195688199901
22.507785909941298 44.23214583019433
22.508760858522972 44.23262296391926
22.50882546648861 44.23265802025936
22.509300839363803 44.23291595800778
22.51002538598104 44.23329996771492
22.510045897440147 44.23331083878824
22.51090997854419 44.2338139392543
22.51115579864523 44.23398410546753
22.511533964683128 44.23424588667406
22.511858996268938 44.23448784428435
22.51202316956041 44.23462797059354
22.51241089803899 44.23495890725312
22.51255394918965 44.23510084081666
22.512921469708388 44.23546901742678
22.513179984238295 44.23572799345243
22.51363987133592 44.236105924161656
22.513848103300298 44.23623951876531
22.51401091025794 44.23634397021705
22.514466885800665 44.23656786016899
22.51502140844235 44.23673368406806
22.515125889669193 44.23676492803018
22.51582382282221 44.23682490520533
22.516295817113573 44.236808886456686
22.51631227486427 44.23680807928402
22.516724970565548 44.23678783856603
22.517286930619633 44.23669899039043
22.517527042398957 44.23663346126673
22.51881655254193 44.236281539882825
22.51903893468616 44.236220849369936
22.51933286009728 44.23612399182001
22.519983042986055 44.235862274118794
22.52036383421042 44.23570899447148
22.52117159276001 44.23536369864297
22.522230949749744 44.2349108510072
22.522269861326784 44.23489450264162
22.52299482054252 44.23458991724081
22.523541088231433 44.23435666720664
22.52440244157851 44.23398887921238
22.524406891861712 44.233986978992526
22.52463785986538 44.23426488565501
22.52469013399704 44.23432970246208
22.52481082943165 44.234479357606034
22.52488782684999 44.23457482981477
22.525325920998885 44.23508985121004
22.525356905064953 44.235126899395254
22.525498089134228 44.23529571563569
22.52576084865095 44.23560990174733
22.525817836806063 44.23558487171192
22.52650087758528 44.23528487016152
22.526580965582948 44.23537546150314
22.526716364791188 44.23552861798459
22.5268758280622 44.23570899447148
22.526991870857593 44.23588296553231
22.527213318197283 44.23634573017719
22.52727222217777 44.23646882345819
22.527292874320437 44.23651198081326
