60.015462042625806 56.06745937940656
60.01544393633553 56.067458862083974
60.01463159987788 56.06740452211685
60.014293939194694 56.06738193483759
60.01375255411642 56.067343531247005
60.013051927381426 56.067293831720065
60.01281104044946 56.0672764740222
60.01196999186442 56.067215870206496
60.01115995910719 56.06715750131223
60.01013390587595 56.067083566533626
60.009513039658536 56.067038828497694
60.00926498344388 56.067020954199606
60.0085282927684 56.066960980438886
60.00820793229806 56.066934899991786
60.00789911188903 56.06690048325945
60.00703297571167 56.06680395603487
60.00696147754859 56.06679204233247
60.006238594854835 56.066671588758474
60.0061979518726 56.06666481643911
60.00580493373733 56.06656386106977
60.005380639222686 56.066428520005346
60.004727166885665 56.06622007601512
60.00438187281151 56.06610993443675
60.00399374522906 56.065973019003145
60.003780983472936 56.06589796541403
60.003307863472166 56.065715550322096
60.00260674468821 56.065445228528006
60.00191088770131 56.06517693546065
60.001879134062825 56.06516222950924
60.00113681988334 56.06481844414242
60.000515975899546 56.06453091484201
59.99989589545698 56.064243739157774
59.99927093819889 56.06395430489105
59.99872595068945 56.063701906734
59.99846793361276 56.06357774937715
59.99801302327948 56.0633588473366
59.99706197060438 56.062901202486565
59.99677708300607 56.062764115082665
59.99638795844587 56.06257686903872
59.99627098432789 56.06251894077329
59.995833112291464 56.06230498411014
59.99574683597118 56.06226282705954
59.99544131854413 56.06212604262783
59.994980916268695 56.0619199140799
59.99467581498644 56.06180890042653
59.99431876638907 56.06169312313688
59.99427199350905 56.06167795646961
59.99400419057424 56.061606650961934
59.993873946231766 56.06157197195825
59.99330993726797 56.06146598744689
59.99289885147435 56.06140284377492
59.9927204050822 56.061391819629634
59.99235325212389 56.06136913748119
59.99230187369068 56.06136596340014
59.99104495330917 56.06131745356161
59.9907055083701 56.06130435295521
59.990303814194434 56.06128884988924
59.98986981786496 56.06129592794096
59.98933410673283 56.06132763078771
59.98897593443787 56.061348827064386
59.98893405651106 56.06135276430537
59.98760448643505 56.06147776662021
59.98760297866768 56.06147790837611
59.98711734414659 56.06151687545744
59.98698085517393 56.06152782726723
59.98644683479771 56.06157085437113
59.98581483931621 56.06163033813557
59.985692836024455 56.061641821152904
59.985488683203144 56.061662139680145
59.98529981788918 56.06168093670191
59.9849779528002 56.0617168857541
59.98465795035641 56.06176289309031
59.98437687719711 56.061810949336234
59.984098453482346 56.061869063720096
59.984060972572735 56.061876886975995
59.983860362730866 56.061926520455216
59.983664974205155 56.06197486211303
59.98288899621864 56.06222482909765
59.982497111401806 56.06235467382416
59.982254437669326 56.06243507985949
59.98223688413732 56.06244089593979
59.98173285234868 56.06257798662583
59.98153783339719 56.06262585660724
59.981304816483814 56.06266888371115
59.98098048699155 56.06272374018227
59.98090285765163 56.062736870260615
59.98063826350229 56.062768878559474
59.98048096851589 56.06278790673885
59.98000487640511 56.06281696400382
59.97977781995635 56.06282385579103
59.97941087885374 56.0628059743972
59.97936653157495 56.06280191929583
59.979027919002505 56.062770956667606
59.97901491490221 56.06276932607101
59.97837282668888 56.06268881401469
59.97778257442276 56.062586083029736
59.97728300171717 56.06249913445021
59.97621119922238 56.062312591623886
59.97564909425572 56.06221475956091
59.97538588886081 56.06216894974192
59.97488893512388 56.062049926714224
59.974597116305155 56.061954018573545
59.97445084097499 56.06190594424097
59.9740951636167 56.0617670102093
59.97402597160696 56.061739982554464
59.97328691749791 56.06134046727335
59.97318591862587 56.061285869656935
59.97276749968994 56.0610349247633
59.97211110426905 56.06064125453249
59.97172187950586 56.06040781871396
59.97147986980214 56.06028752224601
59.97102189744313 56.060059876592305
59.970753956236045 56.059958412437425
59.97020587258501 56.05975086375514
59.97014108970427 56.05972946578178
59.969361307422275 56.05947190143287
59.96871352934666 56.059257938456106
59.96794181621371 56.05900303937053
59.9671113877399 56.05872874643761
59.966545544096554 56.05854184664141
59.965882859361535 56.05832295995182
59.96553138361027 56.05820492735132
59.965152781731994 56.058077785253786
59.96425993660673 56.05777794996898
59.96380325343736 56.05761285502825
59.96371257350142 56.05758007344213
59.963296949043055 56.05742982158281
59.9629089600498 56.05726590880601
59.96243823960026 56.05703707173431
59.96233501778061 56.05698689125253
59.96114398179464 56.05640787840618
59.96100727749801 56.05634142067961
59.96074493886705 56.05621388680221
59.95974217283543 56.055784214771485
59.959486908305145 56.05567483728397
59.959484164978136 56.05567365903744
59.95934292583189 56.05561299746363
59.9591039484539 56.05550887559747
59.95890185145069 56.05542282138965
59.95840353184398 56.0552172480226
59.958029072424104 56.05506277109107
59.95707683169268 56.0546699402035
59.95697969618324 56.05463178520328
59.95659861807794 56.0544820970483
59.955562333311406 56.05407504255584
59.95526478974215 56.053958166914626
59.954176342555435 56.0535306229311
59.95394520969349 56.05343983353339
59.9527430459918 56.05296762150129
59.95256858472791 56.052899092807706
59.95203092587063 56.052687899455904
59.95137963138521 56.052416378462546
59.951212852102806 56.052346849121456
59.95116943326642 56.05232748782126
59.95083399007098 56.05217790720265
59.95053782948563 56.05201697465815
59.95025098212624 56.0518398371005
59.950196588691945 56.05179671261986
59.94995331367442 56.051603838076815
59.9496279273099 56.05134586359589
59.949254116011474 56.051048099492505
59.949096887165986 56.05092285687304
59.948938859857776 56.050800403307775
59.94818621016947 56.05021718361768
59.947993084850175 56.0500675330025
59.94716403343137 56.0494251104797
59.94703504530928 56.04932515904975
59.94613211859048 56.048625491396514
59.945873424036506 56.04842503192655
59.94514310810557 56.047859118411225
59.944830799239455 56.04761711382005
59.94412706363411 56.04707179709697
59.943721601088704 56.04675760877834
59.94316425933261 56.04632573098537
59.94275795822878 56.04601089287736
59.94221453661233 56.0455898016424
59.941904841555015 56.04534982246197
59.94172409442804 56.04523687921526
59.94154982138164 56.04512798141974
59.941242857454185 56.04499591987571
59.94102836447986 56.04493193247581
59.9408438788543 56.04487689684802
59.940344597715566 56.04475853775182
59.940278938567914 56.04474297265879
59.939489299101915 56.04457950694762
59.938674609976694 56.04441085562892
59.9379032244904 56.04425116873062
59.93715944045195 56.0440971956935
59.93675183363449 56.04401281574397
59.936252053089206 56.04390133121974
59.93562677211378 56.04376185169676
59.9347138631799 56.04355821188101
59.934595821826065 56.04353188075569
59.933921810767565 56.04339404505138
59.93346184343387 56.04329998142943
59.93315189927411 56.04325099386091
59.93309009479015 56.04324211103022
59.93269182591197 56.04318486995663
59.93229561000019 56.043169505972664
59.93210099485742 56.043161959420786
59.93133029938764 56.04314889906779
59.93103481675017 56.04314389176243
59.93064549834343 56.04314708023912
59.92969296715467 56.04315488136906
59.92966010414561 56.04315597574226
59.92884146878728 56.04318323717142
59.92873091091359 56.04318691886634
59.92803372253083 56.04323492787029
59.92793295371383 56.04324186689947
59.92769993680045 56.04326794393214
59.92747288035168 56.04331097103606
59.927111046824976 56.04339489507763
59.92709383205534 56.04339888788906
59.9265320788189 56.043559541477926
59.925918875468945 56.04373490908149
59.9255900111478 56.043834359767345
59.9249746401368 56.04402045191891
59.92404899364534 56.04430037337135
59.92344843437463 56.04448198635739
59.92257953890887 56.04474474593466
59.92248993193708 56.04477184365925
59.92200694803909 56.0449158261325
59.921888080142345 56.04494478570255
59.92150999430217 56.04503689806991
59.92110784920546 56.04509687524506
59.92097981689094 56.04511195290285
59.92082789363327 56.04512984406493
59.92010886166968 56.04514990046573
59.91929208465184 56.045172683329454
59.91881791320781 56.04518590968518
59.91828489453646 56.04520376343211
59.917641188627954 56.04522532470755
59.916454785759406 56.0452650639094
59.91597310768225 56.04528119797553
59.91475709338744 56.04532192902802
59.91430972141151 56.04533691399284
59.91290890858003 56.04538383497166
59.91259021486255 56.04539450978905
59.911105596062335 56.04544423789384
59.91088522661932 56.045451619286794
59.910281969091635 56.045471825721975
59.90964699334607 56.04555191946518
59.9094104977338 56.04559274283483
59.90928342210607 56.04561467835944
59.908702818498824 56.045714900919386
59.907815826858936 56.04589688135453
59.90780613666668 56.04589873991007
59.907581287938115 56.04594186535485
59.90690294445089 56.04607197000247
59.90607465206404 56.04622296069364
59.90583407382459 56.04626681607036
59.904353353650066 56.04653673882485
59.90414719900921 56.04657431907091
59.9028133630228 56.04681746608119
59.902391640850915 56.04689434246352
59.90127811413293 56.047097328958934
59.900692418864345 56.04720409624887
59.89959184936468 56.047404720753065
59.89949799849461 56.04742182897229
59.8991577284997 56.04748531259624
59.89836085360559 56.047633984259534
59.89805198341346 56.047707782888054
59.897670929826894 56.04779882835892
59.89752841081438 56.0478453946579
59.89728498974335 56.047924929438345
59.89700689681635 56.04803892332402
59.896548136034035 56.04824426595424
59.896111495817046 56.04843970735654
59.89513103684333 56.04887856358019
59.89474994392305 56.04904914185459
59.89375608950308 56.049493993918055
59.89341700957329 56.04964576705848
59.89246639017908 56.05007126700152
59.89210282029995 56.05023400191289
59.89142399038577 56.050537848112086
59.8912379121312 56.05061291271328
59.89114201064855 56.05065088504123
59.89100787545013 56.05070399606311
59.890776088203246 56.050784389925056
59.890768898072146 56.05078688377411
59.89056084060432 56.050837920252334
59.890058857725386 56.05093086624736
59.88963893930213 56.050993837946635
59.88957196227249 56.05100388193884
59.88908309922424 56.05105691051114
59.88793552781206 56.05118139133216
59.88737259308613 56.05124245470138
59.88667685285233 56.05131792391802
59.88616270101315 56.051378931030584
59.885693386604295 56.05143461792069
59.88479781638379 56.05154088254737
59.88456706443252 56.0515665709806
59.88399350998763 56.05163042186021
59.8829361240333 56.05174813522442
59.88266788160803 56.05177799728016
59.88229117266942 56.05184301597997
59.88157897922946 56.051965938179926
59.881340838811155 56.05201428837692
59.88069485135139 56.052145444697025
59.879778567725864 56.052331479869515
59.87907434994617 56.05247445882544
59.87821085437004 56.052649776318816
59.87744002479076 56.05280627962166
59.87705796682219 56.05288384972998
59.876695397135094 56.05295690105647
59.876655821725485 56.052964874795784
59.876364876546674 56.05299989252537
59.8760938616714 56.05302894979035
59.875842905008305 56.05303066440109
59.87579397579567 56.05303099870006
59.87547695358418 56.05299989252537
59.87509995419755 56.052926876833894
59.87503550490915 56.05290774258103
59.87466893810039 56.05279891310928
59.87427724856374 56.05267290038971
59.87345215630786 56.052407455159944
59.87273054886401 56.05217530263109
59.87202348568025 56.051947829220765
59.87188987147562 56.05190484341767
59.87117462810738 56.05167461647102
59.87059939319527 56.05148945630974
59.86975285864814 56.05121696854868
59.86956665060217 56.05115514277442
59.86915106183785 56.051017156808264
59.86802301636688 56.0506426172212
59.86764434661941 56.050516889301086
59.86653329455732 56.050147991954965
59.86616682800101 56.05002631580253
59.86513612043386 56.04968409485797
59.86476946303287 56.04956235534029
59.86348039459384 56.04913435206092
59.86343998156726 56.0491209339154
59.86319575825887 56.049043107254974
59.86307583443245 56.049004891120006
59.86277892878903 56.04891585667988
59.86256193062429 56.04887487848568
59.862248819967704 56.04881583263313
59.86213389475943 56.04880484302651
59.862030476348274 56.04879670307229
59.86180495161872 56.04877895225835
59.86147564414839 56.04876577345149
59.86142795223209 56.04876386483231
59.86077584015077 56.04873890538675
59.86029544638465 56.048724426062805
59.85973314706862 56.04870747806197
59.85865410535833 56.04867495517019
59.857910719994955 56.048652549139454
59.85775388459311 56.04864782203692
59.85693825813726 56.048621488469614
59.85608253202535 56.04859386023245
59.85605198568222 56.04859287400379
59.85523588267642 56.04858983849185
59.85469989153817 56.04858784486177
59.85431283199675 56.04861044453135
59.85358888254516 56.048652714561264
59.85250981935525 56.04871571900615
59.852233935569984 56.048731827335025
59.85194299039117 56.04874896367078
59.85163248098955 56.04876696703872
59.85089191184714 56.04880990531591
59.850021441539155 56.04886037527641
59.84925489592685 56.048904819672074
59.84828031701571 56.0489613258604
59.8477859388542 56.04898998995848
59.84752514024503 56.04900004396896
59.846983883835016 56.049020909868645
59.84654859661735 56.04901341209839
59.84639994456768 56.04901085158462
59.84579828682806 56.04898049739726
59.84497483473215 56.04893895348025
59.84484798807616 56.04893246567034
59.84406569714361 56.048892453934705
59.843030342826154 56.048839498798046
59.84296094275179 56.0488359492012
59.84222696770683 56.04879806585525
59.841191108801475 56.04874460109301
59.840414725605875 56.04870452889521
59.839492883670914 56.04865694899836
59.83937804090732 56.04865084605738
59.83864603147228 56.04861194582336
59.83759369230349 56.04855602271914
59.836923317447834 56.048520397852144
59.83580521074554 56.04846097974864
59.83511482445669 56.04842429143984
59.83406113452824 56.04836829655394
59.83325214061204 56.04832530523286
59.83239954854832 56.04827999703161
59.83224793893653 56.0482719402374
59.83142834072865 56.04823087864934
59.83042690723365 56.048180707176
59.830191951174854 56.048168935958344
59.82963105509578 56.04814065911157
59.82878140170584 56.04809782494028
59.82801237479724 56.048059055448256
59.82714054856948 56.04801510346218
59.826350631365656 56.04797528081307
59.82553598572294 56.04793421151186
59.82535186764639 56.047924929438345
59.82470268874766 56.04791940157119
59.82465188558367 56.04791896897373
59.82403087967703 56.04793889927728
59.82359408985313 56.04797690672435
59.82289165619231 56.0480380292797
59.82161307954922 56.048149285154814
59.82109046537706 56.04819476064303
59.82004295632339 56.04828591007633
59.81997354750889 56.04829195942906
59.81949099028756 56.04833401689488
59.81829644724756 56.04843812776683
59.81785042695668 56.048477000842006
59.81653889470946 56.048591307954666
59.81617460460488 56.04862305780307
59.81552287523872 56.04867985953421
59.814685115174925 56.04875314927491
59.81448452472409 56.04877069752383
59.812780187179065 56.04891979803859
59.81272926611395 56.048924252764735
59.81183092620591 56.0490028422103
59.81110933237665 56.04906539233094
59.81081285675154 56.04909109181085
59.81011189095926 56.04915185382556
59.80944487304266 56.04920445310606
59.80918597003488 56.04922486951705
59.80908180069595 56.049229764457685
59.808099861624086 56.04927590599528
59.80776577985183 56.049271311911504
59.807083974936994 56.04926193615635
59.807066453549936 56.04926165590757
59.80652499511521 56.04925299545943
59.80597795004948 56.04923151231313
59.80560484839093 56.04921686014273
59.8052989580538 56.049185142164006
59.80496894132276 56.04915092250297
59.80450290749601 56.049084984863214
59.804338530696974 56.04904772807722
59.803480869946384 56.04885333517489
59.80278084532634 56.04869467125387
59.801690306837415 56.04844749550074
59.80112069608188 56.04831839050451
59.799869069204 56.04803470329922
59.79960429737365 56.04797469150024
59.79928284434861 56.047901832637976
59.798380446311185 56.04768532465729
59.797988668885864 56.0475913274014
59.7966183459755 56.04726255247735
59.7962522205831 56.0471747097892
59.79511333872225 56.04690146339269
59.79500285822905 56.046874956344254
59.794635665065826 56.04678841368079
59.79402683214903 56.04664491966318
59.79370198682775 56.04653688624211
59.79345120949389 56.046442970634146
59.79333094790572 56.04639793291087
59.79304573625237 56.04627689332381
59.792974996409754 56.04624687238589
59.79214290924017 56.045803644961005
59.7919088183025 56.0456789518672
59.79164946457331 56.04554309035755
59.79086493804356 56.045132118982536
59.79044873993717 56.04491409511519
59.78956269054996 56.0444499413598
59.78926088189917 56.04429183999356
59.7891910893108 56.044254610758614
59.78829676012764 56.04377755163163
59.78788859397629 56.043559824880106
59.78693614243152 56.04305176172953
59.78661780034004 56.042881949536095
59.78660288721181 56.04287399447428
59.78597685216315 56.0425629327274
59.78567994651973 56.04245285039662
59.78533181813356 56.04234891479497
59.78504795100647 56.04229191785213
59.785007714456135 56.04228588006508
59.78423490638066 56.04216991459213
59.78399782717254 56.04214146905169
59.783412964661295 56.04207129533065
59.78334381692135 56.042062998758176
59.78247098138491 56.04196688626632
59.78207934824584 56.0419239698015
59.782023946539105 56.04191789869781
59.78182165758222 56.04190643832212
59.78159982222914 56.041893870574846
59.781193951842056 56.04191789869781
59.78080484526168 56.041970984085744
59.78028882109848 56.04203727957832
59.77999372507227 56.04207519163324
59.7798798556599 56.04208982084892
59.77874720599869 56.04236626334613
59.77830155519206 56.04247503203789
59.77811388175444 56.04252083694609
59.77709289093598 56.04273240914198
59.776764137460376 56.04280053423526
59.7751772216007 56.043129378792
59.77508395324352 56.043148706087386
59.77458584549842 56.043251925183505
59.77346929997966 56.0434466382437
59.77335644067428 56.04346631964527
59.771764736141215 56.043743895127285
59.77166094091506 56.04376199585473
59.77138582106052 56.04380997368269
59.7700265253346 56.04397530294028
59.76980548064172 56.044002188300304
59.76830771684533 56.04418435923765
59.768146867338125 56.04420392314056
59.768000971594454 56.044224394435645
59.76669780054227 56.044407248290675
59.76629794373876 56.04446335401667
59.76493410377523 56.04465472060247
59.76481887917561 56.0446708882899
59.7645884215012 56.04469472510199
59.764411891201405 56.04471298407122
59.76371582069358 56.04478786240789
59.76305886573476 56.044855848957354
59.76300319722643 56.044860081409944
59.76278304078377 56.04487681980896
59.762176903236885 56.044922904184226
59.76115623068303 56.0449875590113
59.761088932180904 56.04499182205629
59.76095554731871 56.04499909228022
59.76040888042172 56.04502888869559
59.75968598782314 56.0450719157995
59.75943175423418 56.04509534380691
59.75920896438976 56.045115874226
59.759159511300666 56.045122658434714
59.75811596419177 56.045265817163866
59.7576225126985 56.045376503500776
59.75757315094367 56.04538757585925
59.75735283845707 56.0454369942569
59.75642188839067 56.04566088420885
59.75608028395446 56.04574343705784
59.75583190727657 56.04580346029
59.75539985497444 56.04590787096116
59.75479281890674 56.04605092211182
59.75443888422605 56.04614278353959
59.75435339968728 56.04616497049162
59.75382182196874 56.046302938006136
59.752898863792105 56.04665671321467
59.75269492162827 56.0467348854259
59.75268844320345 56.046738315846675
59.75145699926018 56.04739038343994
59.75136508796576 56.047439051815694
59.75018059795508 56.048066256614355
59.749841805156414 56.04824565236034
59.74887782947451 56.048756091594136
59.74829124887418 56.04906669460811
59.747544995260014 56.049461846820115
59.74675538869288 56.04987995505532
59.74616333343901 56.05019345697847
59.745263200257725 56.05067009067368
59.74491986807256 56.050851890091266
59.744766205424234 56.05092832166869
59.74474086786972 56.05094092453139
59.743805684158694 56.05142968059007
59.74359683119349 56.05153883363766
59.74341643505282 56.051634631979574
59.74254983833171 56.05209483322713
59.74240987623059 56.052178607558936
59.74212432750564 56.05234952278125
59.74112907425337 56.05294523173041
59.740894821153006 56.053085443950714
59.74077697263905 56.053155982192365
59.73984604875093 56.05370970449356
59.73969941457607 56.05379692388257
59.73883199853075 56.054312871120416
59.7386483875363 56.05443925271399
59.7386168630112 56.05446095141309
59.738534098358215 56.05451848662214
59.73779990683049 56.05502887193178
59.7375389427249 56.055216105975134
59.73747187538705 56.055264224810536
59.73645643210678 56.05599277539312
59.736409545767174 56.05602641495793
59.73545834936541 56.05670887030144
59.73528946991709 56.0568300363211
59.73483383062855 56.05715694406234
59.734446655658445 56.057431744663006
59.73423984446829 56.057578530596146
59.73340946844713 56.05816789676649
59.73316084984953 56.05834435584888
59.73238047225739 56.05889823522543
59.73205128047819 56.05913188178226
59.73138419035162 56.05960535445385
59.73133690054723 56.05963891877917
59.7309687925965 56.05991957767314
59.7303090403266 56.06042259680652
59.7299728961558 56.060678885351784
59.72917855014512 56.06128452364986
59.729067826175715 56.061368943632445
59.728943587677065 56.061442673405594
59.727957528874384 56.06202785346355
59.727889889357016 56.062067994372576
59.72758526978563 56.06220455775696
59.72728993134103 56.062336960338136
59.72663408748838 56.062601713881115
59.72656182333593 56.06263088574926
59.726002277341244 56.06283106762023
59.725717858799946 56.0629328205347
59.72517370134443 56.06313958514052
59.72478597741096 56.063286909385475
59.72439652134922 56.06343731449476
59.723695957445265 56.063707867198616
59.72367361122463 56.06371461813556
59.7230239150604 56.063910895524415
59.72283833452739 56.063952960445235
59.72214460375877 56.06411020608612
59.72210190569092 56.064119884314835
59.72102585556416 56.06433595115697
59.72100425823044 56.06433864517978
59.72039142021056 56.06441508978296
59.72022398680949 56.06443597520372
59.71959795176084 56.06449092323685
59.71917205139542 56.06450795463279
59.7186227554708 56.064529920512925
59.71822387840354 56.064545871269985
59.71742817694166 56.06445731590357
59.71742387229406 56.06445683682986
59.71740371239918 56.06445288650249
59.71706080326092 56.0643856935253
59.71677082889015 56.06432887310525
59.71578581613036 56.06395467550528
59.71567596604696 56.06391294443413
59.715622165734565 56.06388699583197
59.71440694587842 56.06330087922441
59.714347855687954 56.06327926661101
59.714184041126785 56.06321935039227
59.71379990981072 56.06307885191766
59.71275198562634 56.06287582359185
59.71268422104104 56.06286464925652
59.71244445230872 56.06282511155101
59.71153996240064 56.06267596176288
59.71098694304348 56.06259791692938
59.71086347494472 56.06259275240774
59.71084612601585 56.06259202672297
59.71060398319224 56.06258189818074
59.71034190901388 56.062579849271025
59.70991387314902 56.062602946071394
59.7091308134806 56.06266131155355
59.709050164403045 56.06266732274591
59.70876182709847 56.06268881401469
59.70749842986537 56.062799409497366
59.70748088600071 56.062800945255184
59.70723913821803 56.06283068553881
59.707115993807825 56.06284583500428
59.706831940416215 56.062893891250205
59.70657992452189 56.06294399640584
59.70635882853774 56.062995964206664
59.70618895529633 56.06304383418807
59.70595280369292 56.063124146671306
59.70589484362069 56.06314385823482
59.70564649858056 56.06325945258532
59.70556590047998 56.06329696766951
59.70508794572401 56.063548983563834
59.704708599812065 56.0637368446615
59.704361686457126 56.0639086443873
59.70434698546708 56.06391592466643
59.70340387639376 56.06443988150322
59.70309069014185 56.06461387630671
59.70216734605921 56.06512685243905
59.701817854464856 56.06532101716023
59.701691971012025 56.06539095339308
59.700965911916626 56.065768884102305
59.70088551587631 56.06580452873035
59.70046451662623 56.06599118421259
59.69985596164739 56.06626099496173
59.699438630663394 56.06642921834133
59.69926587565092 56.0664988547526
59.699003285303725 56.066595832563365
59.69891383570985 56.066628867386925
59.69849995594844 56.06676782071816
59.69793296675234 56.06693191975948
59.697860433184665 56.066947623483266
59.69741160523818 56.067044796010734
59.697212868121554 56.067087823161955
59.69663190908653 56.067174994956886
59.696145724776784 56.06723063680776
59.69596787607598 56.06725099088067
59.69570213577538 56.06727264215334
59.69507399264889 56.067323820307635
59.69446397634888 56.06735697539204
59.694360816204615 56.06735886534888
59.69397596330887 56.06736591608895
59.6939595982516 56.06736534632326
59.69256892113169 56.067316928520434
59.69256205495196 56.06731661174944
59.69219210890992 56.06729954430014
59.691809893216416 56.06728191079085
59.69082472847762 56.06723510458568
59.69029553485614 56.067209962044295
59.68909583524736 56.067152963063506
59.688371766266314 56.06711856179036
59.68733677044921 56.06706938805864
59.68645959084436 56.06702771233992
59.68551692618837 56.06698292535806
59.68462103459949 56.06694036061344
59.683885377164714 56.06690540876076
59.6828175115965 56.06685467335286
59.68210613567251 56.066820875140095
59.6809492378981 56.06676590971914
59.680484902053074 56.06674384863842
59.67924486128789 56.066684933007174
59.67898877738984 56.06667271788144
59.67869487287303 56.06665869872344
59.67703274208486 56.066579415579405
59.67684506198049 56.06657046329427
59.67517591286844 56.06649084537828
59.67511280483285 56.066487448749605
59.67495884433249 56.06647916221927
59.67326478501399 56.06638798380728
59.6731180663289 56.06638008704914
59.67149848735674 56.06629291735138
59.67126023781369 56.066280094178815
59.66982227962861 56.066202699755614
59.66967682547145 56.066194871057455
59.66955563621796 56.06618831072637
59.668272949791096 56.06611887513367
59.668104563149654 56.06610956819545
59.668090969355944 56.066108816849635
59.667827199576 56.06609500575054
59.66634321993406 56.06601730393841
59.66592480615739 56.06599539561315
59.664546568318826 56.065923230487314
59.66433084750915 56.06591193525296
59.66428660923395 56.065909397005015
59.662699469497376 56.06581833210331
59.66250796194048 56.06580734402429
59.6607555429334 56.0657067959371
59.66067606133157 56.06570223554201
59.659415885644016 56.06562993077107
59.658863649532755 56.065613250260256
59.65882515462375 56.06561208750626
59.65849089604223 56.0656019910932
59.657988913163294 56.06560981420301
59.657180897679496 56.0656468808423
59.65708126872784 56.06565292557634
59.65694780975912 56.065661022860894
59.655356806793655 56.06575755293193
59.65506365016652 56.065775339467
59.65446087690728 56.06581191120621
59.65341096509571 56.06587530361255
59.65316758103093 56.06588999884825
59.6515257379679 56.06598913134818
59.65140941746435 56.06599615463961
59.650536842283685 56.066048839674494
59.650465875501915 56.06605386881651
59.64983294866606 56.06608981786869
59.649698296592746 56.066097516883886
59.64962532817375 56.066101689006544
59.64790125069982 56.06620026675833
59.64719097272734 56.06624087839367
59.64790125069982 56.06620026675833
59.64962532817375 56.066101689006544
59.649698296592746 56.066097516883886
59.64983294866606 56.06608981786869
59.650465875501915 56.06605386881651
59.650536842283685 56.066048839674494
59.65140941746435 56.06599615463961
59.6515257379679 56.06598913134818
59.65316758103093 56.06588999884825
59.65341096509571 56.06587530361255
59.65446087690728 56.06581191120621
59.65506365016652 56.065775339467
59.655356806793655 56.06575755293193
59.65694780975912 56.065661022860894
59.65708126872784 56.06565292557634
59.657180897679496 56.0656468808423
59.657988913163294 56.06560981420301
59.65849089604223 56.0656019910932
59.65882515462375 56.06561208750626
59.658863649532755 56.065613250260256
59.659415885644016 56.06562993077107
59.66067606133157 56.06570223554201
59.6607555429334 56.0657067959371
59.66250796194048 56.06580734402429
59.662699469497376 56.06581833210331
59.66428660923395 56.065909397005015
59.66433084750915 56.06591193525296
59.664546568318826 56.065923230487314
59.66592480615739 56.06599539561315
59.66634321993406 56.06601730393841
59.667827199576 56.06609500575054
59.668090969355944 56.066108816849635
59.668104563149654 56.06610956819545
59.668272949791096 56.06611887513367
59.66955563621796 56.06618831072637
59.66967682547145 56.066194871057455
59.66982227962861 56.066202699755614
59.67126023781369 56.066280094178815
59.67149848735674 56.06629291735138
59.6731180663289 56.06638008704914
59.67326478501399 56.06638798380728
59.67495884433249 56.06647916221927
59.67511280483285 56.066487448749605
59.67517591286844 56.06649084537828
59.67684506198049 56.06657046329427
59.67703274208486 56.066579415579405
59.67869487287303 56.06665869872344
59.67898877738984 56.06667271788144
59.67924486128789 56.066684933007174
59.680484902053074 56.06674384863842
59.6809492378981 56.06676590971914
59.68210613567251 56.066820875140095
59.6828175115965 56.06685467335286
59.683885377164714 56.06690540876076
59.68462103459949 56.06694036061344
59.68551692618837 56.06698292535806
59.68645959084436 56.06702771233992
59.68733677044921 56.06706938805864
59.688371766266314 56.06711856179036
59.68909583524736 56.067152963063506
59.69029553485614 56.067209962044295
59.69082472847762 56.06723510458568
59.691809893216416 56.06728191079085
59.69219210890992 56.06729954430014
59.69256205495196 56.06731661174944
59.69256892113169 56.067316928520434
59.6939595982516 56.06736534632326
59.69397596330887 56.06736591608895
59.694360816204615 56.06735886534888
59.69446397634888 56.06735697539204
59.69507399264889 56.067323820307635
59.69570213577538 56.06727264215334
59.69596787607598 56.06725099088067
59.696145724776784 56.06723063680776
59.69663190908653 56.067174994956886
59.697212868121554 56.067087823161955
59.69741160523818 56.067044796010734
59.697860433184665 56.066947623483266
59.69793296675234 56.06693191975948
59.69849995594844 56.06676782071816
59.69891383570985 56.066628867386925
59.699003285303725 56.066595832563365
59.69926587565092 56.0664988547526
59.699438630663394 56.06642921834133
59.69985596164739 56.06626099496173
59.70046451662623 56.06599118421259
59.70088551587631 56.06580452873035
59.700965911916626 56.065768884102305
59.701691971012025 56.06539095339308
59.701817854464856 56.06532101716023
59.70216734605921 56.06512685243905
59.70309069014185 56.06461387630671
59.70340387639376 56.06443988150322
59.70434698546708 56.06391592466643
59.704361686457126 56.0639086443873
59.704708599812065 56.0637368446615
59.70508794572401 56.063548983563834
59.70556590047998 56.06329696766951
59.70564649858056 56.06325945258532
59.70589484362069 56.06314385823482
59.70595280369292 56.063124146671306
59.70618895529633 56.06304383418807
59.70635882853774 56.062995964206664
59.70657992452189 56.06294399640584
59.706831940416215 56.062893891250205
59.707115993807825 56.06284583500428
59.70723913821803 56.06283068553881
59.70748088600071 56.062800945255184
59.70749842986537 56.062799409497366
59.70876182709847 56.06268881401469
59.709050164403045 56.06266732274591
59.7091308134806 56.06266131155355
59.70991387314902 56.062602946071394
59.71034190901388 56.062579849271025
59.71060398319224 56.06258189818074
59.71084612601585 56.06259202672297
59.71086347494472 56.06259275240774
59.71098694304348 56.06259791692938
59.71153996240064 56.06267596176288
59.71244445230872 56.06282511155101
59.71268422104104 56.06286464925652
59.71275198562634 56.06287582359185
59.71379990981072 56.06307885191766
59.714184041126785 56.06321935039227
59.714347855687954 56.06327926661101
59.71440694587842 56.06330087922441
59.715622165734565 56.06388699583197
59.71567596604696 56.06391294443413
59.71578581613036 56.06395467550528
59.71677082889015 56.06432887310525
59.71706080326092 56.0643856935253
59.71740371239918 56.06445288650249
59.71742387229406 56.06445683682986
59.71742817694166 56.06445731590357
59.71822387840354 56.064545871269985
59.7186227554708 56.064529920512925
59.71917205139542 56.06450795463279
59.71959795176084 56.06449092323685
59.72022398680949 56.06443597520372
59.72039142021056 56.06441508978296
59.72100425823044 56.06433864517978
59.72102585556416 56.06433595115697
59.72210190569092 56.064119884314835
59.72214460375877 56.06411020608612
59.72283833452739 56.063952960445235
59.7230239150604 56.063910895524415
59.72367361122463 56.06371461813556
59.723695957445265 56.063707867198616
59.72439652134922 56.06343731449476
59.72478597741096 56.063286909385475
59.72517370134443 56.06313958514052
59.725717858799946 56.0629328205347
59.726002277341244 56.06283106762023
59.72656182333593 56.06263088574926
59.72663408748838 56.062601713881115
59.72728993134103 56.062336960338136
59.72758526978563 56.06220455775696
59.727889889357016 56.062067994372576
59.727957528874384 56.06202785346355
59.728943587677065 56.061442673405594
59.729067826175715 56.061368943632445
59.72917855014512 56.06128452364986
59.7299728961558 56.060678885351784
59.7303090403266 56.06042259680652
59.7309687925965 56.05991957767314
59.73133690054723 56.05963891877917
59.73138419035162 56.05960535445385
59.73205128047819 56.05913188178226
59.73238047225739 56.05889823522543
59.73316084984953 56.05834435584888
59.73340946844713 56.05816789676649
59.73423984446829 56.057578530596146
59.734446655658445 56.057431744663006
59.73483383062855 56.05715694406234
59.73528946991709 56.0568300363211
59.73545834936541 56.05670887030144
59.736409545767174 56.05602641495793
59.73645643210678 56.05599277539312
59.73747187538705 56.055264224810536
59.7375389427249 56.055216105975134
59.73779990683049 56.05502887193178
59.738534098358215 56.05451848662214
59.7386168630112 56.05446095141309
59.7386483875363 56.05443925271399
59.73883199853075 56.054312871120416
59.73969941457607 56.05379692388257
59.73984604875093 56.05370970449356
59.74077697263905 56.053155982192365
59.740894821153006 56.053085443950714
59.74112907425337 56.05294523173041
59.74212432750564 56.05234952278125
59.74240987623059 56.052178607558936
59.74254983833171 56.05209483322713
59.74341643505282 56.051634631979574
59.74359683119349 56.05153883363766
59.743805684158694 56.05142968059007
59.74474086786972 56.05094092453139
59.744766205424234 56.05092832166869
59.74491986807256 56.050851890091266
59.745263200257725 56.05067009067368
59.74616333343901 56.05019345697847
59.74675538869288 56.04987995505532
59.747544995260014 56.049461846820115
59.74829124887418 56.04906669460811
59.74887782947451 56.048756091594136
59.749841805156414 56.04824565236034
59.75018059795508 56.048066256614355
59.75136508796576 56.047439051815694
59.75145699926018 56.04739038343994
59.75268844320345 56.046738315846675
59.75269492162827 56.0467348854259
59.752898863792105 56.04665671321467
59.75382182196874 56.046302938006136
59.75435339968728 56.04616497049162
59.75443888422605 56.04614278353959
59.75479281890674 56.04605092211182
59.7547927719979 56.046050527009655
59.754769908370896 56.04585795207005
59.75474997806735 56.04567094249288
59.75491811561629 56.045765854059816
59.75492157810039 56.04576780858927
59.75496082950296 56.04578996552058
59.75513982970581 56.04585292292803
59.75539985497444 56.04590787096116
59.75583190727657 56.04580346029
59.75608028395446 56.04574343705784
59.75642188839067 56.04566088420885
59.75735283845707 56.0454369942569
59.75757315094367 56.04538757585925
59.7576225126985 56.045376503500776
59.75811596419177 56.045265817163866
59.759159511300666 56.045122658434714
59.75920896438976 56.045115874226
59.75943175423418 56.04509534380691
59.75968598782314 56.0450719157995
59.76040888042172 56.04502888869559
59.76095554731871 56.04499909228022
59.761088932180904 56.04499182205629
59.76115623068303 56.0449875590113
59.762176903236885 56.044922904184226
59.76278304078377 56.04487681980896
59.76300319722643 56.044860081409944
59.76305886573476 56.044855848957354
59.76371582069358 56.04478786240789
59.764411891201405 56.04471298407122
59.7645884215012 56.04469472510199
59.76481887917561 56.0446708882899
59.76493410377523 56.04465472060247
59.76629794373876 56.04446335401667
59.76669780054227 56.044407248290675
59.768000971594454 56.044224394435645
59.768146867338125 56.04420392314056
59.76830771684533 56.04418435923765
59.76980548064172 56.044002188300304
59.7700265253346 56.04397530294028
59.77138582106052 56.04380997368269
59.77166094091506 56.04376199585473
59.771764736141215 56.043743895127285
59.77335644067428 56.04346631964527
59.77346929997966 56.0434466382437
59.77458584549842 56.043251925183505
59.77508395324352 56.043148706087386
59.7751772216007 56.043129378792
59.776764137460376 56.04280053423526
59.77709289093598 56.04273240914198
59.77811388175444 56.04252083694609
59.77830155519206 56.04247503203789
59.77874720599869 56.04236626334613
59.7798798556599 56.04208982084892
59.77999372507227 56.04207519163324
59.78028882109848 56.04203727957832
59.78080484526168 56.041970984085744
59.781193951842056 56.04191789869781
59.78159982222914 56.041893870574846
59.78182165758222 56.04190643832212
59.782023946539105 56.04191789869781
59.78207934824584 56.0419239698015
59.78247098138491 56.04196688626632
59.78334381692135 56.042062998758176
59.783412964661295 56.04207129533065
59.78399782717254 56.04214146905169
59.78423490638066 56.04216991459213
59.785007714456135 56.04228588006508
59.78504795100647 56.04229191785213
59.78533181813356 56.04234891479497
59.78567994651973 56.04245285039662
59.78597685216315 56.0425629327274
59.78660288721181 56.04287399447428
59.78661780034004 56.042881949536095
59.78693614243152 56.04305176172953
59.78788859397629 56.043559824880106
59.78829676012764 56.04377755163163
59.7891910893108 56.044254610758614
59.78926088189917 56.04429183999356
59.78956269054996 56.0444499413598
59.79044873993717 56.04491409511519
59.79086493804356 56.045132118982536
59.79164946457331 56.04554309035755
59.7919088183025 56.0456789518672
59.79214290924017 56.045803644961005
59.792974996409754 56.04624687238589
59.79304573625237 56.04627689332381
59.79333094790572 56.04639793291087
59.79345120949389 56.046442970634146
59.79370198682775 56.04653688624211
59.79402683214903 56.04664491966318
59.794635665065826 56.04678841368079
59.79500285822905 56.046874956344254
59.79511333872225 56.04690146339269
59.7962522205831 56.0471747097892
59.7966183459755 56.04726255247735
59.797988668885864 56.0475913274014
59.798380446311185 56.04768532465729
59.79928284434861 56.047901832637976
59.79960429737365 56.04797469150024
59.799869069204 56.04803470329922
59.80112069608188 56.04831839050451
59.801690306837415 56.04844749550074
59.80278084532634 56.04869467125387
59.803480869946384 56.04885333517489
59.804338530696974 56.04904772807722
59.80450290749601 56.049084984863214
59.80496894132276 56.04915092250297
59.8052989580538 56.049185142164006
59.80560484839093 56.04921686014273
59.80597795004948 56.04923151231313
59.80652499511521 56.04925299545943
59.807066453549936 56.04926165590757
59.807083974936994 56.04926193615635
59.80776577985183 56.049271311911504
59.808099861624086 56.04927590599528
59.80908180069595 56.049229764457685
59.80918597003488 56.04922486951705
59.80944487304266 56.04920445310606
59.81011189095926 56.04915185382556
59.81081285675154 56.04909109181085
59.81110933237665 56.04906539233094
59.81183092620591 56.0490028422103
59.81272926611395 56.048924252764735
59.812780187179065 56.04891979803859
59.81448452472409 56.04877069752383
59.814685115174925 56.04875314927491
59.81552287523872 56.04867985953421
59.81617460460488 56.04862305780307
59.81653889470946 56.048591307954666
59.81785042695668 56.048477000842006
59.81829644724756 56.04843812776683
59.81949099028756 56.04833401689488
59.81997354750889 56.04829195942906
59.82004295632339 56.04828591007633
59.82109046537706 56.04819476064303
59.82161307954922 56.048149285154814
59.82289165619231 56.0480380292797
59.82359408985313 56.04797690672435
59.82403087967703 56.04793889927728
59.82465188558367 56.04791896897373
59.82470268874766 56.04791940157119
59.82535186764639 56.047924929438345
59.82553598572294 56.04793421151186
59.826350631365656 56.04797528081307
59.82714054856948 56.04801510346218
59.82801237479724 56.048059055448256
59.82878140170584 56.04809782494028
59.82963105509578 56.04814065911157
59.830191951174854 56.048168935958344
59.83042690723365 56.048180707176
59.83142834072865 56.04823087864934
59.83224793893653 56.0482719402374
59.83239954854832 56.04827999703161
59.83325214061204 56.04832530523286
59.83406113452824 56.04836829655394
59.83511482445669 56.04842429143984
59.83580521074554 56.04846097974864
59.836923317447834 56.048520397852144
59.83759369230349 56.04855602271914
59.83864603147228 56.04861194582336
59.83937804090732 56.04865084605738
59.839492883670914 56.04865694899836
59.840414725605875 56.04870452889521
59.841191108801475 56.04874460109301
59.84222696770683 56.04879806585525
59.84296094275179 56.0488359492012
59.843030342826154 56.048839498798046
59.84406569714361 56.048892453934705
59.84484798807616 56.04893246567034
59.84497483473215 56.04893895348025
59.84579828682806 56.04898049739726
59.84639994456768 56.04901085158462
59.84654859661735 56.04901341209839
59.846983883835016 56.049020909868645
59.84752514024503 56.04900004396896
59.8477859388542 56.04898998995848
59.84828031701571 56.0489613258604
59.84925489592685 56.048904819672074
59.850021441539155 56.04886037527641
59.85089191184714 56.04880990531591
59.85163248098955 56.04876696703872
59.85194299039117 56.04874896367078
59.852233935569984 56.048731827335025
59.85250981935525 56.04871571900615
59.85358888254516 56.048652714561264
59.85431283199675 56.04861044453135
59.85469989153817 56.04858784486177
59.85523588267642 56.04858983849185
59.85605198568222 56.04859287400379
59.85608253202535 56.04859386023245
59.85693825813726 56.048621488469614
59.85775388459311 56.04864782203692
59.857910719994955 56.048652549139454
59.85865410535833 56.04867495517019
59.85973314706862 56.04870747806197
59.86029544638465 56.048724426062805
59.86077584015077 56.04873890538675
59.86142795223209 56.04876386483231
59.86147564414839 56.04876577345149
59.86180495161872 56.04877895225835
59.862030476348274 56.04879670307229
59.86213389475943 56.04880484302651
59.862248819967704 56.04881583263313
59.86256193062429 56.04887487848568
59.86277892878903 56.04891585667988
59.86307583443245 56.049004891120006
59.86319575825887 56.049043107254974
59.86343998156726 56.0491209339154
59.86348039459384 56.04913435206092
59.86476946303287 56.04956235534029
59.86513612043386 56.04968409485797
59.86616682800101 56.05002631580253
59.86653329455732 56.050147991954965
59.86764434661941 56.050516889301086
59.86802301636688 56.0506426172212
59.86915106183785 56.051017156808264
59.86956665060217 56.05115514277442
59.86975285864814 56.05121696854868
59.87059939319527 56.05148945630974
59.87117462810738 56.05167461647102
59.87188987147562 56.05190484341767
59.87202348568025 56.051947829220765
59.87273054886401 56.05217530263109
59.87345215630786 56.052407455159944
59.87427724856374 56.05267290038971
59.87466893810039 56.05279891310928
59.87503550490915 56.05290774258103
59.87509995419755 56.052926876833894
59.87547695358418 56.05299989252537
59.87579397579567 56.05303099870006
59.875842905008305 56.05303066440109
59.8760938616714 56.05302894979035
59.876364876546674 56.05299989252537
59.876655821725485 56.052964874795784
59.876695397135094 56.05295690105647
59.87705796682219 56.05288384972998
59.87744002479076 56.05280627962166
59.87821085437004 56.052649776318816
59.87907434994617 56.05247445882544
59.879778567725864 56.052331479869515
59.88069485135139 56.052145444697025
59.881340838811155 56.05201428837692
59.88157897922946 56.051965938179926
59.88229117266942 56.05184301597997
59.88266788160803 56.05177799728016
59.8829361240333 56.05174813522442
59.88399350998763 56.05163042186021
59.88456706443252 56.0515665709806
59.88479781638379 56.05154088254737
59.885693386604295 56.05143461792069
59.88616270101315 56.051378931030584
59.88667685285233 56.05131792391802
59.88737259308613 56.05124245470138
59.88793552781206 56.05118139133216
59.88908309922424 56.05105691051114
59.88957196227249 56.05100388193884
59.88963893930213 56.050993837946635
59.890058857725386 56.05093086624736
59.89056084060432 56.050837920252334
59.890768898072146 56.05078688377411
59.890776088203246 56.050784389925056
59.89100787545013 56.05070399606311
59.89114201064855 56.05065088504123
59.8912379121312 56.05061291271328
59.89142399038577 56.050537848112086
59.89210282029995 56.05023400191289
59.89246639017908 56.05007126700152
59.89341700957329 56.04964576705848
59.89375608950308 56.049493993918055
59.89474994392305 56.04904914185459
59.89513103684333 56.04887856358019
59.896111495817046 56.04843970735654
59.896548136034035 56.04824426595424
59.89700689681635 56.04803892332402
59.89728498974335 56.047924929438345
59.89752841081438 56.0478453946579
59.897670929826894 56.04779882835892
59.89805198341346 56.047707782888054
59.89836085360559 56.047633984259534
59.8991577284997 56.04748531259624
59.89949799849461 56.04742182897229
59.89959184936468 56.047404720753065
59.900692418864345 56.04720409624887
59.90127811413293 56.047097328958934
59.902391640850915 56.04689434246352
59.9028133630228 56.04681746608119
59.90414719900921 56.04657431907091
59.904353353650066 56.04653673882485
59.90583407382459 56.04626681607036
59.90607465206404 56.04622296069364
59.90690294445089 56.04607197000247
59.907581287938115 56.04594186535485
59.90780613666668 56.04589873991007
59.907815826858936 56.04589688135453
59.908702818498824 56.045714900919386
59.90928342210607 56.04561467835944
59.9094104977338 56.04559274283483
59.90964699334607 56.04555191946518
59.910281969091635 56.045471825721975
59.91088522661932 56.045451619286794
59.911105596062335 56.04544423789384
59.91259021486255 56.04539450978905
59.91290890858003 56.04538383497166
59.91430972141151 56.04533691399284
59.91475709338744 56.04532192902802
59.91597310768225 56.04528119797553
59.916454785759406 56.0452650639094
59.917641188627954 56.04522532470755
59.91828489453646 56.04520376343211
59.91881791320781 56.04518590968518
59.91929208465184 56.045172683329454
59.92010886166968 56.04514990046573
59.92082789363327 56.04512984406493
59.92097981689094 56.04511195290285
59.92110784920546 56.04509687524506
59.92150999430217 56.04503689806991
59.921888080142345 56.04494478570255
59.92200694803909 56.0449158261325
59.92248993193708 56.04477184365925
59.92257953890887 56.04474474593466
59.92344843437463 56.04448198635739
59.92404899364534 56.04430037337135
59.9249746401368 56.04402045191891
59.9255900111478 56.043834359767345
59.925918875468945 56.04373490908149
59.9265320788189 56.043559541477926
59.92709383205534 56.04339888788906
59.927111046824976 56.04339489507763
59.92747288035168 56.04331097103606
59.92769993680045 56.04326794393214
59.92793295371383 56.04324186689947
59.92803372253083 56.04323492787029
59.92873091091359 56.04318691886634
59.92884146878728 56.04318323717142
59.92966010414561 56.04315597574226
59.92969296715467 56.04315488136906
59.93064549834343 56.04314708023912
59.93103481675017 56.04314389176243
59.93133029938764 56.04314889906779
59.93210099485742 56.043161959420786
59.93229561000019 56.043169505972664
59.93269182591197 56.04318486995663
59.93309009479015 56.04324211103022
59.93315189927411 56.04325099386091
59.93346184343387 56.04329998142943
59.933921810767565 56.04339404505138
59.934595821826065 56.04353188075569
59.9347138631799 56.04355821188101
59.93562677211378 56.04376185169676
59.936252053089206 56.04390133121974
59.93675183363449 56.04401281574397
59.93715944045195 56.0440971956935
59.9379032244904 56.04425116873062
59.938674609976694 56.04441085562892
59.939489299101915 56.04457950694762
59.940278938567914 56.04474297265879
59.940344597715566 56.04475853775182
59.9408438788543 56.04487689684802
59.94102836447986 56.04493193247581
59.941242857454185 56.04499591987571
59.94154982138164 56.04512798141974
59.94172409442804 56.04523687921526
59.941904841555015 56.04534982246197
59.94221453661233 56.0455898016424
59.94275795822878 56.04601089287736
59.94316425933261 56.04632573098537
59.943721601088704 56.04675760877834
59.94412706363411 56.04707179709697
59.944830799239455 56.04761711382005
59.94514310810557 56.047859118411225
59.945873424036506 56.04842503192655
59.94613211859048 56.048625491396514
59.94703504530928 56.04932515904975
59.94716403343137 56.0494251104797
59.947993084850175 56.0500675330025
59.94818621016947 56.05021718361768
59.948938859857776 56.050800403307775
59.949096887165986 56.05092285687304
59.949254116011474 56.051048099492505
59.9496279273099 56.05134586359589
59.94995331367442 56.051603838076815
59.950196588691945 56.05179671261986
59.95025098212624 56.0518398371005
59.95053782948563 56.05201697465815
59.95083399007098 56.05217790720265
59.95116943326642 56.05232748782126
59.951212852102806 56.052346849121456
59.95137963138521 56.052416378462546
59.95203092587063 56.052687899455904
59.95256858472791 56.052899092807706
59.9527430459918 56.05296762150129
59.95394520969349 56.05343983353339
59.954176342555435 56.0535306229311
59.95526478974215 56.053958166914626
59.955562333311406 56.05407504255584
59.95659861807794 56.0544820970483
59.95697969618324 56.05463178520328
59.95707683169268 56.0546699402035
59.958029072424104 56.05506277109107
59.95840353184398 56.0552172480226
59.95890185145069 56.05542282138965
59.9591039484539 56.05550887559747
59.95934292583189 56.05561299746363
59.959484164978136 56.05567365903744
59.959486908305145 56.05567483728397
59.95974217283543 56.055784214771485
59.96074493886705 56.05621388680221
59.96100727749801 56.05634142067961
59.96114398179464 56.05640787840618
59.96233501778061 56.05698689125253
59.96243823960026 56.05703707173431
59.9629089600498 56.05726590880601
59.963296949043055 56.05742982158281
59.96371257350142 56.05758007344213
59.96380325343736 56.05761285502825
59.96425993660673 56.05777794996898
59.965152781731994 56.058077785253786
59.96553138361027 56.05820492735132
59.965882859361535 56.05832295995182
59.966545544096554 56.05854184664141
59.9671113877399 56.05872874643761
59.96794181621371 56.05900303937053
59.96871352934666 56.059257938456106
59.969361307422275 56.05947190143287
59.97014108970427 56.05972946578178
59.97020587258501 56.05975086375514
59.970753956236045 56.059958412437425
59.97102189744313 56.060059876592305
59.97147986980214 56.06028752224601
59.97172187950586 56.06040781871396
59.97211110426905 56.06064125453249
59.97276749968994 56.0610349247633
59.97318591862587 56.061285869656935
59.97328691749791 56.06134046727335
59.97402597160696 56.061739982554464
59.9740951636167 56.0617670102093
59.97445084097499 56.06190594424097
59.974597116305155 56.061954018573545
59.97488893512388 56.062049926714224
59.97538588886081 56.06216894974192
59.97564909425572 56.06221475956091
59.97621119922238 56.062312591623886
59.97728300171717 56.06249913445021
59.97778257442276 56.062586083029736
59.97837282668888 56.06268881401469
59.97901491490221 56.06276932607101
59.979027919002505 56.062770956667606
59.97936653157495 56.06280191929583
59.97941087885374 56.0628059743972
59.97977781995635 56.06282385579103
59.98000487640511 56.06281696400382
59.98048096851589 56.06278790673885
59.98063826350229 56.062768878559474
59.98090285765163 56.062736870260615
59.98098048699155 56.06272374018227
59.981304816483814 56.06266888371115
59.98153783339719 56.06262585660724
59.98173285234868 56.06257798662583
59.98223688413732 56.06244089593979
59.982254437669326 56.06243507985949
59.982497111401806 56.06235467382416
59.98288899621864 56.06222482909765
59.983664974205155 56.06197486211303
59.983860362730866 56.061926520455216
59.984060972572735 56.061876886975995
59.984098453482346 56.061869063720096
59.98437687719711 56.061810949336234
59.98465795035641 56.06176289309031
59.9849779528002 56.0617168857541
59.98529981788918 56.06168093670191
59.985488683203144 56.061662139680145
59.985692836024455 56.061641821152904
59.98581483931621 56.06163033813557
59.98644683479771 56.06157085437113
59.98698085517393 56.06152782726723
59.98711734414659 56.06151687545744
59.98760297866768 56.06147790837611
59.98760448643505 56.06147776662021
59.98893405651106 56.06135276430537
59.98897593443787 56.061348827064386
59.98933410673283 56.06132763078771
59.98986981786496 56.06129592794096
59.990303814194434 56.06128884988924
59.9907055083701 56.06130435295521
59.99104495330917 56.06131745356161
59.99230187369068 56.06136596340014
59.99235325212389 56.06136913748119
59.9927204050822 56.061391819629634
59.99289885147435 56.06140284377492
59.99330993726797 56.06146598744689
59.993873946231766 56.06157197195825
59.99400419057424 56.061606650961934
59.99427199350905 56.06167795646961
59.99431876638907 56.06169312313688
59.99467581498644 56.06180890042653
59.994980916268695 56.0619199140799
59.99544131854413 56.06212604262783
59.99574683597118 56.06226282705954
59.995833112291464 56.06230498411014
59.99627098432789 56.06251894077329
59.99638795844587 56.06257686903872
59.99677708300607 56.062764115082665
59.99706197060438 56.062901202486565
59.99801302327948 56.0633588473366
59.99846793361276 56.06357774937715
59.99872595068945 56.063701906734
59.99927093819889 56.06395430489105
59.99989589545698 56.064243739157774
60.000515975899546 56.06453091484201
60.00113681988334 56.06481844414242
60.001879134062825 56.06516222950924
60.00191088770131 56.06517693546065
60.00260674468821 56.065445228528006
60.003307863472166 56.065715550322096
60.003780983472936 56.06589796541403
60.00399374522906 56.065973019003145
60.00438187281151 56.06610993443675
60.004727166885665 56.06622007601512
60.005380639222686 56.066428520005346
60.00580493373733 56.06656386106977
60.0061979518726 56.06666481643911
60.006238594854835 56.066671588758474
60.00696147754859 56.06679204233247
60.00703297571167 56.06680395603487
60.00789911188903 56.06690048325945
60.00820793229806 56.066934899991786
60.0085282927684 56.066960980438886
60.00926498344388 56.067020954199606
60.009513039658536 56.067038828497694
60.01013390587595 56.067083566533626
60.01115995910719 56.06715750131223
60.01196999186442 56.067215870206496
60.01281104044946 56.0672764740222
60.013051927381426 56.067293831720065
60.01375255411642 56.067343531247005
60.014293939194694 56.06738193483759
60.01463159987788 56.06740452211685
60.01544393633553 56.067458862083974
60.015462042625806 56.06745937940656
60.01610890066867 56.06747786106492
60.01625332196071 56.067479595249665
60.01677591391152 56.06748587043924
60.01685971175715 56.06747633589511
