24.400789862866485 60.45265511244637
24.400787973421544 60.45265295623212
24.40241089617634 60.45232792464632
24.402889485051663 60.452255408757594
24.403525875587594 60.452158982727504
24.40401984909221 60.45208391812631
24.40434190044571 60.45192596581413
24.40447098175744 60.45177788552145
24.404471185955813 60.45177724829714
24.404555918378144 60.4515128311108
24.40464197258596 60.45127981419742
24.404990660827572 60.45083718711446
24.40504989188276 60.45076199883436
24.405478859070215 60.45040194951896
24.405972832574832 60.450168932605585
24.406126993446396 60.45011569976697
24.40661581769472 60.44994690529884
24.407109977463858 60.44971388838546
24.407474869656745 60.44950191936274
24.407628813474712 60.44940732200213
24.407731914693084 60.44934396705055
24.407967911838767 60.449300939946646
24.40798802832544 60.44930589062447
24.408182861093795 60.44935383907006
24.408675903275817 60.44962895176475
24.40946693974808 60.450046261419345
24.40959884396789 60.450115847217646
24.409991155988113 60.4503793424001
24.41013491325382 60.45047589653304
24.410635812956013 60.45085015466359
24.410842904690867 60.45100488776725
24.41146595950721 60.45137499536667
24.41204486963253 60.45165085311944
24.412238593046883 60.45171898303054
24.412795888173488 60.451914976207505
24.412840178714625 60.45192764712353
24.414739332832568 60.45247096905503
24.41494184169788 60.45252890406241
24.41506684030517 60.452605878313
24.41511395011352 60.45263488857377
24.41524191383813 60.45276192097579
24.415585944404885 60.45326986431934
24.415755432863513 60.45347903284356
24.415799962337314 60.45353398740741
24.416057938696248 60.45386199922551
24.41605948836899 60.45386358547438
24.41635782457198 60.454168963152966
24.416636848821568 60.45435988428503
24.417001927278974 60.45451783659721
24.41718404184312 60.45455839152116
24.417234498992244 60.454569627777055
24.41766689161212 60.45466591688989
24.4185469914648 60.45476184311722
24.419463293268187 60.4547971034965
24.419580321397437 60.45480160687761
24.41964092298539 60.45480393889853
24.420262860214624 60.45493097130055
24.42146770676016 60.45510857691827
24.421700822301972 60.45514294032327
24.42146770676016 60.45510857691827
24.420262860214624 60.45493097130055
24.41964092298539 60.45480393889853
24.419580321397437 60.45480160687761
24.419463293268187 60.4547971034965
24.4185469914648 60.45476184311722
24.41766689161212 60.45466591688989
24.417234498992244 60.454569627777055
24.41718404184312 60.45455839152116
24.417001927278974 60.45451783659721
24.416636848821568 60.45435988428503
24.41635782457198 60.454168963152966
24.41605948836899 60.45386358547438
24.416057938696248 60.45386199922551
24.415799962337314 60.45353398740741
24.415755432863513 60.45347903284356
24.415585944404885 60.45326986431934
24.41524191383813 60.45276192097579
24.41511395011352 60.45263488857377
24.41506684030517 60.452605878313
24.41494184169788 60.45252890406241
24.414739332832568 60.45247096905503
24.412840178714625 60.45192764712353
24.412795888173488 60.451914976207505
24.412238593046883 60.45171898303054
24.41204486963253 60.45165085311944
24.41146595950721 60.45137499536667
24.410842904690867 60.45100488776725
24.410635812956013 60.45085015466359
24.41013491325382 60.45047589653304
24.409991155988113 60.4503793424001
24.40959884396789 60.450115847217646
24.40946693974808 60.450046261419345
24.408675903275817 60.44962895176475
24.408182861093795 60.44935383907006
24.40798802832544 60.44930589062447
24.407967911838767 60.449300939946646
24.407731914693084 60.44934396705055
24.407859302845974 60.44925285255124
24.407924884734857 60.44920594504191
24.408718930379724 60.44863485802639
24.40886887331759 60.448475974391606
24.40886148690302 60.44844694034646
24.40882584621368 60.448306846208276
24.40889085253084 60.4481479625735
24.40921290388434 60.44795685517691
24.41000694952921 60.447681928746746
24.41061958091047 60.44753672819
24.41107890183655 60.44742786394271
24.41140095319005 60.44731182114731
24.41223727238209 60.446984768184514
24.41253884313715 60.446866835211225
24.41273199944344 60.44675097868035
24.413117939526987 60.44633784397701
24.413265598230932 60.4461642612149
24.41367598802617 60.445681820340795
24.413975314551237 60.44520567158278
24.414061928109717 60.44506789248589
24.414319904468652 60.44443291674032
24.41429670925998 60.44402213059881
24.414276877364745 60.443670908592736
24.4141759219954 60.4434939572996
24.413971962347 60.44323989249557
24.41370696303338 60.44269634349339
24.413585835998937 60.44244789576042
24.413611913031605 60.44186395649308
24.41363887907592 60.44179900858057
24.413843998622387 60.4413049766713
24.414332942984988 60.441016825460274
24.414428406931258 60.44096504196688
24.41577448835558 60.440234873130606
24.415877820906292 60.440178821388905
24.41637589223033 60.43956899135341
24.417145909752232 60.43962785094145
24.417425474661957 60.43968035340263
24.417997883662533 60.43978785216334
24.419668810472775 60.4401717862424
24.41979589506527 60.44020098686668
24.420066909940545 60.44020396709898
24.420623840852613 60.44005197525141
24.421550879964503 60.43984061416464
24.42242688139737 60.439640889457785
24.423619408528975 60.439223062419096
24.42375699632817 60.43917485563103
24.424142936411716 60.43886994061328
24.424804920512543 60.438253963848666
24.42499357821214 60.43819135806417
24.425473982665107 60.43803193654191
24.425928840620717 60.43793899054689
24.4276743332545 60.437741800801106
24.429857712295185 60.437495142665945
24.432299804014104 60.43721925754566
24.432683909669905 60.43717586481219
24.43332689478979 60.43700692289338
24.43371395246045 60.43682494245823
24.433937762963986 60.43667073648329
24.43433384077997 60.43639783791597
24.435566911896323 60.435386980370886
24.435741814279744 60.435262928201176
24.435751291180956 60.435258171212034
24.43621790639053 60.43502395082319
24.43684394143918 60.43481384444566
24.43751281732722 60.43465198057857
24.437891854988084 60.43459777831912
24.43807291473611 60.43457188683536
24.43966193734844 60.43448285239524
24.44030261837696 60.434525960570205
24.4415499145139 60.434609884797254
24.442136669307978 60.43462625541741
24.44452809683284 60.43469297690317
24.445815930794534 60.434728907824955
24.4471112554759 60.43475353414104
24.448284866995028 60.43477584648377
24.449011714101573 60.43465229379922
24.449360917121787 60.43459293472602
24.45122281725458 60.43405090497548
24.451366035538506 60.43402059016019
24.452020960718865 60.43388196305667
24.45334268034898 60.43379407518253
24.454698885709767 60.43370389417642
24.455426993714877 60.43358282223902
24.45549054961161 60.43358601955234
24.456063832105635 60.433614859736295
24.45779599748165 60.43388328288419
24.457896861237963 60.433898913127905
24.45825393032105 60.433873953682344
24.458546924409575 60.43370799199584
24.459153543616008 60.43318164228872
24.45927186591786 60.43307897671489
24.45971983208626 60.43298398181015
24.45997799470971 60.43297094329382
24.46174211455448 60.433200033568255
24.46234895577317 60.43327883854386
24.462835851226057 60.433211969581514
24.46295990339577 60.43317583426481
24.463292944355896 60.43307897671489
24.46439974419191 60.43271706488556
24.464858870167856 60.43256693555192
24.465394939453788 60.432518879305995
24.46618067546873 60.43262412267127
24.466597835718048 60.432679998115006
24.467127944539367 60.432568984461625
24.468732243630622 60.43186197515911
24.46999399669455 60.4313059247577
24.4704329285096 60.431144180435666
24.47104993025325 60.43091681817733
24.47141892026556 60.430683987528475
24.471650819591822 60.430492880131894
24.471675594769675 60.43044166737248
24.47173687379964 60.43031499751616
24.471861048026252 60.429462015199405
24.47193487298343 60.42895489399779
24.471945862590054 60.42869989787116
24.47195089173207 60.428589815540384
24.47188073706663 60.42798889853905
24.471845838543302 60.427689971648675
24.471946980177172 60.427254857732095
24.47224650933171 60.42712924550568
24.472504842411833 60.42702090949612
24.472993973038957 60.42680298000879
24.473291996269495 60.42667799651648
24.473723458063724 60.42651348230717
24.47427584545931 60.42630285977504
24.47454294877968 60.42603389380948
24.474547977921695 60.42557195780215
24.474657388616144 60.42522750018723
24.474684882343222 60.42514094170498
24.4746319832198 60.424821870583784
24.473911884589015 60.42401795291941
24.47391732443075 60.42395322857485
24.4739429907637 60.423647845319984
24.47515482772488 60.422612959651936
24.47527576500107 60.422564464816055
24.47635697893106 60.42213090707654
24.47705160038143 60.42159566018028
24.478125933068824 60.42076782332587
24.47856337300251 60.420518856920026
24.47875494834978 60.420409822920185
24.48038292556436 60.41990679534026
24.480621877624586 60.41983296170457
24.48127082320908 60.419445904033914
24.481446970896148 60.41902534464685
24.48181490186933 60.4181468952778
24.48195386022639 60.41804773353882
24.48263893610177 60.41755885819105
24.482803355725515 60.41712098778381
24.48280550064323 60.41711527559464
24.482831906143545 60.41704495438289
