39.507139577902905 52.572698420282656
39.50581036926352 52.573306527395864
39.50445882044604 52.573924855042414
39.50305334288148 52.57456785485384
39.501835705725625 52.57512491850348
39.50062618507336 52.575678268888375
39.50049797819178 52.57573692297347
39.500429991642314 52.57576784288364
39.50035287813141 52.57580286061323
39.50000083819034 52.57596397942224
39.499845866110455 52.57603494620401
39.499438505576904 52.57622125929338
39.49805641706131 52.57685338037511
39.49725287774025 52.57722089239704
39.496797855048975 52.57742892048225
39.49557721072211 52.57798697683177
39.49533882354212 52.57809596310771
39.49510785553846 52.578201947619064
39.49423070819312 52.57860291459402
39.493834923815015 52.578783837976694
39.4930999240227 52.57910682065279
39.493037526239576 52.57913401968646
39.49296190201406 52.57916698409245
39.49256199209158 52.57934281779847
39.49252194521998 52.579359954134226
39.49171743659589 52.5797092407044
39.490432443930935 52.580267134886256
39.48921589539142 52.58079531327253
39.488532904279225 52.58109184163269
39.488350923844074 52.581176964517915
39.48825797784905 52.581214962479805
39.48798653821549 52.581329964941375
39.48771985965341 52.581442950251166
39.48744791345555 52.581557875459445
39.48720781849044 52.58167987871945
39.486764853970975 52.58186387099836
39.48614592446713 52.58212095310064
39.48549203316493 52.58240540826202
39.48546084356593 52.582418976331184
39.48416740309534 52.58290899824616
39.48413091489965 52.58292282185531
39.48390795627031 52.582989877082184
39.48276655742599 52.58333288907819
39.48157499316875 52.58369097673202
39.48141394032334 52.583740781462005
39.48006876234636 52.584156770547786
39.479922826884454 52.584201900307875
39.47869368976281 52.58458247774168
39.477829958748 52.58484991456978
39.477676849313305 52.584899833460895
39.47725078483363 52.58503897688801
39.47719889455733 52.58505592312789
39.47586830233908 52.585460097029944
39.474535431960355 52.5858649629344
39.47305044081634 52.58631603626623
39.472158949199894 52.58658683121026
39.47203694593989 52.58662389784955
39.471647085433766 52.586742948747094
39.4715129838477 52.586783899071456
39.47019857134944 52.58724644734512
39.468900164641894 52.58770336310168
39.46756235163159 52.58817414613152
39.46742093862789 52.58822391006851
39.466224727218936 52.588644986477576
39.464881408203794 52.589117845992966
39.46359222167754 52.58957165042004
39.46216449081179 52.590074223612014
39.46083009963812 52.59054394045261
39.459750938260946 52.59092381427267
39.45954803387227 52.59099309653257
39.45847390871809 52.59135985951185
39.45847522146887 52.59161390804299
39.45847782027299 52.59211683851742
39.458434979433605 52.59251283688499
39.4584215957191 52.5925934236437
39.45825708531101 52.59358398277097
39.45825095008875 52.59362092450904
39.45825095008875 52.5940118937346
39.4583099959413 52.59436896281769
39.45833914133706 52.59448571062925
39.458505946215375 52.59515388150112
39.458535934802946 52.5952268971926
39.45860590809104 52.59542514220709
39.458707856954064 52.59571397891001
39.4589248551188 52.596208883737226
39.459024761909106 52.596379134133294
39.45927987529218 52.59681387089522
39.45958277611463 52.5972562673152
39.459692823731 52.59741699540802
39.460261861836806 52.5981028213673
39.46029459975136 52.59813782813666
39.46081283228426 52.59869197604117
39.4611351976399 52.599005788168675
39.46153591114735 52.59939586965879
39.46204683472321 52.59980695545242
39.46205235422911 52.59981097232756
39.46274197390843 52.60031284988626
39.46307821060457 52.600517602978826
39.463365960047376 52.60069282950519
39.46416789756621 52.6011564951979
39.46495386507259 52.60161092731977
39.465201969412014 52.6017469004187
39.4652849849898 52.60179424376975
39.465694825329514 52.602027973578
39.466000857934375 52.60219598417422
39.46639396238439 52.60241951134965
39.46753586383617 52.60306881971066
39.467564341525026 52.60308506444365
39.46872994451132 52.603749967743255
39.46981292449135 52.60436773980682
39.4702199355562 52.60459991405755
39.47094415643354 52.60500213121015
39.47209852682897 52.605643244423014
39.472565937174096 52.60590283436856
39.47334654028807 52.60636542426938
39.47361386135847 52.606523840275194
39.47449787088417 52.60702599851126
39.47568247198754 52.60769890664542
39.476857098791115 52.60836614891665
39.47802712766479 52.609030779351365
39.479180451001106 52.60968592026936
39.48029001454756 52.61031620360579
39.48029293448388 52.610317862264466
39.481511331947495 52.61101494291828
39.48264962930427 52.611666195969434
39.48283786660816 52.61177389201016
39.483583856007094 52.61219298717811
39.48387246343895 52.61235673799521
39.48512280984059 52.61306616270963
39.485569994574114 52.613319887518585
39.48634971935727 52.61376190241415
39.48756680151109 52.61445184898598
39.4878368337714 52.61460492643576
39.4887676308983 52.6151544389809
39.48992931208425 52.61584025801352
39.489994894489534 52.61587897574631
39.4905518254016 52.616214996938744
39.4910167345641 52.61652074800958
39.49137883986634 52.61675888933448
39.4920637758261 52.61722992864543
39.49219896254388 52.61732289829827
39.49308604476605 52.61794045177097
39.49326197415431 52.6180629272326
39.494079815679015 52.61864748805652
39.49504670020863 52.61933857893438
39.49608856140972 52.62008326017607
39.497072946214814 52.62078685955972
39.49712341077617 52.62082287298579
39.49760696659104 52.62116795676577
39.498109604194624 52.62152496962914
39.49875584614476 52.621983981623885
39.49911834240574 52.62223660541552
39.49948898329188 52.622494905199744
39.50018095598029 52.62297490886543
39.500191584528785 52.622981798445984
39.50116685407982 52.62361398243041
39.501339679964026 52.623721776156366
39.50179996718019 52.624008863210875
39.502391454130255 52.62436991044816
39.502533849385394 52.62445682937928
39.50326493762281 52.62487089540521
39.50359266666376 52.62504610958359
39.50425996268377 52.62540286687172
39.50485694046744 52.62569288072794
39.50492833003206 52.625727316911416
39.506013829395485 52.62625092922712
39.50608889399667 52.626284829369595
39.506253262907954 52.6263592119829
39.50748800808878 52.626917976852745
39.50831196103197 52.62729084403718
39.50869664537149 52.62746632382608
39.50990701133702 52.6280184512259
39.51123517907573 52.628624315750336
39.51247402932126 52.62918943670078
39.51347484097201 52.62964597261651
39.51372915965869 52.62975539861904
39.51504231853945 52.63032041304596
39.51647287732576 52.630935941269286
39.51655882261453 52.63097292105048
39.51779803185879 52.63151587764017
39.518014852360224 52.63161087702835
39.519296087109446 52.63215178625352
39.51960890411456 52.63228385073581
39.52059503211669 52.63266149097842
39.5220186142611 52.63320665540457
39.52248687719897 52.63338597789525
39.52345107024262 52.63382754872017
39.52483379281453 52.63446079322524
39.52502398621345 52.634547895965305
39.52607460988585 52.63512176105665
39.52720469523873 52.63573902921013
39.5283249660207 52.63635093651006
39.528495227683486 52.636444527548306
39.528504897546135 52.6364498429697
39.52906895636178 52.63676680488219
39.5294658362001 52.63698982381053
39.529630567153546 52.63707819006229
39.529782858411586 52.63715988331646
39.530104909765086 52.63718596034913
39.530359905891714 52.63716994160048
39.53057690405645 52.63712989472888
39.530796882453494 52.637038997643565
39.53098985249527 52.63694288515172
39.53111781621987 52.636831871498345
39.531137173975765 52.63679442534762
39.531185989033865 52.63669999621883
39.53119194949847 52.6365269564806
39.53113588387823 52.63640290431088
39.53100493992131 52.63630995831586
39.530736905278346 52.6362058364497
39.53038281642756 52.63613896748734
39.5303531037912 52.63613993959351
39.529989984556806 52.63615181973916
39.52970798007491 52.63626395097965
39.529268954603424 52.63648784093159
39.52916207774526 52.63659062658959
39.529065574490325 52.63668343574143
39.52902233019788 52.63672502466097
39.52840282458968 52.637320815860946
39.52817873735563 52.637548108156736
39.52724045653377 52.638499808966515
39.5264043651826 52.63934785871603
39.52621496154848 52.63953997134134
39.525918987227655 52.639814897771515
39.52544772808401 52.640282300282024
39.52445188971137 52.64126998903397
39.52346085436927 52.642252914061835
39.52343700647489 52.64227658290517
39.52293987250939 52.64276998436682
39.5226574021575 52.643061216397726
39.52187527807513 52.64386760044265
39.52107746018242 52.64469016508927
39.5205558729296 52.64522793096069
39.52027862481644 52.645513504944226
39.51949310953741 52.64632260955748
39.519023847260115 52.646805963966386
39.51868820948675 52.64712092201688
39.517862277762134 52.647895965431154
39.51703864214612 52.648668854207465
39.516219324601934 52.649437690962245
39.516148854408016 52.64950381926083
39.515450921254995 52.65015891157446
39.515398644979285 52.65020483790038
39.51454372464107 52.650955911873325
39.51367814936105 52.65171634654236
39.51279865907572 52.65248900597417
39.51191151343907 52.653268390869016
39.51134285728655 52.65376797289627
39.511011496471866 52.65404626323977
39.5105938876553 52.65439698817723
39.51009452926772 52.65481717317366
39.509262841401906 52.6555169967305
39.50918026353773 52.655583374032766
39.508229859675055 52.656347322641736
39.50775894167481 52.65672585345937
39.50729610215544 52.65712303888575
39.50638803482811 52.65790229626006
39.505485073781266 52.65867717168316
39.50479789461489 52.659266874028745
39.5044043616162 52.659605597908495
39.50438196594376 52.65962487443443
39.503379256604205 52.660488693437294
39.50251695462944 52.66123155360886
39.501575122273074 52.66204292800705
39.500560438315894 52.66291706296275
39.49988386407235 52.6634999214895
39.49948858668866 52.66384481654963
39.4983679193016 52.66482264291105
39.49749311753179 52.66558594185363
39.49658736053742 52.66637625044686
39.49611796802546 52.66678581387071
39.49565628311745 52.66718343478336
39.49471062454324 52.66799787254991
39.493771717067105 52.66880649600949
39.492840572090834 52.669608434103736
39.49242788163784 52.66996385909536
39.4919030607412 52.6703943001147
39.49095008662685 52.67117589846913
39.49089287573605 52.671222820979864
39.48996296267432 52.671930061444435
39.48897188107762 52.67268382331502
39.48801522197845 52.67341140533702
39.48683238905492 52.67431100266583
39.48681684926488 52.67432282137102
39.485810442227944 52.675082448285224
39.48466763466933 52.6759450290775
39.48359175952495 52.676757089889875
39.48296787924248 52.67722798907521
39.482528119552455 52.67750680867477
39.48209094588662 52.677783988664686
39.4816379505762 52.67803488697189
39.48139163089208 52.67816029851201
39.48049689413228 52.67861584600693
39.480201772487256 52.67876066497108
39.47899137518058 52.67935461830227
39.47802087988006 52.67983084946493
39.477752006520895 52.67993895445398
39.47636429651855 52.680496906253566
39.47598389109933 52.68064985455535
39.47492905635481 52.681009544777865
39.47409498261128 52.68129395726235
39.473532169970795 52.68144571747944
39.47285297079801 52.68162886086767
39.472218926375035 52.681767814198906
39.47200788867491 52.68181382153512
39.471952188094534 52.68182593035694
39.47194791149977 52.68182686005146
39.47165584873384 52.68189093504602
39.47036678199469 52.68217280640238
39.47011488236744 52.68222788756105
39.469796928833354 52.6822908449685
39.4687219676873 52.682504315910535
39.467348854259 52.68277699536332
39.46721722565252 52.68280315965187
39.465791031398034 52.68308664938103
39.46573897002054 52.683096997807105
39.46510492559757 52.68321397192509
39.46436599101401 52.683362842418454
39.463402840422155 52.68355688490473
39.462860295367925 52.68376289403903
39.46259687384807 52.68386291750959
39.46172855426383 52.684371699920774
39.460797931122734 52.684916988423105
39.46059419442206 52.68503621386629
39.4594616171284 52.68569899101605
39.458348842794415 52.68635017959765
39.457735928693474 52.68670885309671
39.457247712772016 52.686994801145595
39.45611330093553 52.68765922612032
39.45495577569128 52.6883371886172
39.454390990459714 52.68866798330846
39.453784717795095 52.68905633903607
39.4526348996542 52.68979286978664
39.45176987614713 52.69034697168351
39.45152785983351 52.69048481035639
39.45040102076349 52.69112659354708
39.45024585985197 52.69121496434245
39.44960585496439 52.691537947018546
39.44926406482546 52.69170918138993
39.44904296358771 52.69181995150044
39.4478655797479 52.692334638230555
39.44694786027702 52.69273581414079
39.44649559593376 52.69290788706203
39.44507566615519 52.693448127451504
39.44457689921357 52.69363789320673
39.44367027355907 52.69393861779775
39.44230093305485 52.694392823302586
39.442236911685 52.694414473041185
39.442223819543955 52.69441890033526
39.44080994919679 52.694887591939015
39.44002794712844 52.69514682207585
39.439392640613555 52.69539339176638
39.438736947746655 52.69564787363219
39.43808409018164 52.69592651981747
39.4380269073999 52.69595092600474
39.43738392228001 52.69624485141586
39.43702983342923 52.69642292029611
39.43682330250411 52.696526610466115
39.43557305216735 52.69715430663269
39.43439246750614 52.69774702670191
39.43390487359252 52.69799182634037
39.43322841772635 52.6983552347542
39.43209433234494 52.69896449278598
39.43200590682043 52.69901199711141
39.43091501695294 52.69964946944426
39.43061488339189 52.699824855472706
39.42984679699293 52.70031568964292
39.428792069928456 52.70098969726003
39.42764457444053 52.70172298715606
39.4264590665164 52.702480568333144
39.425273558592274 52.70323814951022
39.424846830029345 52.703510844040906
39.424137702589306 52.70399353653756
39.423628846339035 52.70433990741536
39.4230858852659 52.70474093492495
39.42306663783528 52.70475760834788
39.42252597412153 52.70522596773265
39.42217281659334 52.705575958764015
39.42215931062118 52.705591142030215
39.421770857761146 52.70602783648732
39.421409323778235 52.70651113061992
39.42105187671748 52.706988961405806
39.42080203334321 52.70735354288445
39.42054691360623 52.70772582384331
39.42017792359392 52.708177887831134
39.420097769392015 52.70828584940623
39.41943213602587 52.709182406604015
39.41869398311112 52.71017664208323
39.418061971251454 52.71102791368511
39.417943866952 52.71118699113698
39.417375319026085 52.71184691575049
39.41657517609288 52.71277565718441
39.41599684393399 52.71344693854705
39.41583522645385 52.71362590500391
39.41517783884357 52.71435386049048
39.41510684036549 52.71442282826486
39.41465685698368 52.71485994118884
39.41427980595391 52.71519087114165
39.413561994140494 52.71582087984281
39.41337369436312 52.71596313748972
39.412407163682815 52.716693336867344
39.41233097193385 52.71675089858661
39.41149985964969 52.7173188191053
39.41131276990966 52.71743027169556
39.41034297072163 52.71800799782592
39.41018630340061 52.71810307163248
39.40904298004514 52.718796899182614
39.40840190816824 52.71918593464462
39.407953739098794 52.7194649061362
39.406881047023454 52.72013262403258
39.40575981208602 52.72083055837085
39.405503818515776 52.720989906511974
39.40468440770664 52.72158542341318
39.40401090839529 52.72207489733565
39.40373329277488 52.72228993191122
39.40316396362701 52.72273092097188
39.403007873960014 52.72286782539341
39.402785787025955 52.723063904954394
39.40207897280333 52.72368794807094
39.40192572273807 52.723822989666274
39.401010358921994 52.72462959415168
39.400512860726856 52.725067981892856
39.40017746355715 52.72539632082126
39.39979592859289 52.72576982660077
39.39935647025925 52.72619927315248
39.39910097567218 52.72644894703736
39.39860681590304 52.72681197658506
39.39834751369624 52.7269630289559
39.39823782589073 52.727026925840086
39.39702629692512 52.727590309358305
39.3956911612618 52.728211172291566
39.39433483915779 52.72884188731406
39.39432926552924 52.728844602317466
39.39395895735828 52.72902498533632
39.39315507331138 52.72941221637662
39.391955489648055 52.72999005596888
39.39190799873862 52.73001293234556
39.39072875684978 52.73058106988564
39.3895497379017 52.73114910001687
39.38839598123124 52.73170495923694
39.3882582897826 52.73177173140947
39.38772188993667 52.73203185346794
39.387064353870066 52.73235080308938
39.386486956175126 52.73263088016132
39.385960945173224 52.732900963713995
39.38588047759307 52.732942999017055
39.38567391154931 52.73305090665186
39.385454864474866 52.73318389951849
39.38520992663227 52.733351910114706
39.38492997106008 52.73354990929849
39.38465601278857 52.733727283209205
39.38464889790078 52.73373188973364
39.38451497371156 52.733834894012695
39.38442184145202 52.73391088993648
39.38434882576053 52.73397496493105
39.38419683391296 52.73416588606311
39.38396195435439 52.73441790195744
39.38382281475863 52.73458386364394
39.38378835567646 52.73462718647846
39.383693919711426 52.73474591377555
39.38351585083118 52.73498489115354
39.38333983086064 52.73524882797708
39.38330295048586 52.73530489359732
39.38317116210406 52.73550195744522
39.38306490443047 52.7356608450933
39.38250685593129 52.736470909486805
39.382499019848325 52.73648233295733
39.38178659073535 52.73752091473448
39.38145185369518 52.7380088956209
39.381033340089424 52.73859172049571
39.380441215377054 52.73941631737049
39.38028285757339 52.739636847517716
39.379952983110094 52.740167887661634
39.37988955093635 52.74027209032591
39.379607834956225 52.74073487685773
39.37939714361722 52.74115663178194
39.37939698352062 52.74115695225798
39.37917197598156 52.74160584974898
39.37896942109427 52.74208355862752
39.37883781743432 52.74239393492923
39.37856790193535 52.74302989615431
39.37832894276818 52.743592919638594
39.37817649435695 52.74397850892532
39.37779692514579 52.74493855711612
39.37746784189644 52.74577091066027
39.37742633798145 52.7458988368041
39.3773659552045 52.74608495263945
39.37706066232358 52.74684934055376
39.37668092902294 52.74780011131784
39.37630248419128 52.74874765603189
39.37613586432045 52.74916483646255
39.375874621635944 52.749695838061164
39.37540981153442 52.75064061057193
39.3749444312538 52.75158654202811
39.374494985993 52.752500083980195
39.374478855158664 52.75253287149667
39.3740461298212 52.75341374539519
39.37374199272116 52.75403285966887
39.37366394788766 52.75419286089077
39.37359119023243 52.75433767357507
39.37311976870782 52.755275964071146
39.37271884171781 52.75607394626902
39.37265373776288 52.75620370395395
39.37218863867589 52.75713068574567
39.371727346163745 52.75805008071197
39.371273403738435 52.75895482633395
39.371021971948934 52.75945595114207
39.37082099628844 52.75984754898303
39.37037960018411 52.760707602190664
39.36982306354864 52.761792004870685
39.36981795809756 52.76180195275997
39.36928906702146 52.76279489249449
39.368776376468176 52.76375741737886
39.36843997318536 52.76438898066556
39.36829434247921 52.76466621906212
39.36782537602513 52.76555899443351
39.367555961777775 52.766071880595504
39.367386847778576 52.76642575282978
39.366898867206466 52.76744685561339
39.36642133878748 52.768446087192984
39.3659523327071 52.76942748571905
39.36590286417088 52.769530998979455
39.36548605221184 52.77037368121393
39.36502394532642 52.771307937667785
39.36470294813893 52.771956908076035
39.36459398008115 52.772169817814685
39.36410565303013 52.77312394682212
39.36361650902082 52.77407967206225
39.36341884054435 52.77446589114813
39.36308190957029 52.774987220690775
39.36249399386022 52.77589689611939
39.36189119550317 52.7768295993019
39.36132576453136 52.77770448434549
39.360766155707246 52.77857036084481
39.36058482588645 52.778850930456464
39.36010421798678 52.77956466251339
39.3593901761775 52.780625058169846
39.35925694612988 52.78082291292004
39.35869293716608 52.78165886808169
39.358685835239584 52.78167169046406
39.35842099096822 52.78214986135401
39.35812594796999 52.782681832820515
39.358116568699465 52.782699989206016
39.3576878538211 52.78352989517592
39.357617197833555 52.78367926785428
39.357318863808786 52.78430997098185
39.35719230222101 52.78462019563328
39.35711285525067 52.78481493409309
39.35689585708594 52.78537093368256
39.35684156451074 52.78553592951021
39.356661908849965 52.78608190535192
39.35656498157061 52.78645683769162
39.35649799607317 52.78671594977489
39.35642889193659 52.78703390330897
39.35638791374239 52.78726487131264
39.35635684390016 52.78740821295579
39.356153804471894 52.788344941409875
39.3561098208154 52.788547861320104
39.35596667609508 52.78926395544298
39.35589394023778 52.789627823001766
39.35578087767469 52.79019294955267
39.355747131919415 52.790346796660565
39.35557095756168 52.791149976651745
39.35552808362964 52.79135710209584
39.355516940851146 52.791410933242986
39.35545882632119 52.79160781483966
39.355344832435506 52.79192092549624
39.355248906208175 52.792110915305706
39.35515186239373 52.792278925901925
39.3550158892948 52.7924718959437
39.35493188399669 52.792570988667855
39.35484582978887 52.79265592528856
39.35470091599303 52.79278593792288
39.354343345074135 52.79307975921881
39.354235999753385 52.79316796645153
39.35385490254733 52.79342799172017
39.353517950032305 52.79363996074289
39.35321694656946 52.7938059224294
39.35317583477409 52.79382735356825
39.352748863833 52.7940499289494
39.35249796552579 52.794181990493435
39.351931907652286 52.794476847227145
39.35178882749594 52.79455661441431
39.35163388442175 52.79464299517817
39.35153497796211 52.794696825624186
39.35118889848565 52.79490991223402
39.35071604853433 52.795204777978995
39.35046097674506 52.79536383886703
39.34969885600074 52.79592626717143
39.349666931100195 52.79594982704408
39.34879141890829 52.7966753924063
39.34775438299914 52.79753481771413
39.34771692784988 52.79756585801167
39.34677089035744 52.79838691201181
39.34674064963835 52.7984132134275
39.34634192316998 52.79875999984354
39.34590518302147 52.79916547907233
39.34562890259093 52.79942198394437
39.345071671649286 52.79995643756285
39.34499094661305 52.80003386288957
39.34426135138263 52.80076283644716
39.34389794641505 52.80112593176497
39.3435978742748 52.8014589727251
39.343376426024776 52.801703566077414
39.342528875287826 52.80263970025771
39.34246799370202 52.80270694500298
39.342379890584496 52.80280398881742
39.3418120172079 52.80345568063473
39.34104184966263 52.80433952535767
39.34084283577299 52.80456791381317
39.34029484555784 52.80518798839721
39.340230972460986 52.80525418584256
39.339910954384 52.80558584940998
39.33937283618837 52.80606082393365
39.33929072862772 52.806127455157075
39.33894889814293 52.8064048545004
39.33834186207522 52.80686883941745
39.3381845879106 52.80698668884082
39.33701914405886 52.80785998475841
39.33583936827598 52.80874401994664
39.33475589755377 52.80955589136979
39.33464960330008 52.80963654837239
39.33345331802784 52.81054430002369
39.332910947492216 52.81095585549525
39.33222029892865 52.81145100932712
39.33204891529789 52.81157388116957
39.331616967878126 52.81185495432887
39.33111982787669 52.81215595779172
39.330876020084126 52.81230602533326
39.330682851314904 52.81242492375728
39.330207876791235 52.8126808512065
39.32976157229571 52.81290400345426
39.32947585723122 52.8130468609865
39.32858391181571 52.81348399184483
39.32816995668791 52.81368686587409
39.3273756562091 52.81407232905841
39.32614031365034 52.81467182394623
39.32534693163664 52.815056841411966
39.324894045676714 52.81527601145008
39.32362209673084 52.81589155956508
39.322352585085824 52.816505928170514
39.32208190088157 52.81663692332738
39.32108535984008 52.81712976994481
39.31981317295638 52.8177589392176
39.319788984651616 52.81777090171958
39.31903498587835 52.818178821016375
39.31861049348765 52.818436878875914
39.31746041715621 52.81913603448599
39.31631580811281 52.81983186641661
39.31516970799084 52.820528604805254
39.31402509894743 52.82122443673587
39.31289356715052 52.82191231873306
39.311862870570934 52.82253890087915
39.31181853294107 52.82256603046725
39.3104537326241 52.82340113307751
39.30907227866945 52.824246425820434
39.30768963622278 52.82509244578533
39.306341475858765 52.82591736663642
39.30503229574276 52.826718436007944
39.30376288223898 52.82749517273442
39.302530071999165 52.82824951242531
39.30146390873485 52.82890188311566
39.30136601877496 52.8289631869316
39.30036699698196 52.829588826662054
39.30029216451195 52.829642704728755
39.2999419413494 52.82989485926691
39.29916746251357 52.83050116555553
39.29906184149672 52.83058385172301
39.29861294400572 52.83097090939367
39.29814728429379 52.83142133368619
39.29781591812855 52.831741858238175
39.297276908979846 52.832212396679104
39.29634208426564 52.83302846995842
39.29541656740351 52.833836417768595
39.2945304658244 52.83460995724661
39.29367375411224 52.83535784027297
39.29262223270504 52.83627578618305
39.29176760375518 52.837021851021845
39.29089358452315 52.83778484298177
39.29013399683239 52.83844793971884
39.29000848673491 52.83855747483573
39.289120918153635 52.839332073296355
39.28823723633707 52.840103279701395
39.28749984400346 52.84074681641341
39.2873519358302 52.84087420845312
39.28645646666862 52.84164546835364
39.28556860693772 52.84241017431683
39.28451397624929 52.84331851867388
39.28345682727376 52.84422903200999
39.28241108752303 52.845129718678734
39.28144494328152 52.84596185041879
39.28134440956999 52.84604983542225
39.280456726406065 52.84682671717725
39.279572139354734 52.847600889279214
39.27854021754413 52.84850400568361
39.27806498731818 52.8489199172464
39.277524033766944 52.84938436857049
39.27651778217497 52.85024831499101
39.275473728910505 52.85114471713126
39.27480386811801 52.85171984549731
39.27443405774662 52.852045022002315
39.27337893297161 52.85297279962356
39.27249407661565 52.853750859190086
39.271621566729095 52.854518062431104
39.27057209691734 52.85544086760883
39.26954443583286 52.85634449624023
39.269542826776416 52.856345911093335
39.26857178045428 52.85725214776276
39.26855487976719 52.85726792046282
39.26809089485014 52.85773581693476
39.26780684145853 52.85806289743027
39.26770740435054 52.85818180655681
39.2675928235261 52.858318824879504
39.267202971887656 52.85882490557786
39.26697277989766 52.859122996882434
39.26688092053416 52.85924195183609
39.2663748398358 52.86000694021598
39.26632933609731 52.86007804579471
39.266020937249536 52.86055995957315
39.26574344609264 52.86108979425084
39.265722914018994 52.86112899767896
39.265412969859234 52.861826930831974
39.26529355501992 52.862131791944776
39.265157973732606 52.86247792532618
39.26497785594265 52.86294991961755
39.264881960341455 52.86323048643727
39.26457576525153 52.864126337566255
39.264268380207625 52.865025670206414
39.26398189955909 52.865863841754134
39.263964552563976 52.865913326088666
39.26365185156804 52.8668053422906
39.26344098739567 52.86740685703025
39.26334283965553 52.86769298011918
39.263037229374085 52.868583903920445
39.262732235854365 52.869473029720375
39.26242317191337 52.870374021728395
39.26210543261886 52.8713003043742
39.262091873483925 52.87133983235075
39.26175000713192 52.87232852038677
39.26136292721577 52.87344796744505
39.26129484760675 52.87364485577445
39.260967088644186 52.874559003361085
39.26084092097374 52.87491089571069
39.26057586656308 52.875568968256616
39.260376936056694 52.87599998435378
39.26015695765965 52.87642094216692
39.26011460355756 52.87648326799798
39.259639887354666 52.87718183272738
39.25947387829228 52.87742530378186
39.25917683376022 52.877860953163975
39.25870168021511 52.87838374375324
39.257802023994 52.87937359600375
39.25686310273155 52.88040664985577
39.25619492507417 52.88114181640316
39.25612938862692 52.88119984509512
39.25611688024067 52.88121092053974
39.25526397368715 52.88196877667728
39.25438338968304 52.88275122580888
39.253746850499816 52.88331682719253
39.25348606352242 52.88354340368944
39.252568384492406 52.88434070001918
39.25163888784005 52.885148263715394
39.250703881907 52.88596061397546
39.25043991022795 52.886189957399445
39.24972966443261 52.886738855818486
39.24910588374225 52.88722093151259
39.248709988358634 52.88750136217271
39.24846084971266 52.887677838377904
39.247576363067004 52.888201831891514
39.247545918394906 52.888219868128445
39.246726913304485 52.888660942509645
39.24640989663976 52.888816737270346
39.245009128410835 52.88950513121084
39.24374410260617 52.89012681585539
39.243092892537106 52.890446846718646
39.24256969376152 52.89070674783326
39.24160091373923 52.89118799324009
39.24118053782586 52.891421814139136
39.24100784751045 52.89151786770339
39.24020299852348 52.89199489113677
39.24009413953531 52.892063448873174
39.23922492353376 52.89261086790139
39.23904543768069 52.89273578699633
39.23861285832404 52.89303685485654
39.23803869183559 52.8934569375708
39.23794584508119 52.893524867896545
39.237114584851646 52.894195934962035
39.236933869949 52.89434182407726
39.23634583286224 52.89484790477562
39.23614659796572 52.895003911737014
39.235884828177504 52.89520888541361
39.23551993598461 52.89546499912735
39.235085939655136 52.8957358277381
39.23491759202425 52.895833469364014
39.234666844487194 52.89597890293551
39.23417193965998 52.89622588968782
39.23348499611359 52.896552970183336
39.233422340637105 52.89657844165918
39.232680892184696 52.89687986441433
39.2317668318714 52.89720565123443
39.23158081393497 52.89727195122701
39.23020753330481 52.89774520538926
39.230094981866216 52.897783992389975
39.229125847573414 52.89812988560192
39.2288153421138 52.89825440179362
39.22864696149484 52.898321924321095
39.22832695905105 52.898456966097434
39.22812095049294 52.898560901699085
39.22756634175187 52.89886466619859
39.227189814162024 52.89907089395234
39.22631768885746 52.89956314485112
39.22517182436224 52.900209901486555
39.22501604443861 52.90029759190558
39.22364585826189 52.90106888641622
39.22222170810051 52.90187055791202
39.22078900630956 52.90267704322441
39.21936111481025 52.90348082076496
39.21794358057447 52.90427876807554
39.21652989956963 52.90507454635544
39.21517650596122 52.90583638812458
39.21435488494534 52.906298888615495
39.213987456631536 52.90653224334881
39.21286700999254 52.90724384209289
39.211830274710856 52.90790227552354
39.211789836253 52.90792795809942
39.21088794345158 52.90849997643754
39.21080425526183 52.90856173254998
39.21048281812257 52.90879893099067
39.21011494569737 52.90908298438228
39.209891285716154 52.90929525912668
39.20983685277038 52.909346921205824
39.209416826279835 52.90984983540736
39.20925682505794 52.91008396990785
39.20924104620538 52.91011516012879
39.20912886133333 52.910336917124766
39.20896997769855 52.91069398620786
39.20888836874918 52.91101914114737
39.208886903723034 52.91102497825827
39.2088328870125 52.91126693586857
39.20882282872847 52.91151187371116
39.20883195568991 52.91179983865767
39.20885778499303 52.91196799003003
39.20886883606469 52.91203993362278
39.2089509787176 52.91234484864052
39.20910614414599 52.912984637394416
39.20921994468316 52.91345386758716
39.20926185419996 52.9136298875577
39.20936599104768 52.91402357689128
39.209606737055694 52.914933717130104
39.20986115458024 52.9158955425347
39.21011379124099 52.916850635384016
39.21036414100287 52.91779708261255
39.21060951523046 52.91872471983464
39.21077488088849 52.919349884674325
39.2108462474672 52.919628721306985
39.21107407167994 52.920518854160015
39.21114983136542 52.92081485511694
39.21122694487632 52.92124493989151
39.211275665857606 52.921449736338744
39.211323988690765 52.921652859188306
39.211420846240685 52.92196988139979
39.21153688903608 52.9223319796249
39.211568940569265 52.922444159991024
39.211851733527695 52.923433935345535
39.21212712840874 52.92439781742921
39.212385834921605 52.92530329022424
39.212410842159635 52.925390815557336
39.212616226051026 52.926192978966846
39.21286075898223 52.92714804593194
39.21309835360865 52.92807601411053
39.21319482952047 52.92845281798659
39.2133548570592 52.929051954906974
39.21363915738236 52.93011636432943
39.213880576090204 52.93102022664141
39.21396596462949 52.931339918032435
39.21414633670914 52.93202521878096
39.21443233592627 52.93311183638804
39.21474066232115 52.93428328326388
39.21497950217488 52.935190724874914
39.21522684104303 52.93613045740892
39.215481808467906 52.93709917367283
39.21550991122819 52.937205946532025
39.21574180415826 52.938090446207106
39.216006739018525 52.93910097635892
39.21627267268196 52.940115316204626
39.216535731704376 52.94111869142522
39.21679964340777 52.94212531899183
39.217063798648155 52.943132875471555
39.21732992714118 52.94414795844776
39.217592986163595 52.94515133366835
39.217845387352206 52.946114057151384
39.21799188594502 52.94667284071459
39.21807376986607 52.947003248834775
39.21834164572071 52.94808414916823
39.21862005475934 52.94920755173505
39.21890500665944 52.95035735526719
39.21919749544722 52.95153757073925
39.21942002671642 52.9524355020717
39.21971202559995 52.953613740741226
39.21993315354497 52.954506009549235
39.220156696551854 52.95540802332353
39.22033881888551 52.95614290139398
39.22033035103191 52.95632181709381
39.22028668909712 52.95724434197368
39.22028387085238 52.95730388814145
39.22018928280076 52.95817006946599
39.22010282173983 52.95896182862584
39.22008488069525 52.959108305934656
39.21997038316085 52.960043106059096
39.21983277765976 52.96116656815119
39.21971752483204 52.962107534769025
39.219594150654736 52.96311480708193
39.21957587941533 52.963263980223175
39.219492628489 52.96406178425653
39.21939675002186 52.96498059959201
39.21928679021429 52.966034358173
39.21918128635895 52.967045414806535
39.21907626121253 52.96805188391296
39.218979832954254 52.96897596796549
39.21896688478677 52.96909991894366
39.21887164565339 52.97001162971329
39.2187735364763 52.970950815005814
39.218677952098446 52.97186583075198
39.21864492934893 52.972181952868
39.21863827987444 52.972231570471365
