-9.129965388879466 38.70899393989143
-9.12972485564034 38.70910399502003
-9.129083919430164 38.70946981853552
-9.129001976609104 38.7095254433188
-9.128557908428265 38.70982688761861
-9.12812632592385 38.71014564291554
-9.128121863189085 38.710148938972104
-9.127586911490267 38.71054586866228
-9.127234155016206 38.71077500961979
-9.127172845464338 38.71081483462784
-9.127097967127666 38.71086382219636
-9.12618782388941 38.711263282175985
-9.12526586931793 38.71166792612526
-9.125109943398977 38.711737503292504
-9.12509096693451 38.71174597095875
-9.124962816945375 38.711803899224186
-9.124132822248328 38.71220194650148
-9.124128188007113 38.712204403418205
-9.12388583549602 38.7123328904584
-9.123451839166547 38.71264786376017
-9.123262095020198 38.71281799015677
-9.12300685323045 38.71304684236005
-9.122536907848795 38.713508964631906
-9.122477681366108 38.71356278652303
-9.122142958390928 38.71386696503759
-9.12174696002335 38.71422384785616
-9.12169541650557 38.71427047328338
-9.121547843252449 38.71440396564612
-9.121358971030093 38.71457197624233
-9.12111496451009 38.714791954639374
-9.120904860778497 38.71498497976354
-9.120145831797968 38.71568230989712
-9.119399351330712 38.71636811154277
-9.11863616228396 38.71706926358513
-9.118566865888988 38.71713292711525
-9.118103998559056 38.717606970316325
-9.117787356448089 38.717896550472254
-9.117761830637496 38.717919894708395
-9.11714492255028 38.718487815227085
-9.117046365079707 38.71858798007272
-9.11671092622081 38.718928889608286
-9.116377885260684 38.71928595869137
-9.116284492503976 38.719401319153064
-9.116232971464834 38.719464958894214
-9.116070921333227 38.71965886025858
-9.115568209732466 38.72023303469428
-9.114889600696916 38.72100811121818
-9.114782902183746 38.72112997743033
-9.114168468262008 38.721832494095416
-9.113875980240314 38.722166912008085
-9.113441103798642 38.722666480812975
-9.11324491604965 38.722891853516366
-9.112751823784976 38.72345568153043
-9.112076924933591 38.72422739689961
-9.11168290179259 38.72467794398989
-9.111581946423248 38.724799947249885
-9.111433866130572 38.72497987877533
-9.111406819120932 38.72501085408588
-9.111165831487607 38.72528684270278
-9.110691683250876 38.72584335618804
-9.110319818041916 38.72627981885403
-9.109989014582286 38.726615212252646
-9.1099439362424 38.72666091606008
-9.109810943375772 38.72678087041037
-9.109143705037074 38.72728636970922
-9.10818285426972 38.728014309578704
-9.10789297762274 38.72823391992377
-9.10729743878218 38.728798200852694
-9.107012877770057 38.729067826175715
-9.106633021920535 38.72953098611147
-9.10648798435527 38.729707831063294
-9.106011174630172 38.73034357736343
-9.105992893263538 38.73036795251894
-9.105406755690312 38.73119387364485
-9.105029905699862 38.73172488954048
-9.104822985999876 38.73210750102335
-9.10461397702874 38.73249397573979
-9.104457887361749 38.73282496779021
-9.104391798350775 38.732991105908475
-9.10438394034767 38.73301085978026
-9.104209969286844 38.7335079997817
-9.104088787924068 38.73394623755485
-9.103845438807625 38.734826280264734
-9.10360498212885 38.73569586282289
-9.103602621566315 38.73570593780113
-9.1035869144705 38.73577297633379
-9.103563817670132 38.735875980612846
-9.103407914267658 38.7363839239564
-9.103294137231876 38.7367143424864
-9.10317098579938 38.7370719850899
-9.10308083377214 38.73730183550645
-9.102922899246174 38.737664544455825
-9.102884883498062 38.737751850584566
-9.102679992527069 38.73820987503699
-9.102513919602254 38.73851714066423
-9.10237787147711 38.738768854858776
-9.102006030804272 38.73937978573935
-9.10146878737129 38.74026247186697
-9.101383964003263 38.74040183589761
-9.101012925081244 38.74099993126839
-9.100935404468265 38.7411270142405
-9.100887941588937 38.74120482223939
-9.100640954836628 38.74152687359289
-9.100290963805264 38.741932930244495
-9.100226880879452 38.741995412915635
-9.10012686476395 38.742092931466395
-9.099966863542054 38.74222983588792
-9.09981487169448 38.7423399182187
-9.099631959936737 38.74244292249775
-9.099355208834794 38.74259089534419
-9.09918883664583 38.742679850966034
-9.098748879851748 38.742949934518705
-9.098645875572693 38.74309186808225
-9.098474884744173 38.743192823451594
-9.098466671263328 38.7432033590974
-9.098198840726884 38.74354691230238
-9.0982409365082 38.74368791454333
-9.0983668513231 38.743816995855056
-9.099101789363075 38.74403312180755
-9.099114889631752 38.7440369742521
-9.09929482115719 38.74403287643268
-9.099440852540154 38.74395986074119
-9.099534916122291 38.74383096569399
-9.099668840311516 38.7437998595193
-9.100367525066035 38.744002509414486
-9.101247990904332 38.744257883971734
-9.10143984335899 38.744312832004866
-9.101546662980622 38.74434398772784
-9.101734886357224 38.74439888621268
-9.10269498342736 38.74467587937587
-9.102878923033453 38.744728946940505
-9.103207866174158 38.744885967930095
-9.103485959101157 38.745087878668784
-9.10363558212252 38.74521041859133
-9.103799814815815 38.74534492370512
-9.104029851496886 38.745566951011874
-9.104293974584952 38.745910981578625
-9.104354896664477 38.746036439759344
-9.104447829077715 38.74622781752559
-9.104668925061873 38.7467968556314
-9.104711277538788 38.74690723504427
-9.104782918947553 38.74709394753934
-9.104970859847311 38.74774382444644
-9.104995212116808 38.747908178390766
-9.105065854752045 38.74838494692113
-9.10505093819144 38.7488101267145
-9.105041826629083 38.74906984155781
-9.104992839060564 38.7493829522144
-9.104931930562822 38.74961298889547
-9.104920823519384 38.74971867756653
-9.104913862904471 38.74978491104658
-9.104890952368624 38.749802978704935
-9.104831906516074 38.7498709652544
-9.10480787839311 38.74992293305523
-9.104800986605904 38.750030966476295
-9.104817936677142 38.75008386559972
-9.104672836616771 38.75022281893096
-9.10465290631323 38.75025597401535
-9.10449793423335 38.7505199108389
-9.104439821746098 38.750647695259325
-9.10429192567524 38.750972906149315
-9.104049498207056 38.7515371505447
-9.104026871264582 38.75158981423653
-9.10363144740937 38.75244013626664
-9.10324791304576 38.75326489105667
-9.103216442146884 38.75333654787258
-9.103138948302096 38.7535129953961
-9.102990868009424 38.753793882290886
-9.10290593138872 38.75417088167751
-9.102894250391156 38.754313857087695
-9.102877991710857 38.754512863334554
-9.102874825214032 38.75480585742308
-9.10292062786368 38.75533866021498
-9.102923999047071 38.75537787576119
-9.102948958492629 38.755483860272555
-9.102963859654157 38.75566882094001
-9.102971869028476 38.755764933431855
-9.102991985596535 38.75601396909387
-9.103041699036142 38.7564969547749
-9.103135968069791 38.757412815632215
-9.1031423865441 38.75743775635703
-9.103228914064816 38.75777398253472
-9.10327883295593 38.75838399883473
-9.103279116670135 38.75838683869362
-9.103375205889336 38.75934865102862
-9.103414992319385 38.75974689632088
-9.103483910191445 38.76030289591036
-9.103485281702486 38.76031396531212
-9.103567915489553 38.76098089875983
-9.103603122251393 38.76127519036309
-9.103719602863205 38.76224884611012
-9.103773924047662 38.76270291423879
-9.103814902241862 38.76319893665311
-9.103819881584482 38.7632523262712
-9.103881957468731 38.76391791769679
-9.103897498260842 38.76415907748862
-9.103954973160214 38.76505096476639
-9.10395988520146 38.76512785887001
-9.103974903463756 38.76536295783586
-9.104066918136184 38.76588691992805
-9.104084642559677 38.76604788172645
-9.104176814202448 38.76688492522131
-9.10418641750977 38.766982214603026
-9.104260819500556 38.767735967809024
-9.10428688786606 38.76794624018839
-9.104364941366724 38.768575834525585
-9.104401010529196 38.76896915634607
-9.104448946664832 38.76949188343045
-9.104492388816745 38.769942398080794
-9.104535932195244 38.770393962496385
-9.10454096133726 38.770796852651166
-9.104557322062911 38.77096104228448
-9.104651569994893 38.7719068764562
-9.104741612755785 38.77281050922962
-9.104765968876317 38.773054937416056
-9.104902873297846 38.773496943119845
-9.105098249168012 38.77389667409986
-9.105137939120931 38.77397787810813
-9.105349908143651 38.77446086200611
-9.105389955015257 38.774658861189906
-9.10540882902684 38.774782490481094
-9.105428884299744 38.774913857316534
-9.105412617430895 38.775798420447664
-9.105399827034768 38.77649393923195
-9.105394962420322 38.7767457860934
-9.105377847821517 38.77763182917904
-9.10536955163786 38.77771913225583
-9.105293842523407 38.77851584058663
-9.105271468636646 38.77868218789525
-9.105149562406512 38.77958854687985
-9.105137939120931 38.7796749646889
-9.105100872481634 38.78015291944488
-9.105106877216906 38.78050608166593
-9.105108881855957 38.78062398241365
-9.105183946457146 38.7810099224972
-9.105200896528384 38.78109597670501
-9.105197522374503 38.78143339209318
-9.105195867386367 38.78159889090655
-9.104994154587654 38.78233239199278
-9.104949998221176 38.78249296059816
-9.104973840079618 38.78270399829829
-9.10505486514542 38.78288597873343
-9.105186926689452 38.783052871742534
-9.1053350881373 38.78317076901136
-9.105352888375958 38.78318493328657
-9.106026979670531 38.78359695040279
-9.10624809183648 38.78375891154345
-9.10637790202449 38.78385399543912
-9.106609987615272 38.784114952030365
-9.10678991914071 38.784469972203745
-9.106798855119392 38.78468802850834
-9.10680798679906 38.78491086032042
-9.106669964790418 38.78525191065487
-9.10639318218828 38.78554139139501
-9.106389822953712 38.78554490474339
-9.10606590895502 38.78574290392718
-9.105721878388268 38.78582486031558
-9.105194970958554 38.78589354178154
-9.10478589917986 38.78594686357558
-9.10401495709234 38.78606175204029
-9.103650989465065 38.78611599175891
-9.102675624314893 38.78619627859731
-9.10152450716537 38.78629103239957
-9.101075882488695 38.786327960781634
-9.100117277720967 38.78641870990586
-9.098793547730496 38.78654402467728
-9.097917953832104 38.786626915334764
-9.097448581877224 38.7866309661113
-9.096090719919331 38.786642684739334
-9.096061827899408 38.78664293408341
-9.09472593876852 38.78654197871406
-9.094695354453044 38.78653860501993
-9.0933074611142 38.78638550930593
-9.09294785766932 38.786345842175464
-9.091908347455348 38.78621573078632
-9.09168591555251 38.78618788986328
-9.090499768663886 38.78608055570588
-9.089464897426923 38.785986910447185
-9.089116181648516 38.78594773246344
-9.087826887246075 38.78580288110233
-9.087752743693358 38.78579588131586
-9.086375857699712 38.78566589148421
-9.085634926385469 38.78559594122162
-9.084973905917026 38.785521345410565
-9.083622897050295 38.78536888477286
-9.083572422174043 38.7853631366469
-9.082185964036752 38.7852052455019
-9.081216918257256 38.78509488966528
-9.08079636459285 38.785036825597
-9.079500863242911 38.784857961197005
-9.07938234181294 38.78483353961423
-9.078266107461705 38.78460353724585
-9.077918918682313 38.7845319982886
-9.07714240314068 38.78434382489104
-9.07647387854324 38.78418182099272
-9.075761408201387 38.78396164667173
-9.074930863267127 38.78370498382386
-9.074670501747782 38.78361716721475
-9.073578182713517 38.7832487419809
-9.073234924820849 38.78313296548574
-9.072510755750749 38.782834637734325
-9.071935916064737 38.78259782752241
-9.07125477951121 38.78227756570167
-9.070623868792293 38.78198091943519
-9.070043705967514 38.78167867029913
-9.069122949297494 38.78119898098407
-9.068870031994434 38.78104738286651
-9.06773893036129 38.780369402845835
-9.067637862286816 38.78030882284735
-9.06668838740446 38.77964579259079
-9.065687735442676 38.77894702473576
-9.065363945037811 38.77872091782214
-9.064719376068382 38.778241865405754
-9.063795496046888 38.77755522522023
-9.062887041980478 38.77688004981413
-9.06195390281049 38.77618652810363
-9.060997880687738 38.77547599947171
-9.060011000695752 38.774742536852095
-9.0591678558104 38.77411590011677
-9.059018901930658 38.774004741257066
-9.058033259336446 38.77326919205866
-9.057034900793608 38.77252415341056
-9.056035948065547 38.77177867134365
-9.055028335482728 38.77102672674228
-9.054029145080584 38.77028106730785
-9.053110906178748 38.7695958190321
-9.05302115914467 38.769528042220195
-9.052003259965796 38.76875932644155
-9.051847846474825 38.76864195842986
-9.050989859867528 38.76799536595871
-9.050082413163912 38.76731149956554
-9.049221675886876 38.76666283414555
-9.048329281985922 38.765990311785934
-9.047447185360545 38.76532554961839
-9.047314913138337 38.76522586714981
-9.046590373632556 38.764689719298715
-9.045712254779156 38.76403992514325
-9.044786284933505 38.76335472200531
-9.043837441879475 38.76265259305253
-9.042903420724562 38.76196143207222
-9.041961874404262 38.76126470258776
-9.041149930085613 38.76066387654835
-9.041000797566616 38.76055152712214
-9.040062277101772 38.75984448994191
-9.03912994057774 38.75914211145187
-9.038226848462546 38.7584617643241
-9.037348075504788 38.75779973810583
-9.036396816433667 38.757083104258726
-9.035519988861497 38.75642254360246
-9.035205856752526 38.75618589124499
-9.034651725681446 38.75577226552461
-9.033767347084808 38.755112129767554
-9.0328949958504 38.75446097171744
-9.032041171799978 38.75382364310268
-9.031150387784956 38.75315872608369
-9.030256069321316 38.75249117081009
-9.029321019108396 38.75179321172046
-9.029096939320048 38.75162594955324
-9.028326169777326 38.75105287004554
-9.027433667905374 38.75038928060013
-9.026503444960785 38.74969764493268
-9.025573629360109 38.74900631213196
-9.024638458598597 38.748310997683326
-9.023677965198468 38.74759685544706
-9.023006834604 38.74709785909425
-9.022722683020945 38.74688868158946
-9.02184256134601 38.746240782134215
-9.020953173020878 38.7455860610567
-9.020043829671383 38.74491665013597
-9.019121851073011 38.74423793780715
-9.018196894735198 38.74355703342261
-9.017197380056745 38.74282124309483
-9.016908906778148 38.742608884184264
-9.01620877199726 38.74208551437403
-9.015231345516671 38.74135486146887
-9.014250151132462 38.74062139195317
-9.013295481747306 38.739907750596416
-9.012333276554909 38.73918847601858
-9.011377445471856 38.738473966261026
-9.01131594206354 38.73842799078885
-9.01051879154114 38.73785359922736
-9.009617378570448 38.737204080737136
-9.008701312411224 38.73654400380455
-9.008005835294854 38.73604287362195
-9.007755007344633 38.735885906372154
-9.006750413226737 38.735257234903514
-9.005740620516628 38.73462531017413
-9.005111843461808 38.73423182370287
-9.004733581780679 38.73402835449729
-9.003722977404763 38.73348474439935
-9.002751041549711 38.732961934328515
-9.001786864140415 38.73244329757175
-9.00168196860735 38.73238687364132
-9.000609796544454 38.73189473197234
-8.999442585589255 38.731358966149465
-8.998443752100972 38.7309004878912
-8.997429319487267 38.73043484942061
-8.997141957219137 38.730302946201775
-8.996407401545301 38.72998888039725
-8.995201039307561 38.72947308950455
-8.993995986341057 38.72895785840241
-8.992790081576459 38.728442263106416
-8.991576632715214 38.72792344226488
-8.991123936871974 38.72772988813512
-8.990518503278802 38.72749646981828
-8.99039489754427 38.727448814975816
-8.989401032790632 38.727109553620544
-8.988792836415607 38.72690194234778
-8.988259593074282 38.72672959707285
-8.988173879418683 38.72670189425427
-8.987067992721254 38.72639317834249
-8.986980855173934 38.726368853294154
-8.985944851918775 38.726144963342215
-8.985908211914749 38.72613756314435
-8.985112994576536 38.725976952745995
-8.984753924533823 38.72591819036212
-8.98400099539759 38.72579497231085
-8.983613517633815 38.72574515480184
-8.983028880872478 38.72566998881854
-8.982365903617323 38.72560878891052
-8.981070868070052 38.72548924324624
-8.980189837072562 38.725407914640186
-8.979767302927153 38.72537925504959
-8.978429933412645 38.72528854412555
-8.977462924513137 38.72522295397273
-8.977076468810827 38.725175107076254
-8.976582824660454 38.725113989229065
-8.975925713011042 38.72501286517239
-8.975639953664839 38.7249688891687
-8.974796178976439 38.72481238257327
-8.974184855241734 38.724698991880544
-8.973487194516904 38.724520301389745
-8.973067826920774 38.72441288957923
-8.972426890710597 38.72424487898301
-8.97220711386952 38.7241733627811
-8.970944873489985 38.72376262506465
-8.969831733340145 38.72340040511776
-8.968662635602225 38.72301997636348
-8.967521090750843 38.722648513421014
-8.966423679697868 38.72229141178077
-8.96620993985705 38.722221860041216
-8.965198080146505 38.72189878310548
-8.964330903388506 38.721621902025234
-8.964016946134084 38.72150313206998
-8.962701109264161 38.72100535129261
-8.961617367524212 38.720595372048145
-8.96093697758623 38.72033798069517
-8.960525900604155 38.72018258754302
-8.959400139796932 38.719757033381576
-8.958735889764187 38.719505937088414
-8.95823595579496 38.71935785679574
-8.958142619350793 38.71933337477017
-8.956878319213791 38.71900175052036
-8.956535919529257 38.71891193953704
-8.955785337642808 38.7187150671732
-8.954514759903697 38.71838180354472
-8.953622928715264 38.718147882479755
-8.953388797712504 38.71808967236949
-8.95225618121772 38.71780807902952
-8.951358883485769 38.717584991103074
-8.951118438557534 38.71754400711204
-8.949926333410348 38.717340812031054
-8.949192999657832 38.71721581482625
-8.948769648728616 38.71716525857337
-8.947600113906422 38.717025593595345
-8.946357314530344 38.71687717941882
-8.94543399539815 38.71676691733525
-8.945073387831647 38.71667210202253
-8.944695829109008 38.71657282970636
-8.944129957500024 38.71628486475985
-8.94403483614565 38.71621119827821
-8.943632817498584 38.7158998559989
-8.943204095728378 38.715386933553695
-8.942949971771613 38.715082899818185
-8.942477291345616 38.71466328670724
-8.94239583482733 38.71459097522328
-8.9415571804711 38.71387333366197
-8.941432847263654 38.71376694099085
-8.940852562814587 38.71298121740339
-8.940799920427798 38.71290993793853
-8.940123500794396 38.712099965953755
-8.940115957113711 38.7120909328481
-8.939598886808728 38.71126391838336
-8.939573126648133 38.71117334154492
-8.939402936534648 38.710574925927254
-8.939356013234903 38.7102369554938
-8.939288942648968 38.70975387192713
-8.939279453679527 38.709236670955406
-8.939271992577732 38.70882999991245
-8.939365177725755 38.70822943403452
-8.93941895528329 38.7078828448329
-8.939558230090013 38.70734236847754
-8.939752927566012 38.7065868163091
-8.939785787252223 38.706451924657586
-8.940014608256268 38.70551259605478
-8.940181894753469 38.70482587154565
-8.940247104328403 38.70457012774395
-8.940467997054785 38.70370381408268
-8.940493822508989 38.70364185492503
-8.940818919408745 38.702861898456405
-8.940912156572722 38.70273664400216
-8.940966999701418 38.702662967950026
-8.941170959349817 38.70247893860517
-8.941380879462828 38.702334956131914
-8.941580927556327 38.702229902943145
-8.941779858062711 38.70215390701936
-8.941943026339391 38.702112060682
-8.942060931222013 38.70208182265047
-8.94238987436272 38.70203581531426
-8.943208333296662 38.70205509413713
-8.943330882713143 38.70205798079203
-8.944015963614344 38.70210491945084
-8.94417186701682 38.70215185810965
-8.944210982565828 38.70222692271084
-8.944274871295875 38.702291929028
-8.94432018350024 38.702319619819555
-8.944341926522744 38.7023329072222
-8.944479948531388 38.702374816738995
-8.944590962184764 38.70237798323582
-8.944690986231514 38.70235898425487
-8.944814852136705 38.70229788949261
-8.944875946898966 38.70224182387237
-8.944935924074112 38.702116840380064
-8.944928846022387 38.7020069443138
-8.944869986434355 38.70190189112503
-8.94480386253008 38.701844894182194
-8.94475026211083 38.701817551458205
-8.94471184785765 38.70179795552338
-8.944672918573161 38.701740958580544
-8.944624862327238 38.701663845069646
-8.944598971559085 38.701583937590954
-8.944587981952457 38.701489874008814
-8.94458390068662 38.70134056770025
-8.944558924687481 38.70042686239839
-8.94455887982854 38.70042523741467
-8.944538994383938 38.69970490112241
-8.944548116054525 38.69937493460382
-8.944551846635756 38.69923998488277
-8.94460996116571 38.6987728334689
-8.944679195385223 38.69835342183171
-8.944712965444765 38.69814884732996
-8.944732895748308 38.69808998774193
-8.9447669821553 38.69802498142477
-8.944804980117194 38.69796984712712
-8.944863839705226 38.697911918861685
-8.94491990532547 38.69785399059625
-8.944997950158967 38.69777594576275
-8.945066868031029 38.69772286037481
-8.945110826457533 38.69764481554132
-8.945114924276954 38.69756881961753
-8.945094993973411 38.6975129402618
-8.945052589207373 38.69746377327394
-8.945038928353167 38.69744793394464
-8.944982862732921 38.69741291621505
-8.944892896970202 38.69738683918238
-8.944840929169377 38.69738292762748
-8.94474686558724 38.697395966143816
-8.944582952810443 38.69739894637612
-8.94449596728003 38.69738888809209
-8.944361856826287 38.69735685059481
-8.943980945884755 38.697185859766286
-8.943911275959868 38.69715682943211
-8.94307886681882 38.69680997796677
-8.94292389473894 38.69671982593953
-8.942902846848284 38.69669188626167
-8.942872827433629 38.69665236384573
-8.94281399867268 38.69657491214368
-8.94271583727112 38.696407832870065
-8.942724964232555 38.696344875462614
-8.942743963213502 38.69630687750072
-8.942800960156344 38.69627390868084
