12.617266832678023 41.85489584181225
12.617261558429677 41.85491157079288
12.617261220750445 41.854912577827385
12.617260002319956 41.85491621145786
12.617256897526982 41.85492547064047
12.617249557469837 41.854947360321994
12.617239097766786 41.85497855348088
12.617225635851328 41.85501869990431
12.61722492316123 41.85502082530456
12.61707982310086 41.85546897773748
12.617106831456129 41.8555989903718
12.617225854483824 41.855699945741144
12.617345995098637 41.855769981200325
12.617367974311888 41.85581896876885
12.617371885866788 41.85586590742765
12.617371885866788 41.855888
12.617371885866788 41.855948981403166
12.617345995098637 41.85599983161688
12.617259940890818 41.8560508680951
12.61713085957909 41.856101904573336
12.617027855300035 41.85612183487687
12.61691684164666 41.85612798160601
12.616825944561349 41.856117923321975
12.616754977779577 41.85610395348304
12.616650855913404 41.85606390661144
12.616593858970564 41.85603782957877
12.616538910937434 41.85599983161688
12.61640088892879 41.85595382428066
12.616228966777674 41.85591396367358
12.616045877413812 41.85590204465531
12.61591995394051 41.85589384710551
12.615568845322032 41.85587186789226
12.61518383656108 41.85584690844671
12.61479882780013 41.855807979162215
12.614709221820776 41.85579134798891
12.614534890976582 41.855758991593696
12.614250837584976 41.855691936366824
12.614001988187477 41.855617989352744
12.613796910951963 41.85555186544847
12.61360785246509 41.85548294757641
12.613567476460364 41.85546729848733
12.613496838811717 41.8554399204725
12.61331187814426 41.855365973458426
12.61309786021183 41.855257940037355
12.612888871421417 41.85513295654505
12.61243836624408 41.854849111266525
12.612391917684494 41.854819845888464
12.61203391727881 41.85459688725911
12.611773892010165 41.85446687462479
12.61152187611584 41.85437597753947
12.611406952082389 41.854351944482424
12.611186972510524 41.8543059420803
12.61084089303406 41.85428284527993
12.610560937461877 41.854292903563966
12.610260865321626 41.854353998326225
12.610025359176417 41.8544159736276
12.609899884683635 41.85444899323096
12.60985797516684 41.85447395267652
12.60956498107832 41.85464084568562
12.609290985970745 41.85480699363664
12.609022951327775 41.85494482938077
12.608935900381985 41.8549697452044
12.608707978026002 41.855034981408
12.608494891416168 41.85506087217616
12.608280873483736 41.85506683264077
12.607972978233686 41.855059940853565
12.607686804666402 41.855036845625165
12.607612928918291 41.85503088358859
12.607510855961834 41.85502492312398
12.607350854739938 41.85499586585899
12.607226988834746 41.85497295532315
12.607026940741248 41.854927879309535
12.606911829268451 41.854910929238294
12.606725937278403 41.85487199995381
12.606460882867744 41.854830835495086
12.606410499065822 41.854828610123576
12.606190985579588 41.85481891456587
12.60511276968126 41.85482402121678
12.604499890010802 41.85482692394019
12.603707978973915 41.85482737175236
12.602852939133038 41.85482785526278
12.602426028524055 41.85482755428237
12.60153195116368 41.85482692394019
12.601044867815023 41.85482825974593
12.600784844177625 41.854828972849894
12.600535994780124 41.854864921902085
12.600374875971111 41.85493197712895
12.600248961156211 41.85501393351735
12.600150986019171 41.85510594818978
12.600015405112842 41.85531752048312
12.59993696808674 41.8554399204725
12.599782927329455 41.8556408998886
12.59960690735892 41.85581282203971
12.599385997639285 41.8559698430293
12.599134373760016 41.85608997657392
12.59912187455122 41.85609594410872
12.598869858656895 41.85620285994268
12.598846948121048 41.85621291822671
12.598200982768857 41.85647592372766
12.598035943360458 41.856557697322415
12.597994974210746 41.85657799668411
12.59788396055737 41.856667962446835
12.597792877207535 41.85673892922861
12.597747987458437 41.85682591475902
12.597802935491568 41.856894832631085
12.597828826259722 41.85698386707121
12.597828826259722 41.857021865033104
12.597797906349552 41.857096929634295
12.59775785947795 41.85715690680944
12.597654855198892 41.85722694226862
12.59759692693346 41.857246872572155
12.59742295587263 41.8572658715531
12.59729890370292 41.85723793187524
12.597167959746002 41.85715392657713
12.59710598765118 41.85715589742114
12.597009821169298 41.85715895571915
12.596520876806697 41.85732584872825
12.59624893060883 41.85740184465204
12.596021874160064 41.85747094878862
12.59590080017908 41.85750651123964
12.595742849910472 41.857552905177016
12.595216838908572 41.85774494389619
12.59473578889686 41.85791767386364
12.5944568796707 41.85801782141666
12.5940528719288 41.85817484240625
12.593855990332129 41.858240966310525
12.593629067404962 41.858292602153185
12.593486814055296 41.85832497160863
12.593324950188212 41.85834583323477
12.592801919418616 41.8584739832239
12.592373325730446 41.85858648183706
12.592249831384043 41.85861889701975
12.59200396221885 41.85867682528519
12.591690851562266 41.85874090027975
12.591547986676126 41.85873587113773
12.591432875203331 41.85876399708012
12.591306960388428 41.85851589274069
12.591212108437553 41.85829592749478
12.591128891508182 41.85810294430187
12.59090891311114 41.85759090313891
12.590878924523569 41.85752198526685
12.590821717583353 41.85738325443074
12.590612938790311 41.856876951237254
12.590462995852448 41.85648188419227
12.590449735208097 41.85644271903337
12.590390911483562 41.85626898384695
12.590337826095622 41.856125932696294
12.590288838527105 41.855966862797
12.590247860332903 41.85579494064588
12.590238919635986 41.85575992291629
12.590192912299772 41.85564499770801
12.59013076251422 41.855512268625766
12.59011188723397 41.85547195796978
12.590078918414092 41.855394844458885
12.590042969361908 41.85531996612221
12.589959895386396 41.854998846091306
12.589922828747095 41.85484685424373
12.589902898443556 41.85469784262846
12.58989991821125 41.85467586341521
12.58988696974587 41.85455733515518
12.589870860946272 41.85440987768195
12.589878870320591 41.854209829588456
12.589883899462608 41.85407888563154
12.589913888050182 41.85392093331935
12.589932887031129 41.8538179290403
12.589976931375288 41.853604365185475
12.589980943277052 41.85358491212692
12.58999584443858 41.85350984752573
12.590079849736687 41.85305685221531
12.590102946537051 41.85292981981329
12.5899628756187 41.85287394045756
12.589787973235278 41.8528508436572
12.589508948985689 41.85281489460502
12.589338401950704 41.852793313035775
12.589327899873137 41.85279198406917
12.589152997489713 41.852771867501104
12.58901087766165 41.852755848752466
12.58879685972922 41.85274094759094
12.588660886630286 41.85272083102288
12.588381862380697 41.852684881970696
12.588183863196909 41.8526429724539
12.588107015779308 41.8526263439555
12.587942836909209 41.85259081838856
12.586774627953082 41.852444854469574
12.586630975901285 41.85242690561176
12.586419938201155 41.852400828579086
12.586232928623994 41.85239598570159
12.58618897019749 41.85241386709542
12.586159912932514 41.85242690561176
12.586051879511444 41.85242597428916
12.585984824284573 41.85239691702419
12.585932856483748 41.852333959616736
12.585729828157945 41.85231384304868
12.585530957238484 41.85228750876981
12.584982907436403 41.85221493658904
12.584338855445244 41.852131231156406
12.58408287728018 41.85209796247105
12.583828998740666 41.852064993651176
12.583651861183014 41.85206294474146
12.58355481736857 41.852064993651176
12.583445852624903 41.852102991613066
12.583359984681604 41.85217786994974
12.583221935609885 41.85229051309474
12.58319197408539 41.85231496063579
12.583059912541358 41.852408837953405
12.582929899907036 41.85246993271567
12.582805847737324 41.85249582348382
12.582670992225506 41.852506999354965
12.582525892165137 41.85246993271567
12.582389919066204 41.852404926398506
12.58234186282028 41.85236599711402
12.582221908469988 41.85234792945567
12.582062838570687 41.852341968991055
12.581936923755784 41.852392819204766
12.58192260081175 41.85241070491123
12.581602951473064 41.852809865463
12.58140197205697 41.853107888693536
12.581280636798516 41.85325578585026
12.580688951477908 41.853976998939594
12.580571591611394 41.85411955070849
12.580256817793623 41.854501892354385
12.579937150774253 41.854889890085246
12.57929990501766 41.85566335088219
12.579151896666405 41.8558429968918
12.579086890349243 41.85593389397712
12.579012943335169 41.856031869114155
12.578607818006152 41.85645599342412
12.578579878328291 41.85647387481795
12.578577340120953 41.856475618428064
12.57843291562273 41.85657483018729
12.578245906045568 41.85664188541416
12.578032819435734 41.85668994166009
12.57779291073515 41.85670987196363
12.577556913589468 41.856680814698656
12.577275215901327 41.856625984255786
12.577243989197402 41.85661990620091
12.576886920114314 41.85654595918684
12.576666941717273 41.85650088317322
12.576582936419165 41.856482815514866
12.575957200363137 41.85636164306862
12.575374824748373 41.85624886727889
12.57471190932494 41.85610097325074
12.574635868880144 41.856092305118274
12.574474980856664 41.85607396489547
12.574304921350738 41.85608383691498
12.573665847785753 41.856213849549306
12.57343094470179 41.85626517244794
12.572873851050597 41.856386889287535
12.572655921563266 41.85639582998445
12.57243687448882 41.85639787889416
12.572096003418643 41.85634298822264
12.572089863689762 41.85634199953844
12.571296935632011 41.8561698911228
12.571202872049872 41.85614698058696
12.57093121379955 41.85609022404436
12.570914907103363 41.856086817147286
12.570933906084312 41.85597096061642
12.570977864510816 41.85562488113995
12.57096482599448 41.85534790580007
12.570951225090848 41.855143661721776
12.570942846781229 41.855017845072254
12.57092589670999 41.854775887461955
12.570773904862415 41.85423497529853
12.570765080530842 41.85420314467392
12.570747827829743 41.85414091171639
12.570619864105131 41.853836928021245
12.570490969057923 41.85356181532655
12.570357976191296 41.85336083591046
12.57028166194526 41.85326980747973
12.570243982305616 41.85322486281152
12.570142840671751 41.8530918699449
12.56986586533187 41.85279198406917
12.569682953574128 41.85262397347295
12.569569401908236 41.85252244694566
12.56955983272701 41.85251389114217
12.569322904258732 41.852292981422536
12.569283974974244 41.852258895015545
12.569157873894822 41.852161851201096
12.568757497566413 41.85183256880417
12.568408904263576 41.85154587443648
12.567840595697906 41.851100286108725
12.567153853933972 41.850561838982145
12.566991990066883 41.85045883470309
12.566916270289264 41.85040398485781
12.565995087448742 41.849736699006435
12.565528882269462 41.84939898958949
12.564739872059612 41.84998743247026
12.56395494708318 41.850572828588774
12.56385993739096 41.85064643970166
12.563768868828614 41.85071699732654
12.562923270254624 41.8513277309319
12.562652958094768 41.851522963900635
12.56205102839924 41.85197443247199
12.561336999267422 41.852509979587275
12.56111780261348 41.85266405821867
12.560336945064446 41.853212941882305
12.560149692937232 41.85333159797302
12.559525949348345 41.85372684569046
12.55942294506929 41.853792969594735
12.559332979306571 41.85385294676989
12.559219472876933 41.8539239661036
12.558517885771048 41.85436293902314
12.558236305574226 41.85455388695414
12.558035833195651 41.85468983325414
12.557612826472807 41.85493793759356
12.557208787253566 41.85515149436088
12.557139900858846 41.85518790457818
12.556223940818208 41.85568845406477
12.556127925726653 41.85574092393534
12.555989903718007 41.85582697814316
12.555181748704827 41.85626857713251
12.554946822411123 41.85639694757157
12.55420748837635 41.85679818976365
12.554163952637404 41.8568218169396
12.55408497648131 41.85686093248861
12.553599943673609 41.85712188907985
12.553525996659532 41.8571399567382
12.553432864399989 41.8571399567382
12.553337869495255 41.85679387726174
12.55322890475159 41.85642488724943
12.55319594282584 41.85631374194892
12.55317581936365 41.85624588704659
12.553166878666731 41.85621682978161
12.553078961813725 41.8560078409912
12.552976888857266 41.85585286891131
12.552911882540103 41.85572788541901
12.55280682935134 41.85552392577061
12.55269783788127 41.85541541317343
12.552594860328618 41.855312888070486
12.552315836079028 41.85510594818978
12.552026939809924 41.85491186056089
12.551853900071691 41.854804944726936
12.55175154404136 41.854762307106256
12.550816965493938 41.85437299730717
12.550574105724689 41.85427569744243
12.55029486604694 41.85416382225224
12.550193910677596 41.85413383366467
12.550046947972035 41.8541068253094
12.549849880110845 41.854105893986805
12.549670879908 41.85410384507709
12.5494708318145 41.85407497407664
12.549386826516391 41.85404181899224
12.549357955515935 41.853997860565734
12.549355560495975 41.85399307052582
12.54931194817972 41.85390584589331
12.549294998108484 41.85377099038149
12.54924694186256 41.853379834891406
12.549272832630711 41.85316097408147
12.549351995051325 41.853053871983
12.5494708318145 41.85293894677473
12.549861987304585 41.85268897979011
12.550215889890849 41.852486882786906
12.550270403719791 41.852436402040254
12.550366950415826 41.85234699813307
12.550450955713934 41.85218196776916
12.55046995469488 41.8519988697469
12.550454867268837 41.85180385079541
12.550435116190672 41.8514931617426
12.550414820397233 41.85117390419187
12.5504008505583 41.85112789685565
12.550386880719367 41.85110684896499
12.550307904563276 41.85101297164737
12.550159824270605 41.85090996736832
12.549733656428634 41.85071765198449
12.549534906809066 41.85062796288642
12.549471949401616 41.85060896390547
12.54940582549734 41.85060095453115
12.549324986696057 41.85061585569268
12.549219933507292 41.850651991009386
12.548996974877946 41.85077790582429
12.548870873798524 41.85083695167684
12.54856064459108 41.85108644471755
12.548517902534854 41.85112081880393
12.548390870132838 41.85122494067009
12.54789689662822 41.85165185894784
12.547697178730491 41.851824472785225
12.546884899650305 41.85252651607056
12.546857913140755 41.85254984019436
12.5466738837959 41.8526839506481
12.546507922109392 41.852797944533776
12.546276954105728 41.85291082083234
12.54609497367058 41.852986816756136
12.545881887060744 41.85305796980242
12.545843757308662 41.85307130770297
12.544652913763812 41.85348786831248
12.544627038421632 41.85349711544206
12.54401495778594 41.85371585608384
12.54343791030581 41.85393490315828
12.543422800129896 41.85394060998823
12.542751898082017 41.85419399710433
12.542285016541356 41.854377430052395
12.542138901549702 41.85443483712751
12.541538943533723 41.854671951860304
12.541191661284866 41.85478056473232
12.541167904611704 41.8547879946557
12.540830952096677 41.85489695939936
12.54006186589737 41.85513295654505
12.540059737494213 41.85513365746028
12.539721933150036 41.85524490152102
12.5395459131795 41.85530282978645
12.539190893006122 41.85543097977558
12.538925660355725 41.85555265950707
12.538885977988375 41.85557086442942
12.538608816383976 41.85572397386411
12.538423855716523 41.8558439282144
12.538148929286352 41.85604099607559
12.53801244528654 41.85615924152799
12.537773978809431 41.85636584139688
12.537534815166923 41.85660481877487
12.537225988594278 41.856905822237714
12.537174882602873 41.856957852449995
12.536947895667282 41.85718894430672
12.536888849814732 41.857250970391576
12.536388915845505 41.857758913735125
12.53635180216106 41.85779988563037
12.5361488208804 41.85802396814579
12.535874825772826 41.85833093207325
12.535667697040118 41.85857821276616
12.535456848191997 41.85882993471987
12.535136845748204 41.85921885503573
12.535007421927713 41.859405777978985
12.534780894252233 41.859732945108405
12.53442963823783 41.86023779007377
12.534302939496255 41.8604198886548
12.534066942350572 41.86075088070521
12.53386186511506 41.86100699441896
12.53382294301969 41.861064330606915
12.533225030333623 41.861945116541605
12.53303783088262 41.86222088028984
12.532943953565 41.862356853388775
12.532907818248296 41.86241999706075
12.532668860223728 41.86276246283445
12.53239782599504 41.86315089903364
12.532215845559891 41.86345283381908
12.532143492551524 41.86362358577896
12.531780056535172 41.864481289051895
12.53174291994593 41.86456893081745
12.531717960500371 41.86462797666999
12.53166394378984 41.864746999697694
12.53153691138782 41.86502788659247
12.531401852627168 41.86534952765905
12.531371881023912 41.86542090472775
12.531342823758932 41.86549783197413
12.531224918318353 41.86574593631355
12.531006952248337 41.866261213703915
12.530963961727112 41.86636284440077
12.530927826410409 41.86644796728599
12.530842791601424 41.86643212631396
12.530658860444849 41.86639786213035
12.530580815611351 41.8663768142397
12.52985289387076 41.86620098053368
12.529656943596684 41.86612591593249
12.529634736261237 41.8661169669425
12.529393938095732 41.86601993142113
12.52915998985976 41.86588898746421
12.528706994549342 41.86558891532396
12.528619240955932 41.8656407390501
12.527834904070978 41.866103936719234
12.527808827038308 41.86611883788076
12.527667605811375 41.86620212442792
12.527506892252868 41.86629690676101
12.527447846400316 41.866334904722905
12.528087867653984 41.86691096104012
12.528088968875013 41.86691195220303
12.527834046364628 41.86706894226903
12.527260836823157 41.86742194445629
12.526885906430143 41.867644232165595
12.52653384640516 41.867852960553456
12.52637887432528 41.867934916941856
12.525850485845575 41.86823594108901
12.52574687881202 41.86829496625725
12.52532685232148 41.86855182502907
12.52492900856175 41.868887781981734
12.524890993346816 41.86891988371879
12.524534855586325 41.869182889219736
12.524305936492366 41.86933599865443
12.523992269247644 41.86956106823458
12.523823883916972 41.86968189186637
12.523350958303013 41.87002592243312
12.52312483317684 41.87020082481654
12.52305239509078 41.87025817553927
12.522980850703586 41.87031481870223
12.52291081524441 41.87038895198082
12.522841897372349 41.8704658792272
12.522478867824647 41.87093191305396
12.522364741317784 41.871060969636
12.522058841334108 41.87140688757763
12.521977816268306 41.87148586373372
12.521726917961097 41.871692989878945
12.521617126576327 41.871778916178435
12.521044817292202 41.87222682399064
12.520501856219065 41.87199082684496
12.520492515536414 41.87198561317185
12.520200852756222 41.871822816248745
12.519997824430416 41.87165182542023
12.519740965658595 41.871456992733265
12.519555818726625 41.871328842744134
12.519551824983523 41.87132580984212
12.51908587334497 41.87097195992556
12.518787374334847 41.87060756564441
12.51857793000142 41.87035188534152
12.518469896580353 41.870218892474895
12.518310826681052 41.87026694872082
12.51814598258166 41.870267880043414
12.5180399980703 41.87024794973987
12.517880928171 41.87020697154567
12.517711381173315 41.87013758165473
12.517687958129226 41.87012799538958
12.517572846656432 41.86997283704518
12.517244750837357 41.869232202515256
12.517155986662717 41.86903182869476
12.517242972193127 41.868951921216066
12.517347839117374 41.86889492427323
12.517448980751238 41.86882991795607
12.517536897604248 41.86879191999417
12.5176359903284 41.86875299070969
12.517728936323426 41.86874684398055
12.517850939583427 41.86874982421286
12.517966982378818 41.868731942819025
12.51829209131041 41.8686745666746
12.518861983393029 41.868573990506846
12.519145850520117 41.86850898418968
12.51924084542485 41.86848681871191
12.519316841348637 41.86845589880174
12.519472814393009 41.86839135432011
12.51957295506238 41.868349914290384
12.519864831563789 41.86819792244281
