73.40683598235628 61.26688185185675
73.40675886884537 61.266735820473784
73.40670298948965 61.26661288589119
73.40654012523107 61.26624161414709
73.40641390695603 61.265953882022664
73.40635392978088 61.26581697760113
73.40668082401189 61.265781959871546
73.40685796156953 61.2657629608906
73.40798993370363 61.26563966140872
73.40807892549215 61.26562996802397
73.40836484152894 61.26559886184928
73.40895790775771 61.26552696374492
73.40941388330043 61.26547685858928
73.40993725472195 61.26541424033681
73.41144398029395 61.26523396965639
73.41179246151063 61.265193375614835
73.4121059643948 61.26515685614549
73.41256883172473 61.26510283943495
73.41269791303645 61.265086820686314
73.4126658349552 61.26502167678233
73.41257088063443 61.26482884432738
73.41225888756496 61.26421081865305
73.4122554014038 61.26420404798121
73.41187890794603 61.26347283862843
73.41185692873277 61.26342999778904
73.41183196928722 61.26337896131081
73.41180291202224 61.26332084678086
73.41178857979504 61.26329230747273
73.41135494585383 61.26242882599895
73.41134852782557 61.26241590588967
73.41115582908293 61.26202798475388
73.4110599028556 61.261819927286055
73.41091252010985 61.26152211002025
73.41090697968544 61.26151091444889
73.41072499925029 61.261142855759175
73.41050893240815 61.2607058791974
73.41043622576552 61.26055975310193
73.4104139375034 61.260514958065336
73.41027889572707 61.26024096295776
73.41022189878423 61.260125851484965
73.40998820092452 61.25965461981583
73.409926855786 61.259530922611006
73.40966385028506 61.259034900196674
73.40961095116162 61.258924817865896
73.40952848487531 61.258751859660315
73.4094788896176 61.25864784252602
73.40939581564209 61.258484861071814
73.40930883011167 61.258282950333125
73.40971395544068 61.25823694299691
73.4108450159005 61.25810598149421
73.41167494829763 61.258009886548145
73.41280320777251 61.25787681543715
73.41281991629646 61.257874844771806
73.41309689163633 61.257844856184235
73.4146249590494 61.25766204825148
73.41535292749151 61.25757495889608
73.41644010596495 61.2574448671644
73.41708388366737 61.25736783275085
73.41760393420466 61.25731083580801
73.41805283169566 61.2572599855943
73.4183871482222 61.25722320943321
73.42033242489859 61.25700922118331
73.42037089363569 61.257004989467674
73.4211448227125 61.25691595502755
73.42215497208879 61.25680146788158
73.42220485409062 61.25679581441274
73.42400776964516 61.25659322142072
73.42427686060094 61.25656298376388
73.4252279272354 61.25645085252339
73.42579286752178 61.25638491488363
73.42587723768601 61.256374941939775
73.42646099835174 61.25630593872754
73.42770536671362 61.25616053830401
73.42885691886076 61.256025983155354
73.42973384272962 61.25592470415786
73.42984393454739 61.25591198926968
73.43007695146078 61.25588498091441
73.43034982898124 61.25585387473972
73.43099188277853 61.255763908977
73.43133684466787 61.25570281421474
73.43144096653404 61.25567990367889
73.43164492618244 61.25563482766528
73.43168888586021 61.25562455922146
73.43188893270245 61.25557783072243
73.43211282265439 61.25551487331498
73.43240488542031 61.255434965836294
73.43264684303061 61.25535896991251
73.43294598384826 61.255258945865755
73.43321699872352 61.25514383439296
73.4333069456703 61.25510144560195
73.43344386890777 61.25503691855901
73.43385998384342 61.25480688187793
73.43407698200815 61.25469195666966
73.43436494695466 61.254540896144675
73.4345915817171 61.25441484582016
73.43472797650236 61.25433898540599
73.43517184485134 61.254061823801585
73.43536798138994 61.25392193914775
73.43554381509595 61.25377888799709
73.43568649518375 61.253658112528456
73.43572095265361 61.25362894505923
73.4358779736432 61.253460934463014
73.43607988438188 61.25320686965898
73.43646479676427 61.25272555765142
73.43670685075313 61.25242288229815
73.43717317252683 61.25182436264474
73.43743682140344 61.25148597176714
73.43787491555233 61.25091693366133
73.4379236502439 61.250859282488065
73.43849797036867 61.25017988495931
73.43866442555587 61.24998293238815
73.4391638660244 61.24939198604357
73.43930784849765 61.24922192653764
73.43941203288556 61.24909834703305
73.43942091106074 61.24908781608391
73.43958091228264 61.24889894386155
73.44012294203318 61.248233979528415
73.44016225287308 61.248184054387174
73.4409123470582 61.247231427624904
73.44165743136551 61.24628516345518
73.44168681893542 61.246247840961395
73.44202284012786 61.24588499767821
73.44252804683362 61.24547720124953
73.4425618896461 61.24544988376163
73.44291690981947 61.245220964667666
73.44357088454599 61.24487395386861
73.44385258240727 61.24476046004068
73.44431799153205 61.24457295040577
73.44509098928626 61.24432093451144
73.44544964683487 61.24423439576231
73.44597798092614 61.244106916579014
73.446493933644 61.24401397058399
73.44701286659418 61.2439428175377
73.44721217149635 61.24391913854208
73.44793785619596 61.24383292147144
73.44822787005218 61.243795854832136
73.44811983663112 61.24359282650634
73.44782102670045 61.24301827455707
73.4477048392826 61.24279486930657
73.4476668413207 61.24272185361509
73.44730907721696 61.24208937135514
73.44729691998579 61.24206787888858
73.44684299335277 61.2412639612242
73.4467981664392 61.241178629274366
73.44675991937727 61.24110582264749
73.44632576710995 61.24030648547842
73.44631083562174 61.240278994447266
73.44602994872696 61.23975093453566
73.44585865700081 61.23943032380896
73.44569597644424 61.239125830809606
73.44561886293334 61.23898184833635
73.44550626238956 61.238995400770555
73.44532791775453 61.23901686606594
73.44436485248437 61.23912493063004
73.44394348969797 61.239172211315214
73.44368785866398 61.2392008954108
73.4425447123206 61.23935017687446
73.44226293509296 61.23938697366536
73.44210761238534 61.23940753845873
73.44208989535473 61.23940988420121
73.44138097259508 61.23950189887364
73.4405769651462 61.23960296306057
73.44027766569609 61.23964058516919
73.43951981752038 61.239735847109614
73.4387048445202 61.239836779086346
73.43844443573774 61.239869029937815
73.43786392594569 61.23994092434513
73.43710992717243 61.24003293901755
73.43679194726991 61.240071839097006
73.43674298606983 61.24007782876666
73.43662637054906 61.240092291456875
73.43633897832794 61.24012793392229
73.43481550701357 61.240322425789095
73.43340195939098 61.24050288439921
73.43327399566637 61.24051983447045
73.43316186442588 61.24048891456028
73.43321886136872 61.24043284894003
73.43335185423535 61.2404158988688
73.43476550332878 61.24023282388924
73.43532085646662 61.24016090274217
73.43525491882686 61.24003796815957
73.43561999728426 61.239993823468545
73.43603387704567 61.239942973254834
73.43561999728426 61.239993823468545
73.43603387704567 61.239942973254834
73.43619387826757 61.23992397427389
73.43625795326213 61.24003983080476
73.43657345779629 61.23999848417202
73.43669288091421 61.23998283386192
73.43674129775232 61.23997647463543
73.43700487398367 61.23994185566772
73.43779593939622 61.23984499811779
73.43839139581685 61.239770622811385
73.43865203645693 61.23973806757006
73.43926184116144 61.239661900095534
73.43934193490465 61.23965091048891
73.43945797770004 61.239634891740266
73.44022055767435 61.23953680751901
73.4405202558692 61.23949825987149
73.44131596627793 61.23939591436228
73.44202991817959 61.23930483101245
73.44205017980897 61.23930234334415
73.44224989657663 61.23927782265718
73.44248702415571 61.23924836205707
73.44319891430138 61.2391599172166
73.4437388951422 61.23909099934453
73.4438906485623 61.23907159989968
73.44431477588537 61.23901738145367
73.44524987292102 61.238897843038245
73.44554994506127 61.238860962663466
73.44548698765382 61.23873597917115
73.44550598663477 61.23866296347968
73.44552498561572 61.23860782918202
73.44525788229535 61.238120933729135
73.44525608721982 61.2381176494269
73.44514090817736 61.2379069157967
73.44483599315963 61.237339926600605
73.44477805983215 61.23723157431031
73.44465792427937 61.23700688564048
73.44455287109061 61.23680981777928
73.44449792305748 61.236707931087345
73.44447594384422 61.23666583530603
73.4444239760434 61.2365699090787
73.44428288352569 61.23630124450092
73.4441829497557 61.23611095330367
73.4440959642253 61.23594685426236
73.44383687027924 61.23545399834485
73.4437674514641 61.23532178393183
73.44362993039854 61.235059862622464
73.44359584399155 61.23499597389242
73.44323770150882 61.23438590463117
73.44307393080906 61.23410693334282
73.44300184644018 61.23398399876022
73.44301710518302 61.23398207502187
73.44339188434314 61.23393482492718
73.44444986681155 61.23380090073796
73.44458922176322 61.23378379606536
73.4451509664614 61.23371484653014
73.44515997099435 61.2337135947415
73.44523547267221 61.233703098678774
73.44529786881272 61.23369442451652
73.44530146801414 61.23369392416414
73.44533856593375 61.23368876690006
73.4453456849281 61.23368777723449
73.44535194587749 61.23368690685228
73.44532670321999 61.23363920693395
73.44532598912271 61.23363785753633
73.44532495191291 61.233635897567474
73.44532428552833 61.233634638330386
73.44532280877714 61.23363184777987
73.44532191903208 61.233630166468544
73.44532008834656 61.23362670710416
73.44531583616555 61.233618671948335
73.44530043023812 61.23358956005788
73.44529792916695 61.23358483389582
73.44528825680871 61.233567104690984
73.44527555078562 61.233543814849945
73.4452653376826 61.233525094472675
73.44525110052008 61.23349899808913
73.44523379557185 61.23346727852666
73.44520990915825 61.23342349529316
73.44518699003214 61.23338148507485
73.4451636195052 61.23333864744945
73.44514177461083 61.23329860627261
73.44512655364025 61.23327070659208
