8.54739895290338 49.35955869850788
8.547705975496157 49.35871882793424
8.547752223027812 49.3586012032126
8.548122695939496 49.35765895242534
8.548128982219003 49.35764296407199
8.548489962856992 49.35678186320026
8.54852317628462 49.356706504234594
8.548895833244082 49.3558609714179
8.548927515494238 49.35579344428618
8.549099979157 49.35542585750131
8.549341792917707 49.35490435342274
8.549356837928821 49.35487190682154
8.549530995254166 49.354522847112776
8.549673860140306 49.35422594146935
8.549771240011692 49.354034981669535
8.550031860545989 49.35352391049692
8.550209892076802 49.353170663174815
8.55029095449204 49.35300982042424
8.550571841386821 49.35247393740283
8.550655187788104 49.35231337635185
8.550776918622335 49.35207887035784
8.551114211880687 49.35145748696962
8.551207934719502 49.351284824712984
8.551574114874517 49.35060482304487
8.551620883158316 49.3505179736879
8.55203588050684 49.34975894577263
8.55203979257419 49.34975169985734
8.552476954888037 49.348941989591914
8.55250037850781 49.34889872384782
8.552749832408498 49.34843795780326
8.552970234199009 49.34801599794721
8.553043944084136 49.34787488016207
8.553311978727102 49.347363956586214
8.553420943470767 49.34714584083436
8.55355264323249 49.34689412560235
8.553737965682252 49.34653992235377
8.55385885135514 49.346298896066074
8.553988475740658 49.34603551272412
8.55429098503942 49.3454208451231
8.554410870215447 49.34517131492038
8.554734853388403 49.344496973108434
8.554821058564134 49.34431114671969
8.555184868466515 49.34352690749303
8.555348744324629 49.343164101404554
8.55564289291895 49.34251288345112
8.555729878449363 49.34231581558993
8.555840555608563 49.342053457664605
8.556172815475751 49.34126584249584
8.556285694050775 49.34099794527374
8.5563948427825 49.340738900171345
8.556730422448444 49.33990251688051
8.557076943451396 49.33903886390564
8.55708943005181 49.33900517912313
8.557116990323 49.33893083048457
8.557241973815307 49.33861697476991
8.557376829327126 49.33825599413192
8.557442140517159 49.33807239635847
8.557731849500504 49.33725798883866
8.5577881774264 49.33711326215023
8.558166953071701 49.3361400513684
8.558550962948363 49.335153391964774
8.558644918173066 49.33491198722077
8.558982008054906 49.334168882621974
8.55942269549078 49.33319740030266
8.559544948329291 49.33292789756346
8.559895279714626 49.332247748736165
8.5601588761842 49.33173599090582
8.560407769530686 49.331326883049734
8.56059697033309 49.33101589227503
8.560923088024964 49.330454130302634
8.560978998861737 49.3303578197291
8.561215927330016 49.32999590776851
8.561461527789248 49.329612012188754
8.561748830119122 49.32916293283916
8.561998746298524 49.32877614460585
8.562000846013445 49.32877289493619
8.562587614737932 49.327949330576985
8.562785950961395 49.32767095404128
8.563193318323677 49.32713348747609
8.563443837242808 49.326802961382334
8.56398764537591 49.326092835512384
8.564100978466145 49.325944840742906
8.564814380845764 49.32516089780174
8.56561291977733 49.32428340008582
8.56614485903408 49.32369886317176
8.566284007013865 49.32344533326209
8.566325908146633 49.32336898870846
8.56655482724059 49.323118835459326
8.566957005264623 49.322609994417114
8.566964981711617 49.322599902509154
8.56698696092487 49.3224598315908
8.56714584455965 49.32214187805672
8.567328942581913 49.32189489130441
8.567474973964877 49.32175090883115
8.567491209385695 49.321738513405705
8.567778957660027 49.321518823240375
8.567746920162744 49.32113698097625
8.567824964996241 49.32096394123801
8.568048262173804 49.32074395671089
8.568163966420977 49.320629968955295
8.568898431399308 49.320002208655254
8.569008862279553 49.319907821414795
8.569116895700624 49.31982791393611
8.569310983329512 49.31975992738664
8.569493895087255 49.31974185972829
8.569674944199807 49.3197429773154
8.569844817441213 49.31972584097965
8.570049894676728 49.31969585239207
8.570210940602587 49.319678759068
8.57022889487957 49.31967685341112
8.571147924016742 49.3192208778684
8.571309017178681 49.31909504981516
8.572263011834314 49.31834989534134
8.572266814982894 49.31834692474485
8.572813873875452 49.31793397630604
8.573321853486476 49.317550334019074
8.57425821111072 49.31684316709232
8.575255423163599 49.31609004097415
8.575599832287427 49.315829932298435
8.576201918893736 49.3153536085709
8.577169592362734 49.31458806117463
8.578140998700102 49.31381956062552
8.579112012979806 49.313051370241695
8.580013928860737 49.3123378450946
8.580111280974975 49.31225513460663
8.58111899363328 49.31139898056872
8.581555826549735 49.31102784673187
8.582133538948767 49.31050750021133
8.583152935731476 49.30958932783036
8.584185446042174 49.30865934407288
8.584528980803393 49.30834992174096
8.585153374391638 49.30775817980059
8.586042697908118 49.30691536201198
8.586896299987918 49.30610639766558
8.587050816127304 49.305959961696566
8.587708285952596 49.30527780919449
8.588511107164873 49.304444848535915
8.58930843463249 49.3036175878677
8.58960599280013 49.303308858796406
8.590098467195547 49.3027761489698
8.59010983832426 49.30276384881356
8.590909721380026 49.301897432218105
8.591719908827244 49.30101985412136
8.591765332888203 49.30097058506108
8.59266049619584 49.29999964908505
8.593409886808914 49.29918682498902
8.59359190794959 49.298998735128386
8.594579382011334 49.29797833794834
8.595085894951653 49.29745493749056
8.59560534213967 49.29693549030254
8.596587932033566 49.29595290040864
8.596666464088166 49.2958815546176
8.597770402873525 49.29487863439221
8.598653978079273 49.29407591284981
8.598851424150249 49.293905689355135
8.599769888813121 49.29311385660873
8.599967329964882 49.29295511644669
8.600993832968038 49.2921298211544
8.601121207481087 49.29202949191467
8.602278497595895 49.29111792778314
8.602407953196941 49.29101595933026
8.60347193438274 49.290263156806915
8.60460306098286 49.28946284664151
8.604882849862044 49.28926488658633
8.605689706480359 49.28874236950964
8.606696959942205 49.28809007624907
8.607493905890596 49.287573977282065
8.607886272709887 49.28733713992295
8.608899999252248 49.28672524231756
8.609994306321209 49.28606470533141
8.610061934815242 49.28602388395422
8.611041000533849 49.28546850273572
8.611630840859506 49.28513391208203
8.61182194825609 49.28503388803528
8.612138455840942 49.28486895009626
8.613294250077907 49.284266644405974
8.61371383697645 49.28404798993576
8.614379840723345 49.283709796804665
8.614609955577775 49.283592945715625
8.614976896680375 49.28328784443337
8.61539773940047 49.28305769999658
8.615912875888785 49.28277598953491
8.61618295944146 49.28256197160248
8.616422585549225 49.28242046618116
8.616646944358504 49.282287976494906
8.617111860598143 49.28196499381881
8.617369836957078 49.281764945725314
8.61743307555271 49.281697222122894
8.617579943334608 49.281539938186256
8.61780588219626 49.28127283486589
8.617993823096018 49.280986918829086
8.618098468112022 49.28079597498501
8.618183999170006 49.28063990803003
8.618379949444083 49.28020181388114
8.618515044955737 49.27989126777459
8.618553920504912 49.27980190395866
8.618623955964088 49.27959496407796
8.618676855087507 49.279378897235816
8.618699951887875 49.27915593860647
8.61869287383615 49.27892385301569
8.618692503185974 49.278918550247184
8.618678903997218 49.27872399118671
8.618640906035324 49.27854592230646
8.618586889324789 49.27833786483864
8.618506981846101 49.27811583753189
8.618444810606322 49.27796315228125
8.618392987960421 49.2778358819597
8.618157922137334 49.27735196673912
8.61807689707153 49.277106842632
8.618035991648377 49.27703097038451
8.617904974920414 49.276787957775326
8.617630979812837 49.27628988645129
8.617565345031942 49.27618298963763
8.617452910932592 49.27599987259507
8.617428882809628 49.275879918244776
8.616998467385859 49.27527501748481
8.616550831866656 49.27464591580583
8.616267610513773 49.27427653681564
8.615642425452886 49.27346116670275
8.615465841042978 49.27323086425433
8.614950875805162 49.27259812183302
8.614227927049129 49.27170982819147
8.61421524647448 49.27169469583375
8.613444146691789 49.27077450427541
8.61323085307846 49.270519970443544
8.612673590076302 49.269840491119176
8.611907465945684 49.26890634421792
8.611134490735264 49.267963843689984
8.610553859410148 49.26725587101107
8.610336204010332 49.26700024069702
8.610032877550264 49.26664399206587
8.60951921002044 49.26601799948791
8.609204931762925 49.26563499716598
8.60904884209593 49.265445938679115
8.608700436616704 49.265025734642826
8.607908158599285 49.26407018589105
8.6072528796029 49.26327986858666
8.607145873450172 49.263150615980614
8.606382219411383 49.26222819916517
8.605613064781338 49.26129913819203
8.605573891227854 49.26125182050284
8.605194842931512 49.26080087410214
8.604849004901684 49.2603813953926
8.604078339457763 49.25944662906264
8.604062913449024 49.25942791833195
8.603290921646359 49.258482018212575
8.603241859448891 49.25842190366436
8.602888888185223 49.25796797703135
8.602561993954227 49.25751088390151
8.602543734255175 49.2574839258203
8.602364926093033 49.2572199387227
8.602190955032206 49.25694296338282
8.602019964203684 49.25664792038459
8.601904256505275 49.25645902194143
8.601837983768537 49.25635082847664
8.60159099701623 49.25589485293392
8.601368513414501 49.25542675542332
8.60134196135421 49.255370890841725
8.60124789777207 49.25517698947736
8.601134835208986 49.2549188268539
8.600932811223263 49.25440859831154
8.60079993160367 49.254072999672736
8.600696927324615 49.2537038233959
8.600616976754141 49.25342129344402
8.600539906335024 49.25314894139355
8.600465959320946 49.252824841130334
8.600398703321462 49.252519058598146
8.600341907151234 49.25226083216654
8.600278949743783 49.251870980528096
8.600236885981367 49.25153174565063
8.600232942407569 49.25149994160607
8.600186935071354 49.25109984541908
8.600163838270989 49.25073793345849
8.600154505475189 49.250426261487135
8.600147819522347 49.25020298175968
8.600152848664361 49.24966784379634
8.600173091552811 49.24932606851696
8.600184886161646 49.249126931632915
8.600267960137158 49.24842192042817
8.600293973897788 49.248219263538296
8.600410090974787 49.247314668235035
8.600507868837742 49.24655294224365
8.600531012472114 49.24639695414798
8.600628940775147 49.24573691738554
8.600686435045839 49.24529552686828
8.600729896144491 49.24496187072162
8.60080810160544 49.244382439351874
8.600942834124604 49.24338419386898
8.601024939142725 49.24277587032562
8.601085112417204 49.24232414544886
8.601235845155134 49.24119258450167
8.601327991515278 49.2405008354895
8.601360264113254 49.24028537747824
8.601464895936807 49.23958683549434
8.6014982761431 49.23934507341446
8.60155393037693 49.23894198772927
8.6016428746307 49.23838580991882
8.601673884727223 49.238191900510905
8.601757444948836 49.23743110111325
8.601801848451835 49.23702681594402
8.601874056795449 49.23647919237656
8.601997632771875 49.23554199989053
8.602122517622465 49.2345948809846
8.602135820734556 49.23449399101348
8.602252646825574 49.23362477055672
8.602385320790725 49.23263763725815
8.602439990694224 49.23223087710658
8.602463832552667 49.23203287792279
8.602514934288722 49.23165943678188
8.60259999191612 49.23103785286183
8.602641226296287 49.230719751175705
8.602738945247358 49.22996590055449
8.602758875695004 49.22981716428828
8.602843998436123 49.229181913193656
8.602917114673318 49.2286312128721
8.60296097255411 49.228300882018374
8.603044465075353 49.22769625823317
8.60317294157683 49.22676587611659
8.603182227073878 49.226689735040786
8.603226958287365 49.226322939090196
8.60332145504362 49.22561643187361
8.603468573712414 49.224516495692534
8.603599859854576 49.22353493176851
8.60361161428327 49.22344646422622
8.603744959914945 49.22244286289311
8.603745947916309 49.222432256220394
8.603773830915403 49.22213291873335
8.603785938109143 49.22198595602779
8.60380288818038 49.221805838237835
8.60381383034428 49.221444017351565
8.60381685801931 49.2213439022305
8.603805868412685 49.22092890488197
8.603785938109143 49.22046491996493
8.603784767780272 49.220437749977066
8.603766939128196 49.22002384558373
8.603696705664538 49.21941006618393
8.603689825617295 49.21934994055368
8.603618858835523 49.21890383703047
8.603527961750208 49.21845195930716
8.60351218384818 49.21838924520433
8.60343184925836 49.21806993077852
8.60333182521161 49.217702989675914
8.603217727589954 49.21735403542285
8.603082975814111 49.21694191285093
8.60296097255411 49.21660086251648
8.602848048065749 49.21633800561337
8.602772845389833 49.21616295463211
8.602571865973738 49.215723929160625
8.602436824197401 49.21545999233708
8.602384532155826 49.21535711462581
8.602259872904268 49.2151118639509
8.60207994137883 49.21478794995221
8.601891814214554 49.21446887883102
8.601830369632173 49.21437184172385
8.60170499090191 49.21417383583279
8.60121012141143 49.213411699486414
8.600914856811945 49.2129569697296
8.600604714966627 49.212481214274106
8.600481978069588 49.21229293671905
8.600011098457257 49.211564771302704
8.599634847036784 49.21098293835632
8.599438235595441 49.21067879820317
8.599215938133357 49.21033492409441
8.598885569379814 49.20982535737967
8.598175025135557 49.20872940114186
8.597676834412146 49.20796098279866
8.59747516413529 49.20765055062786
8.596775599652275 49.20657370715611
8.596131956490844 49.20558294368348
8.596097323296847 49.20552961256857
8.595970837681834 49.20533483934406
8.595656981967172 49.204837885607134
8.595464716450152 49.20454229808722
8.59498698849202 49.20380784281659
8.594888416902275 49.20365692138618
8.594334538895984 49.20280888737153
8.594318857662056 49.202784878077765
8.593727259912015 49.201909173294936
8.593154890682285 49.201061931276215
8.593103062003996 49.20098591754017
8.592452411722679 49.20003165128505
8.591990923702514 49.19935481695879
8.591795704825426 49.19906930453796
8.591167495815032 49.198150533371866
8.590540069043943 49.19723290625004
8.590479945923684 49.197144974704344
8.589987835064258 49.19643381677047
8.589878247309027 49.1962712947562
8.58927984362721 49.19538384367638
8.589204203407808 49.19527310864949
8.58852128392441 49.1942733348789
8.587850966930878 49.19329201077788
8.587529888470394 49.19282196148087
8.58718279980859 49.19231554764199
8.586491338476486 49.19130668268569
8.586431859130379 49.19121990035221
8.585780914431146 49.19026231602142
8.585359906823037 49.18964298493362
8.585054880403737 49.18919607332527
8.584318822211563 49.188117632476576
8.583756514366877 49.18729376317426
8.583182348479903 49.1864525199777
8.582603699984054 49.18560470905515
8.582024078973063 49.18475547324518
8.581534964923597 49.18403884434787
8.581441837275403 49.18390178856373
8.580854773026095 49.1830378072157
8.580843923557786 49.18302184007366
8.580489834707004 49.18249098619426
8.580279911751346 49.18217363431193
8.580180821869838 49.18202383478039
8.579735230223099 49.18131876878809
8.579586824318472 49.18108394401708
8.579223981035291 49.18051192567896
8.579193136549522 49.18046217650837
8.578946819430891 49.18006489083316
8.578669481087127 49.17960355539789
8.578388957196227 49.17913692099907
8.578151939965856 49.178728219081485
8.577738894024616 49.17801598112321
8.57762861426237 49.177815799380866
8.577088146238815 49.176834732425064
8.57674498655077 49.176211822991334
8.576519150081777 49.175801671084045
8.576345821686369 49.17548688148305
8.575924453611032 49.17472556989707
8.575860975143186 49.17461087944979
8.57531468290238 49.17360277928335
8.57500583473606 49.17303284644409
8.574691168192844 49.172455055950714
8.57404239079955 49.17126377134089
8.573521865312498 49.17030798279438
8.57337536705942 49.17004386140387
8.572711987183512 49.16884785522925
8.572687799791483 49.1688038679752
8.572220681743028 49.167954365877385
8.571866905060416 49.167310986682274
8.571742050997404 49.167083382119486
8.571342942968226 49.1663558222284
8.571266627406066 49.16621487353373
8.570949924832954 49.16562994939752
8.570792237844534 49.16534617026353
8.57054088794904 49.16489383201809
8.570308329830025 49.164469245937134
8.57027583353838 49.1644099167975
8.569803915617396 49.163586826974274
8.56929542395396 49.1626999475091
8.56929086676145 49.16269199913797
8.56877054015571 49.16181297561963
8.56850594807802 49.16136598202659
8.568228273642076 49.16091706942579
8.568043825806166 49.160618875040534
8.567667171149065 49.160021889718
8.567530853320603 49.159805830414726
8.567297836407226 49.15944987891875
8.567093307508665 49.15913457277646
8.566538942325952 49.15827995150576
8.565923949314444 49.157331865072216
8.565783878396092 49.157115984494595
8.565778849254075 49.15710797512027
8.565750973215708 49.15706512954867
8.565006254789479 49.15592049463904
8.564746943818337 49.15552193274026
8.564322819508376 49.15486199754913
8.564309082639703 49.15484079753428
8.563797926093592 49.15405193315562
8.56365885498896 49.15383638783328
8.563362998441525 49.15337784186105
8.56326390571737 49.153223987368285
8.563058195784386 49.152907506581435
8.562520896550735 49.15208088201465
8.56244181014518 49.15195869853984
8.56179396828539 49.150957824002624
8.561109333891796 49.14990010733691
8.560395473264943 49.1487972379966
8.560232823198277 49.14854595397143
8.559910904164274 49.148043411488274
