50.80279841725089 61.69944279205639
50.803003290562 61.698555199153056
50.80321393787932 61.6976425909517
50.80322494663056 61.6975948966502
50.803662151348334 61.69675701775351
50.803855824556706 61.69638585365681
50.804850849617665 61.69645588911599
50.805315684503654 61.696460252482474
50.80548582536323 61.6964618495806
50.80552526290639 61.69632187513464
50.80577881945175 61.695421934770536
50.8057931665095 61.6953649974948
50.805938820673646 61.694786959024974
50.80602374690347 61.694449782926434
50.806088949876035 61.6941909125639
50.806247087377166 61.69352920605087
50.80647252608487 61.69258588609126
50.80670846361815 61.69159863511459
50.806928721773744 61.69067699252464
50.80707596556267 61.690060869382194
50.80713764828951 61.68978177477719
50.80717785225461 61.689599864697456
50.80726595537214 61.689197905865264
50.80734123207701 61.688857925996054
50.80744197534268 61.6884029288978
50.8075805315366 61.68791209796961
50.807838905032845 61.68699681804322
50.80784471044684 61.68697214927005
50.80806215947994 61.68604814955496
50.80815797615404 61.68564099860879
50.808256125913054 61.68514781131038
50.80833790767948 61.684736870633145
50.80863388200031 61.68472588102651
50.80918597003488 61.684707999632685
50.80980612676135 61.68468741627238
50.80988185427819 61.68468490283232
50.80998597614436 61.68468099127742
50.81046299957774 61.68466199229647
50.8118715867578 61.68461858451935
50.813188980814566 61.68457798699836
50.813795557352094 61.68455458654193
50.8141739475915 61.68453998903647
50.81516394351044 61.68451093177149
50.815751 61.68451093177149
50.816373917826425 61.68451093177149
50.816952827951745 61.68456587980462
50.8174529481855 61.68462790588948
50.81754384527081 61.6846398268187
50.81771912472187 61.68466142285422
50.81819390844242 61.68471992056191
50.81854091924148 61.68474394868487
50.81890394878918 61.684726998613634
50.81940295143581 61.68469682376154
50.81969648403665 61.68466349346237
50.8198868666564 61.68464187572841
50.82070375968102 61.683797295720055
50.821495057006786 61.68297917892647
50.82168394673654 61.68278388715052
50.82232786317903 61.68211091344306
50.82234810024944 61.68209098575232
50.82253498932425 61.681906953794666
50.82317768219872 61.68125777174838
50.823438931035376 61.680993885122106
50.82409772191107 61.68036069492811
50.82415791207905 61.680302843756294
50.82480592634095 61.6796939450434
50.82492588069124 61.67958088248032
50.82497963686564 61.679485115464104
50.82521999236688 61.67905692038812
50.825611892915035 61.678691841930714
50.82565286629389 61.67866690401727
50.825887936932325 61.678523831334495
50.826060976670554 61.67841784682314
50.82605799643825 61.67832694973782
50.826037977391856 61.6777249940502
50.826022978708664 61.67727399641143
50.82593669651244 61.67681858211257
50.82592388598451 61.67675096564183
50.8273778668205 61.67684689186916
50.82791267659214 61.67688216711843
50.829954565696504 61.67701684705688
50.83039386191354 61.67704582237555
50.83068182686005 61.67706090980159
50.8313009701215 61.67707897745994
50.83147885273722 61.67693592630928
50.83152895789286 61.67686291061781
50.83164090286883 61.67655184887093
50.83165849934303 61.67650307595368
50.83198926085078 61.67558628981444
50.83207992834031 61.67533498276774
50.8321998826906 61.674990952200986
50.83225389940114 61.67479481566239
50.83229415924394 61.67464599802915
50.83232691509262 61.67452491837423
50.83239285273238 61.67428482340913
50.83248393608221 61.67395196871352
50.832530874741025 61.6737819092076
50.83253977145144 61.67374950550049
50.832695905104934 61.673180833604505
50.832790811504275 61.672833773928474
50.83280989899061 61.672763973610785
50.83394797520223 61.67285598828322
50.83473257973196 61.67291901157126
50.834979880637974 61.67293887599421
50.83594882866626 61.673016920827706
50.83666936229256 61.673074945734385
50.83691796295906 61.67309496566121
50.83692778718498 61.67307254432971
50.83725584679669 61.67232383055219
50.83732150368988 61.67217483399598
50.83741491669599 61.671962849914195
50.83749482417468 61.671779938156455
50.837645884699654 61.671435907589704
50.837679971106645 61.67135693143361
50.83773335967929 61.671285987974365
50.83773491913978 61.67128391574213
50.8379429766076 61.67100694040224
50.8385721081871 61.67043601618106
50.83946699290277 61.66962392634803
50.83949441053452 61.669598927919075
50.8395239898456 61.6695719585472
50.83958284943363 61.66952185339157
50.840493494907776 61.66874679162375
50.84104781987625 61.6682749987008
50.84141699615308 61.66795983913451
50.84144065921848 61.66794529355847
50.84152093175473 61.667895950404464
50.84141997638538 61.667856834855456
50.841350850298554 61.667827754225826
50.8409068176353 61.66764095427784
50.84068795682538 61.66754782201829
50.83990811766729 61.66721942518325
50.83945786594133 61.66702982039071
50.838449631364455 61.66661128101355
50.8382728510709 61.666537895795805
50.83781296397328 61.66635293512835
50.83735587084344 61.66617784648041
50.83695289825896 61.66602340116571
50.83640089265408 61.665811836700406
50.835472387596475 61.66545614822605
50.83502290774188 61.66528396305331
50.834959748286536 61.66531042677209
50.83476996052496 61.66538994756468
50.834959748286536 61.66531042677209
50.83502290774188 61.66528396305331
50.833963205938616 61.664897461135865
50.832538884115344 61.66437797243248
50.83241907551262 61.664332635768034
50.832374971338545 61.66431594634762
50.83221198988435 61.66425596917248
50.83084094130806 61.66374534603283
50.82995390511946 61.6634149848688
50.82932825541379 61.66317746173432
50.82927683359258 61.66315793983246
50.829084981137925 61.66307691476666
50.82890691225768 61.663001850165465
50.827953571846024 61.66247423434205
50.82674587130724 61.66180584568841
50.826677817414726 61.66175731058806
50.82638284175954 61.661546938006886
50.826186891485456 61.66135787952001
50.82599566076495 61.66093186437872
50.82578288374356 61.66045784936379
50.82557607891989 61.66002971887945
50.825453940602856 61.65977686628201
50.82526283320627 61.6594099251794
50.8252289330638 61.659344918862246
50.82519484665681 61.65923595411858
50.82529393938096 61.65922198427965
50.82575333677038 61.65916404311903
50.8277367358445 61.658913888357674
50.82800688210145 61.65887981635809
50.82857890043957 61.65880493802141
50.82966545300402 61.65866192676101
50.82967283196016 61.65866095554816
50.831431914078415 61.658428869957376
50.83151683060719 61.65841778599817
50.832564961148016 61.65828097592922
50.83205187842494 61.65743690568175
50.831738878005865 61.65692198999797
50.83151484347071 61.65649050742607
50.83120299498446 61.65588989829771
50.83105421375095 61.65560404196836
50.830982830322895 61.65546689157487
50.83093496034149 61.655374876902435
50.83058883943787 61.65467932586559
50.83040894933959 61.65431782575662
50.83014058939552 61.65378923997579
50.82969638415102 61.65291429354212
50.82964694119201 61.65281690626182
50.82936791694242 61.65226686713696
50.82930384194785 61.652130894038024
50.82957094526822 61.652098856540746
50.82964667787703 61.65202164998867
50.82970282249571 61.6519644126573
50.82977192468432 61.65189396556975
50.82934829787074 61.65106992013179
50.82933343665869 61.65104101187198
50.829006936304424 61.65040589832677
50.82954989737756 61.65032394193837
50.83009490736041 61.65023881905314
50.83018719217296 61.65022462662995
50.83019591761987 61.65022328474897
50.83160886537154 61.65000598840429
50.83019591761987 61.65022328474897
50.83018719217296 61.65022462662995
50.83009490736041 61.65023881905314
50.830102374823795 61.65025328980455
50.83011233757277 61.65027259602091
50.83057642753874 61.65117192825534
50.830915961360546 61.651829890575186
50.8307818509068 61.651804931129625
50.83030687638313 61.65185596760786
50.82977192468432 61.65189396556975
50.82970282249571 61.6519644126573
50.82964667787703 61.65202164998867
50.82957094526822 61.652098856540746
50.82930384194785 61.652130894038024
50.82926423773272 61.65204381321025
50.82925028676256 61.652013138141314
50.82924293345011 61.6519969698488
50.82909895097686 61.65170397576028
50.82881721170855 61.651128178331454
50.82880477335274 61.6511027577597
50.82850681607068 61.65049381517978
50.82833288841396 61.650134588302706
50.8281108177031 61.64967592767647
50.8278671989733 61.649209325273546
50.82774797441992 61.64898097475576
50.827610883733875 61.64871685166769
50.82753786804239 61.64857584942674
50.827462989705715 61.64844583679242
50.82743896158276 61.64840187836592
50.82738296182999 61.648304004924135
50.827128831158475 61.647859848615376
50.827016886182506 61.647677868180224
50.82686899215435 61.647482849228744
50.82681623837917 61.64743018965674
50.82613883523953 61.64675399616556
50.82589738988642 61.64653531669661
50.82564299908972 61.64630491241004
50.824825856644495 61.64566788775477
50.82476283687058 61.64563254937431
50.82346717529268 61.644906006276095
50.82308894000401 61.644693910584465
50.82218421560667 61.644186980662184
50.82209298362046 61.64413586208528
50.82195682425701 61.64405595460659
50.820856190567824 61.64340288265862
50.8196604173787 61.642693358741965
50.81846645239733 61.64198490774337
50.8182708356888 61.64186883662348
50.8180599842532 61.64174292180858
50.81799199770373 61.64169691447236
50.81743786075945 61.64132196399544
50.81736484506797 61.641269996194616
50.8173364419219 61.64124784389615
50.81682486422714 61.64084885211696
50.81639384812997 61.640480979691766
50.81628342978751 61.64037355766663
50.81588590478642 61.639986819922626
50.81580914351101 61.63991603634852
50.81573496387809 61.63984763337428
50.81567748725218 61.639794632678445
50.81562166052557 61.639743153397795
50.81558138770967 61.63970601678387
50.81554707772376 61.63967437865101
50.81553127577351 61.639659807260536
50.815518655850994 61.639648170100834
50.8154338407986 61.63956995992891
50.81511930716504 61.63967914244701
50.8151129874667 61.63968133617291
50.815107876231274 61.639683110411006
50.81508847247695 61.639689845941106
50.81507512706241 61.63969447846943
50.815062249417345 61.63969894862322
50.81499394241488 61.63972265969809
50.8149129585021 61.639750771246675
50.814794166294554 61.63979200700326
50.81467793152921 61.639832355007464
50.81455673293734 61.63987442608044
50.81447495105434 61.63990281462452
50.814417877337995 61.63992239812947
50.81428351412071 61.63996850171093
50.814127042187245 61.64002219137896
50.81396628538415 61.64007735129934
50.81381678128498 61.64012865011872
50.8136388850034 61.64018969104849
50.8134639321091 61.64024972202406
50.81327943743108 61.64031302703855
50.81308900147086 61.64037837066446
50.81290348024072 61.640442027916194
50.81277584611123 61.64048582256926
50.81269273702419 61.64051106166591
50.81182086792188 61.64077583642547
50.81091652719188 61.641057657692016
50.809554960047194 61.64148196521734
50.80935994109571 61.641542873715075
50.809236500702376 61.64158279522732
50.80909097513015 61.64162985924549
50.808836910326114 61.641710884311294
50.80812482106965 61.641950979276395
50.80756716414213 61.64213907034178
50.8059250053852 61.642692951007255
50.80482793908182 61.64306297845534
50.80432890403815 61.643279138019714
50.80402681538523 61.6434099892544
50.80332795090961 61.64381194808659
50.80307289236665 61.64397050108569
50.80291295356109 61.644069924445525
50.802833977404994 61.64411891201405
50.802379864507465 61.64445586452907
50.80209283088355 61.644712909565406
50.80205132167981 61.64476093651504
50.80181287531136 61.6450368235641
50.80164896253457 61.64522588205097
50.8014619529574 61.64555296254649
50.80142718893484 61.64561376922681
50.800919227347165 61.64650225840588
50.80039326578861 61.64742223181475
50.8002888590162 61.64760485248875
50.7998685816242 61.64834027549494
50.79966189264496 61.648701950506165
50.79932745107632 61.649287223251285
50.79917387960495 61.64955597332617
50.79900884924104 61.64984486959528
50.79893788245926 61.64996985308758
50.79878859109856 61.65023098238879
50.79828966239578 61.65110367122291
50.79803282316102 61.6515529152353
50.79775321900032 61.6520522201022
50.7972204487673 61.65300361785543
50.79708082520397 61.653252951501
50.796677638794705 61.65392279467278
50.7966468288745 61.653973981454385
50.796502846401246 61.654220968206694
50.79636687330232 61.654439829016624
50.7961549042796 61.65478590849308
50.796136413869355 61.65481557974368
50.79561399211617 61.65565390115203
50.79558297381279 61.65569502509129
50.79498795706752 61.65648389584908
50.79483727219117 61.65663032154968
50.793961436471015 61.65748140137955
50.7939269943668 61.65751486996222
50.793306919782765 61.65810197572638
50.79304837153627 61.65835592831609
50.79302398397827 61.65837988238886
50.79268591387613 61.65870286506495
50.792608986629745 61.65877699834355
50.79254286272547 61.658840887073595
50.79234393221908 61.65902882797335
50.79213287912529 61.65922923973469
50.79139081667492 61.6599338872716
50.79126860876888 61.66009534178777
50.79101381728829 61.66043195859563
50.79064482727598 61.6610298677019
50.79063952042765 61.66103894612311
50.790128383554595 61.66191334756408
50.78985096789563 61.66238792231056
50.789633372110714 61.66280279113307
50.78953785723905 61.66298490009423
50.7892368537762 61.66354592882572
50.78915690047299 61.66372998691507
50.7889488888297 61.664208844249146
50.7893128497 61.66423790151413
50.79035183318746 61.66433699423827
50.79071273800842 61.664371248286606
50.79086797216985 61.6643859818068
50.79125484357599 61.66442286218158
50.79142583440451 61.66443888093022
50.79263371633558 61.66456262377168
50.793085823798606 61.664608940436146
50.7945181064138 61.66475085257701
50.79541692425497 61.664839908439816
50.79635085455367 61.664941981396275
50.796442961299064 61.6649519321922
50.79704394482919 61.665016859732944
50.798113848226826 61.66514594104467
50.7983387658677 61.66517368782673
50.799280981703426 61.665289923517925
50.80032174505213 61.66541508251512
50.802159283546736 61.66563605923914
50.802731904448535 61.66570492086645
50.80291984534829 61.6657278314023
50.80305991626665 61.66574496773806
50.80401018661836 61.665866439311216
50.80416297474868 61.665885969979
50.80542491686549 61.666033864007154
50.80588739872183 61.666092425945315
50.80780442385661 61.66633516997055
50.80964408060394 61.66656811719476
50.809965859576295 61.666608862577576
50.811288896455366 61.6667759418512
50.81147857047837 61.66681151583676
50.811725873017146 61.6668578982396
50.81267395941929 61.66703596711984
50.81254785833987 61.66716784239936
50.81221984652176 61.66752099992755
50.81213100198161 61.66768866193376
50.812077912958216 61.66778884830599
50.81182198550899 61.66847392920719
50.81177778316153 61.668581239072786
50.81166999366142 61.6688429192195
50.811568852027555 61.66908897464921
50.81152489360105 61.66920799767691
50.81148298408426 61.66932087397547
50.81141324240915 61.66951121063044
50.811087585870865 61.67039998159953
50.81090183878471 61.6709069163555
50.81083888137726 61.67107995609373
50.810791942718446 61.67120195935373
50.81074994520039 61.67131231145288
50.81073792600791 61.67134389291727
50.81049783104281 61.67209994060025
50.810463712433055 61.67220885574495
50.810372847550504 61.67249891920013
50.81018314468888 61.67310589201816
50.809909980220574 61.67397990839138
50.80989827900711 61.67401764151795
50.80987682513617 61.67408682422534
50.80984497390341 61.674186848272086
50.809808838586704 61.67430195974489
50.809796917657486 61.67433995770678
50.80959890345884 61.67496093268212
50.80955589136979 61.67509581912523
50.809396821470486 61.67559593935898
50.80931262650361 61.67585892858062
50.80929884633345 61.67590197196384
50.809379117552176 61.675912023880365
50.809410119197 61.67591590604325
50.80941721102807 61.67591679411366
50.80941845996003 61.675916950510434
50.809424006648 61.6759176450912
50.809425580627774 61.6759178421919
50.80946570393159 61.675922866609206
50.80949574349595 61.675926628296125
50.809512787828574 61.675928762662735
50.80955340234874 61.67593384859232
50.80957761000651 61.67593687998214
50.80960711733001 61.67594057501951
50.809656975387426 61.675946818465654
50.80970331049086 61.67595262075195
50.809713843681976 61.67595393976466
50.809698992310814 61.67599994755509
50.809684122527024 61.67604601238566
50.80967046306384 61.67608832778624
50.809658879366914 61.67612421270856
50.80964614864968 61.67616365096406
50.8096350004031 61.676198186912735
50.80962418502306 61.67623169168025
50.80961222807774 61.67626873288194
50.80960096523897 61.67630362382368
50.80959340757234 61.67632703658055
50.80958419212637 61.67635558494165
50.80957605494539 61.67638079296541
50.80956697155504 61.676408932233855
50.809557641516875 61.67643783558802
50.8095480648309 61.67646750302791
50.80954022558963 61.676491788069704
50.809533957908975 61.676511204602704
50.8095248057633 61.676539556866985
50.8095149889829 61.67656996809102
50.80950340528597 61.67660585301334
50.80950172678489 61.67661105281107
50.80950131970801 61.67661231388708
50.80950090607775 61.67661359526466
50.809500556846146 61.67661467714286
50.80950005154213 61.676616242514896
50.80949849854329 61.67662105352152
50.80949795395578 61.67662274058921
50.809497409368255 61.6766244276569
50.80949675018854 61.67662646971765
50.809496251437906 61.6766280147881
50.80949587053779 61.67662919477161
50.809495437284134 61.67663053694013
50.80949500728882 61.67663186901475
50.80949466896725 61.67663291709493
50.80949249823218 61.67663964177531
50.80948322603928 61.67666836593166
50.80948283532747 61.67666957631063
50.80948070281429 61.67667618258415
50.80948012439829 61.676677974448474
50.8094790221165 61.67668138918699
50.80947719299804 61.67668705557953
50.80947631008896 61.676689790727394
50.80947518598709 61.67669327306196
50.80947453771742 61.67669528132467
50.80947406734025 61.67669673849751
50.8094660676699 61.6767215205296
50.80945884755534 61.676743887590106
