60.29444018736793 57.27295082729904
60.29444397153953 57.27286597206144
60.294429815436075 57.272668904200245
60.29441584559714 57.27247984571337
60.294295597309514 57.271976328354334
60.29422790469739 57.271692878120234
60.29399227005607 57.270983334032266
60.29396191896413 57.27089194068816
60.29356294036425 57.27011298246934
60.29348581859933 57.27001053464204
60.29304791896897 57.26942883289074
60.292752974844646 57.26910236702186
60.29262789247843 57.268963916651096
60.29220898357501 57.26864596311702
60.29166654819606 57.26821558966422
60.291264994992275 57.26789699348577
60.29067302206769 57.267489430236346
60.28941887524351 57.26662597156502
60.28817864703541 57.26577209562317
60.28695441809719 57.26492923490541
60.286574854401685 57.26466791178289
60.28580644787167 57.26415931076422
60.284702895984864 57.26342888020193
60.284669727799056 57.26340714277037
60.283535914439184 57.26266407558989
60.28314199931492 57.262405915463106
60.282474126454346 57.26193190325155
60.28208383058199 57.261654896922145
60.28161295387774 57.26120395052144
60.28153320811453 57.26111375637307
60.2810329261653 57.260547926885216
60.28078003115221 57.26022574792224
60.280758931057726 57.26019886717645
60.28057695062258 57.25976393952438
60.28055617712646 57.259192668381246
60.280538952660685 57.25871899557231
60.2805794038375 57.25811416441257
60.280608988119866 57.257671816446
60.28077569081963 57.25721145027031
60.28084181876872 57.25702883132612
60.28113499912176 57.256484938930384
60.28122835156789 57.25634348865034
60.281501940224366 57.25592893934091
60.28179900820328 57.255410320062815
60.281811884384126 57.25538784091297
60.28201193247762 57.25478695157439
60.28205799543971 57.254427686867295
60.28207693879478 57.25427993955344
60.28203596060058 57.25382191510101
60.2819415640446 57.25341389412541
60.28192792717952 57.25335494995166
60.28173290822803 57.253011850707495
60.28146394226247 57.25262199906905
60.28134398791218 57.252499995809046
60.28133746092332 57.252493325544826
60.2811148825537 57.25226586130856
60.28042073407082 57.25169020595044
60.279407303042525 57.250849770487555
60.278364814728945 57.249985237900816
60.27726869017193 57.24907622493028
60.27618883455874 57.24818070374849
60.27607698610597 57.24808794814545
60.27562287320844 57.24767891126153
60.27521879788999 57.24728738410191
60.27428724487654 57.2463847595447
60.27334446387667 57.24547125567507
60.27256385101148 57.24471488396931
60.27241709752299 57.2445772769773
60.27176291357941 57.24396386542835
60.27147420009938 57.24367983320007
60.27077496657017 57.242991937167766
60.2705830635016 57.242766237404936
60.27031489320803 57.24245083873981
60.269978648118745 57.24180231160617
60.26973989463761 57.24134181979318
60.26944908297858 57.24080256509068
60.26891672630468 57.23981541127176
60.26838102157793 57.238822049128
60.26807785633381 57.23825988706037
60.26786049696973 57.23784302246547
60.26736008703645 57.23688330681207
60.266869738364576 57.23594288723858
60.26638380297969 57.235010931726904
60.2659126180004 57.23410726541216
60.26545417784162 57.23322804186509
60.26491259736848 57.23218936692462
60.264705909744784 57.23179296922221
60.26443173961537 57.231266617545195
60.26425999248609 57.23093689749249
60.263933965581394 57.2302977884398
60.26343536473324 57.22932038347368
60.262915620215125 57.228301530667856
60.26238745658733 57.227266173919766
60.261876624958255 57.22626479300967
60.2613418645324 57.22521650458845
60.26080407456437 57.224162277369565
60.26026248777122 57.22310060725172
60.2600988431297 57.22277981540814
60.25963019098359 57.222076777880936
60.25936291201479 57.22167582560351
60.25884734296147 57.221133865135634
60.258798903050995 57.22108294563926
60.25862884354507 57.22091996418506
60.257976284812855 57.22024176761834
60.25710574257797 57.21933702337736
60.25623844099517 57.218435647107725
60.25536999424779 57.21753308068211
60.25450601046549 57.21663515256325
60.2537408900352 57.215839971956015
60.25364811828276 57.21574538349313
60.25301799743663 57.21510292325399
60.25283043927043 57.214863871077746
60.25219098297188 57.21404885234048
60.252120603318794 57.21392669684661
60.25173295851945 57.21325387537302
60.25158553977903 57.21288231117933
60.251509999890104 57.212691915318935
60.25132392163554 57.21212883767774
60.25127989753399 57.21181202295106
60.25123097564051 57.2114599617897
60.25126191336513 57.210772985648255
60.25128182585422 57.210330826275
60.25130883420949 57.21004584156079
60.25135699533577 57.20973319822478
60.25152702503895 57.20862943139606
60.25166739223394 57.20771822205571
60.25183793016791 57.20661115599003
60.25200322710705 57.20553811242819
60.252160247491936 57.20451879704365
60.252185953829866 57.20435192147684
60.25230772407773 57.203493739375794
60.252444610379314 57.20252902610657
60.2525984765287 57.20144464648438
60.25272919133986 57.20052342711219
60.25285908925663 57.19960796484536
60.252991044434445 57.19867800392521
60.2531183621599 57.19778072568969
60.25326756178251 57.1967292336557
60.25336891979059 57.19601490786705
60.25340470007905 57.19574073263704
60.25346391469533 57.19528698612646
60.25355906463654 57.19474945660068
60.2535818201359 57.19462090420621
60.25385283501117 57.19407794313307
60.25401975001855 57.19378972713484
60.25431495728303 57.1932799859333
60.25456129441912 57.1927595941443
60.25456492426764 57.19275192602169
60.254787882896984 57.19214898777341
60.2548515118287 57.19185727920399
60.25491789553131 57.19155294131233
60.254994347999194 57.19090067199532
60.25500897888114 57.190775845738706
60.25516405306356 57.18986684879577
60.25533874019479 57.18884288680677
60.255365861699715 57.18868390892485
60.25543589715889 57.18820390525916
60.255470557361726 57.18780091305612
60.25547184621107 57.18778592767833
60.2555903897189 57.18674054677614
60.25569779056314 57.185793427920565
60.25570691203416 57.18571298984542
60.25586062150751 57.18482870438543
60.25604328776449 57.18377783151767
60.25622491366174 57.18273294380455
60.25623270184029 57.182665570518694
60.256362118687896 57.181546022705
60.256488383599695 57.18045374137881
60.25651287860825 57.18024184212629
60.256638356858176 57.17932764344824
60.25670584865002 57.178835917536226
60.25676363944006 57.17842374926008
60.25689254803421 57.17750436343761
60.25704547315669 57.176413689922605
60.25719784065355 57.17532699343553
60.25723893770365 57.175033886172635
60.25732827605983 57.174243876249626
60.25743693688744 57.17328299969322
60.257453983217246 57.173160549269326
60.25759903976878 57.172118551583026
60.25774256551524 57.17108755026559
60.25782492588069 57.17049592369413
60.25788824413685 57.170018902591615
60.25803198390525 57.16893600948997
60.25817378409897 57.167867728573
60.25829189103004 57.166977945722145
60.2583282398621 57.16676755837081
60.258465862090866 57.16597099973197
60.25853676210581 57.16567749743546
60.25866591018437 57.16514286768011
60.25883003248891 57.16461867649689
60.25893487614993 57.16428381571808
60.259189477456054 57.163582371123915
60.25954098089503 57.16261395430447
60.25957929911524 57.16251866753156
60.2600085391737 57.16145126670333
60.26003197416735 57.161392990381856
60.26042983518011 57.16049389154823
60.26047575704795 57.160412611928166
60.26100390242794 57.15947781859661
60.26106705269303 57.15935946344293
60.26134588408498 57.15883688238644
60.261647739283646 57.15833748670829
60.26191883374569 57.15788898224881
60.26234078389452 57.1573285537167
60.26248582294179 57.15713591479814
60.26295069247891 57.15647828270587
60.26338287286571 57.1558668946296
60.26358141173712 57.15562298633773
60.26427588257652 57.15476981740927
60.26454683984548 57.15443694191658
60.26498399994503 57.15394804538597
60.26588663842216 57.1529385826735
60.26662698406086 57.15211061961239
60.2673513636659 57.151300512111455
60.26774183514137 57.150863829646944
60.26810598227618 57.15049092807973
60.268275941252064 57.15034064074041
60.26874486957665 57.14992598779334
60.26931688791477 57.14949087387676
60.269385551090075 57.14944130685974
60.27057860103224 57.148580060252456
60.27104281494862 57.148244950508584
60.27179343836956 57.14772876400593
60.2730443246872 57.146868558188366
60.2742615525348 57.14603149852829
60.27472489196192 57.145712870636125
60.27546391125137 57.14518642384612
60.27566385140263 57.145043994748086
60.276667808256455 57.14432627513797
60.27788625052748 57.143455221856776
60.279143015851815 57.14255677177383
60.28020091009712 57.14180049281385
60.28125635062411 57.141045967994735
60.28229362164602 57.1403044323893
60.28334801748021 57.13955065441156
60.284365396272634 57.138823339579794
60.28557062885537 57.13796172978443
60.28679470955692 57.1370866456406
60.28782247765812 57.13635190358663
60.28845892001224 57.13589691674479
60.28886333502349 57.135615086374685
60.29008972491927 57.13476043481971
60.29116087312611 57.13401396872134
60.29126056268529 57.13394517746422
60.292044884533695 57.13340395242134
60.29245671591639 57.13314726116264
60.29370146631277 57.13237141803984
60.294048904494545 57.13215486255634
60.29508681210815 57.13157157662631
60.29623936099635 57.13092386430456
60.29726587900369 57.13034697913409
60.29767708127382 57.130135619656855
60.29888659457012 57.1295139253799
60.29969998373911 57.12909584035938
60.300122301964954 57.12889730924583
60.30140104447178 57.12829617446571
60.30291976530394 57.12758222626376
60.304262905663165 57.12695081815759
60.30442875544801 57.12687385989062
60.30570797695789 57.1262802705136
60.30702255710647 57.12567027388251
60.3083475510912 57.125055444982365
60.30969351809955 57.124430884097634
60.310993380500626 57.123827716853405
60.31254036237461 57.12310988026314
60.31406618444392 57.12240186232834
60.3146048705564 57.12215189908785
60.31533351211647 57.12181362634393
60.31662402203105 57.12121450552267
60.317907253873784 57.120618763555264
60.31946216196626 57.119896895553474
60.320974454922386 57.119194811681346
60.32247493524866 57.11849821183721
60.32403159050786 57.11777553271111
60.32530650405418 57.11718365252308
60.32659835666854 57.1165839083518
60.327903827193815 57.115977842048565
60.32918798303243 57.11538167111492
60.33045463639668 57.11479362572662
60.33203360268965 57.11406058867554
60.33331042234211 57.113467823575384
60.33458036838965 57.1128782495548
60.335853881121885 57.11228701969644
60.337132087351506 57.11169361087612
60.337949961527066 57.11131391178028
60.33843681759184 57.11108789721412
60.33973908911285 57.11048334002744
60.34084283577299 57.10997094459767
60.3410086775311 57.109892551112225
60.34255247166164 57.10916279882249
60.34404547281288 57.10845705640054
60.34549588014984 57.10777144809679
60.34552682963446 57.10775681825929
60.346679993272126 57.10716896743705
60.34683150057017 57.10708436330016
60.3481676869025 57.10633821514207
60.3484958860687 57.10615494339515
60.3494525499785 57.10556258980108
60.35008993782304 57.10516792770851
60.35072529524261 57.10475363415047
60.35133995901063 57.104352834172985
60.351903151042386 57.10393841699344
60.35302813078569 57.10311061598423
60.354241846521475 57.10221751980454
60.35466384935373 57.10190699477286
60.35542585750131 57.10132696706042
60.355448925973 57.101309419766665
60.3565880268447 57.1004429498122
60.357569926822855 57.0996960564944
60.35859276941272 57.09891801971621
60.359573318529726 57.098172153946216
60.36003385543899 57.097821841340256
60.36046189130385 57.09741299072086
60.360544541924654 57.097316673036616
60.360746876018055 57.09708088108333
60.36097691269912 57.09673685051658
60.361072838926454 57.09647682524793
60.36109441850191 57.09641083020022
60.36142055313701 57.09541343936377
60.361651935316296 57.09470582220046
60.36171899054317 57.094559977082014
60.36179390403643 57.094464397797495
60.36191885237214 57.094304980955386
60.36222991411902 57.09398088069217
60.36261790311227 57.09362194896389
60.36267512769211 57.09357721219587
60.36317185379204 57.09318888395702
60.3636356575773 57.0928339534793
60.36465489189301 57.092053974242226
60.36466987790449 57.09204299307615
60.36530588638721 57.09157695080884
60.36581359796523 57.09123982128358
60.365891874564255 57.09118784422847
60.36643595322451 57.090887958352745
60.36713891551954 57.09057894551558
60.36717166632536 57.090568127227314
60.367880993363585 57.090333821408464
60.36872288123474 57.09007872995739
60.37025414706736 57.08961475745391
60.37176566124604 57.08915676968812
60.37334599435358 57.088677929833786
60.37336107088661 57.08867330129622
60.375156317954506 57.08812215545447
60.37666280308776 57.08765966032959
60.3781892080482 57.08719104976238
60.37843697618925 57.08711498425413
60.37973359895194 57.08672182329417
60.38129053149719 57.08624973140152
60.38277525023303 57.0857995361248
60.38454822909784 57.08526193483278
60.386260678745046 57.08474268716372
60.38789584346372 57.08424687377143
60.38943577404616 57.08377993720091
60.39068591722889 57.08340086974354
60.39089962863208 57.083311496485905
60.39163996409565 57.08300189114366
60.392149001185146 57.08270327259512
60.39255694432311 57.08246395921254
60.393335902541935 57.08186791275146
60.39334020361856 57.08186280206041
60.3940958617798 57.080964902362936
60.39413527132261 57.080902050463074
60.39436296510018 57.080538915407786
60.39460042206791 57.07994652151032
60.39501239993478 57.07891874297615
60.39510690558941 57.0786829757396
60.39551021929941 57.07791504891097
60.39603282651379 57.07691998206645
60.39605287586535 57.07688024111752
60.39658993918203 57.07581569766975
60.39677397303523 57.07545091380442
60.39712919690188 57.0748071836434
60.39761495733891 57.07392689750925
60.3976573448575 57.07385001532036
60.39772299075997 57.07373094723518
60.39786287541381 57.073528850231966
60.39798692758352 57.07339082822333
60.398169839341264 57.07324498310488
60.39830693002731 57.07311795070286
60.39845892187488 57.0730119661915
60.39847057469508 57.073004824140405
60.398920857882224 57.07272884412249
60.39930195508827 57.0725269333838
60.39952994285964 57.07240586144639
60.399636357698455 57.07235776791503
60.399874904748984 57.07224995804392
60.40024799258071 57.07210783821586
60.400965856037274 57.071876870212186
60.40110879211164 57.07183218259559
60.40179398808913 57.07161796253066
60.40255758748168 57.071387456193456
60.403867857244634 57.070991927482005
60.40413334517005 57.07090949303259
60.40530097645449 57.070546941545906
60.4056292774987 57.070450446566255
60.40681493446562 57.070101955609815
60.40720596495568 57.06998166857767
60.4083069132635 57.069642999834784
60.408863922262206 57.06947259950944
60.40905886312706 57.06941296315371
60.40985085986221 57.069155918117374
60.41035410221402 57.06899869052956
60.410836944226254 57.06884783660281
60.41129496867869 57.068680943593705
60.41191340145408 57.06841362313857
60.412002960115736 57.06837491098885
60.41345933256475 57.0676737991299
60.414021881238114 57.06740298272825
60.41471600867843 57.06706313900808
60.414791898760015 57.06702598334162
60.41509495113257 57.06687790304895
60.415591904869494 57.0666178777803
60.41591709657366 57.06643263489923
60.41602385228926 57.06637182235059
60.41710316953751 57.06576313064328
60.41753091851319 57.06552189735
60.4178589303313 57.06532892730822
60.41831531292215 57.065074635496195
60.41921381844313 57.06457399721237
60.41957026743872 57.06438544358139
60.41992087855758 57.06419997805804
60.420891563817655 57.06372090559444
60.4210598860918 57.063637831739435
60.42138081985818 57.06348583989186
60.422274087082414 57.06308690142541
60.42228085001441 57.06308388105968
60.4232049082936 57.06269998988584
60.42371316938229 57.06249643797083
60.423816973503314 57.06245486577872
60.42447690869444 57.062220917542746
60.425171414697665 57.061969977926125
60.42580795494783 57.061739982554464
60.42661386669467 57.061459630810745
60.427127825330075 57.06128084051492
60.42785686465778 57.061038882904626
60.4280425061083 57.06097007195886
60.42846390072548 57.06081387536557
60.429497256949986 57.06050449443999
60.43055490621675 57.06018784031692
60.43101173268393 57.0600439490868
60.431535961438776 57.05987882747976
60.43256302775858 57.05958722448708
60.43267683161818 57.059554913481065
60.43368489519547 57.05924794955361
60.43413710898171 57.05912274840338
60.434634844242815 57.05898494405266
60.43547992636591 57.058781915726854
60.435761695053195 57.0587146236807
60.43626298240415 57.05859490614969
60.43705795937161 57.0584339736052
60.43738428262615 57.05837692267043
60.437658848710186 57.05832892041643
60.43815487112451 57.05825888495726
60.43898691473127 57.0581529004459
60.43900338669294 57.05815159845363
60.43985881894511 57.058083982573834
60.440971373584475 57.058016215591024
60.441338876813774 57.0579938305466
60.44213795160066 57.0579528523524
60.44288282341248 57.05793497095857
60.44290063226666 57.05793474645797
60.44360683359817 57.05792584399713
60.444123903903154 57.05793795119087
60.44485836447018 57.05796699850429
60.44503287475629 57.057973900243056
60.44648387535998 57.058044867024826
60.446791459049344 57.05805634838486
60.44795592385432 57.05809981505796
60.44875006194533 57.05810785156487
60.44885781665574 57.058108942019395
60.44976790509599 57.05810298155478
60.450688983142875 57.058078953431824
60.450715314637634 57.058077533596325
60.45152493830454 57.05803387741821
60.45248494563591 57.05796887110104
60.452679283874005 57.05795275248457
60.45331587165555 57.05789995322898
60.45464354878452 57.057766519039376
60.455096932987054 57.057720953026134
60.45654860737058 57.05757433687151
60.45836050944783 57.05739133845387
60.45866184961785 57.057360903710745
60.46020518605632 57.05721426484226
60.46211926562736 57.05703240011368
60.462860996936136 57.05696192511086
60.46409508419496 57.0568449360477
60.46465491051946 57.056791865604936
60.466069422765926 57.056645505404624
60.466393876069645 57.0566119340795
60.46743192823452 57.056493842374394
60.46800159250056 57.056420247756634
60.46930481797393 57.0562518847641
60.47002218836292 57.05614771262053
60.47027581491193 57.05611088252316
60.47172039075232 57.05587839321088
60.47231392127977 57.055782870705045
60.47338699117423 57.05558394019866
60.47341437321209 57.05557851731003
60.47432092147293 57.055398979531205
60.47504748376859 57.05524333181625
60.47563296874537 57.055117906371905
60.4766956826973 57.05485861537665
60.47683381609992 57.05482491228338
60.47776383484372 57.05459189537
60.47824262286702 57.05445538473794
60.47865492430303 57.05433783056597
60.480002379938576 57.05396209953481
60.48000292062766 57.05396194876646
60.48179953394121 57.053412934008605
60.481877859276786 57.05338899910574
60.48305281586318 57.05298499136384
60.483280778299346 57.05290307038106
60.48437194118735 57.05251094816277
60.484785983974206 57.05235613458544
60.484925891867114 57.05230382201755
60.485500890437535 57.05209986236915
60.486008833781085 57.05189497139815
60.486251826426304 57.051788373976734
60.486813869032574 57.05154181386997
60.487587186800816 57.0512156514186
60.48761983560666 57.05120188112263
60.48842393953556 57.05082283282629
60.48889064830366 57.05060941712453
60.489210907128694 57.05046296977542
60.49019750916806 57.04998143093399
60.49037487410847 57.04989486299221
60.49128682519392 57.049427897842854
60.491471751129886 57.049324636533505
60.49227887002257 57.04887394716309
60.49267190769565 57.04864495312801
60.49311296253904 57.04838798303279
60.49384251774682 57.047956258622754
60.4946779570284 57.047461875843894
60.49499260232561 57.047282475458445
60.496238853698344 57.0465719039717
60.49637778730109 57.04648579530452
60.49765546515136 57.04569391245836
60.497782986561575 57.045614876872634
60.49895789612751 57.04490321606778
60.50025703576308 57.04411630719797
60.50067697839462 57.04386194148351
60.501531932537226 57.04332084305557
60.50154017477955 57.04331606571552
60.5024548732293 57.04278589135675
60.50283837207203 57.04254166191238
60.50336887322446 57.042203814734606
60.504078069649744 57.04178247808285
60.50509386893572 57.04117898735059
60.505230966857795 57.041073270046866
60.50575790194626 57.04066694618762
60.50590095309692 57.04055388362453
60.506118882584246 57.04034992397614
60.50614464691809 57.04032415964229
60.506372947388286 57.040095859172105
60.50659795492734 57.03982298165164
60.506847921911955 57.039491989601224
60.506851161528694 57.03948712808064
60.50699190438521 57.03927592275908
60.50713197530356 57.03900881943871
60.507333056726345 57.0385610259231
60.5073519537006 57.03851894375352
60.50775476493392 57.03757985900342
60.50797091069752 57.037075952524155
60.508196340715074 57.036651209381326
60.508306931889955 57.03644283942378
60.508732918845105 57.03588795742142
60.50879524160374 57.035824329046896
60.509301956950914 57.03530699838639
60.50966455598461 57.03501833057365
60.509703915783106 57.0349869959426
60.510013859942866 57.03477297801017
60.51036198832904 57.03458596843301
60.51077979374246 57.034363062894826
60.51083994308502 57.03433097230638
60.511349935338274 57.03409385757358
60.51189494532112 57.0338578604279
60.51211437324902 57.03377638449149
60.51248186482077 57.033639930940566
60.51309691026278 57.03344789222139
60.513559406033586 57.03332288156465
60.51368885890444 57.033287890999496
60.51494688946635 57.03299899473039
60.51529284277319 57.03292007400143
60.51648599318756 57.03264788611191
60.51682314741676 57.03256493784673
60.51837192144331 57.03218390119487
60.518418067353515 57.032170163099465
60.51910394100332 57.031965971707535
60.51956494568806 57.03181696009227
60.519907380017585 57.03169903300364
60.5203519132812 57.031545945217
60.521155830945574 57.03125593136078
60.52136714358283 57.0311716102264
60.52192789737719 57.030947849846214
60.52266625049391 57.030601065282035
60.52275398051934 57.030559860852954
60.523259874953176 57.0302899635648
60.523765955651534 57.030024909154136
60.52386890668115 57.029960691157136
60.52488484661769 57.02932697600112
60.52508843923786 57.029175411581114
60.52529593241131 57.02902094339626
60.52612290051487 57.02847028376754
60.52723258983461 57.02773136638225
60.52765683519073 57.027448870855174
60.527955976008386 57.027239882064755
60.52833014385436 57.02697952725459
60.52943742719338 57.02620905339741
60.52946788510981 57.02618786006096
60.53055572420873 57.025443343197495
60.53096992219172 57.02515986618012
60.53164809394461 57.02469641060991
60.53270592035609 57.023973502967976
60.53375861289033 57.02325410376472
60.53481868015639 57.022529664745925
60.53608939153903 57.02166127371387
60.53725187936243 57.02086684154421
60.53735402380299 57.02080006030119
60.538416177292376 57.02010563258768
60.53844788383949 57.02008490309309
60.538680900752865 57.019914843587166
60.539453178873586 57.019382741308114
60.53976496025395 57.01916792286563
60.5405463521171 57.01862862490006
60.541626860386735 57.01788288394845
60.541657754821905 57.017861966727594
60.54279066250333 57.01709492631885
60.54291189930391 57.0170128423798
60.54318198285659 57.016828999299456
60.543927519516274 57.01632338110301
60.54508375277152 57.01553923110098
60.54624402462055 57.01475234215048
60.546456885631166 57.014607981173874
60.54740760751182 57.013947849869815
60.54858729233246 57.013128738734515
60.54960382468113 57.01242291210047
60.549744472620745 57.01232641363947
60.55089303571362 57.01153838523943
60.55198093247371 57.01079197997135
60.55202701788493 57.01076167165673
60.553200858656645 57.00998968905997
60.55410993592687 57.009391829581375
60.55437455734248 57.00921021922005
60.55551083630964 57.008430388028714
60.5566303902929 57.00766203523703
60.55684187762831 57.00751689093225
60.55771840154488 57.00690811262766
60.558815193357496 57.006146350116055
60.559935629000755 57.005368166088886
60.55997186660704 57.00534299773
60.561097501023966 57.0046309589137
60.561291923253805 57.00450797389093
60.56236980898087 57.00392412616931
60.56247898703394 57.00386498877104
60.56374603196288 57.00324460239274
60.56468882928838 57.00278297817967
60.56476091365727 57.00274591154037
60.56511557788317 57.00256529172369
60.56647492063993 57.00187301936689
60.567352970704874 57.0014258548936
60.56781867551355 57.00119682001933
60.56917733250397 57.00052862886648
60.57051349108748 56.99987150249053
60.571848736386535 56.999214825270315
60.572476921360426 56.998905882214885
60.57320832532048 56.99855174849853
60.57455209105619 56.997901119325206
60.575886065680514 56.997255230846285
60.57595690137052 56.99722093337523
60.57719933013232 56.99660273708601
60.57798886100923 56.99620988956563
60.57850175252835 56.99595562470918
60.57982065797357 56.99530178019978
60.580003870576704 56.99521095294977
60.58024992600642 56.995087832102655
60.58088099019709 56.99479781824643
60.58117429846946 56.99465414309869
60.582539270570074 56.993985520401395
60.58391253640222 56.993312835073695
60.585294156836966 56.9926360572983
60.58667030101768 56.991961962030295
60.58803878373275 56.99129161968135
60.58871192310852 56.99096188674037
60.58936921501265 56.990639851282786
60.59066983569057 56.990002621503265
60.591973878684755 56.98936371498441
60.5922308324031 56.989237822351704
60.59332781083789 56.98870849876569
60.59468023897857 56.98805591336332
60.59524794508326 56.98778197887052
60.59599290081584 56.98739313854393
60.597117854590365 56.98680595279051
60.59731513104165 56.9867106004104
60.59870072809901 56.986040880449245
60.600080219690305 56.9853741115282
60.60033296645432 56.98525194790778
60.601219958094205 56.984849989075585
60.601463615771856 56.98472643017069
60.6023479760218 56.98427797073747
60.60278351545505 56.98405615360249
60.60321988023564 56.98383391612397
60.60410077063287 56.98340596899028
60.60544230034565 56.98275423774522
60.60678798348545 56.98210048871543
60.607630996576646 56.98169094283188
60.60813732358579 56.98144058298847
60.60949433888518 56.9807695894769
60.61085628765172 56.980096156549614
60.61219703594236 56.97943320646787
60.61294586836426 56.97906293673209
60.61350880326528 56.97874718872447
60.614747254371544 56.978052546291345
60.614774985941686 56.97803699176096
60.615922338956096 56.97733487094238
60.616838983077685 56.97677393205704
60.61706092231476 56.97660668258958
60.618080168109074 56.97583859706062
60.61868486446183 56.9753829086285
60.61902990834454 56.975070188911715
60.61988895742588 56.97429161668113
60.62004087016078 56.974153935331564
60.62044599548979 56.9737599858737
60.62087764681254 56.97331266460608
60.621384954930505 56.97278694002599
60.62176936294302 56.9723543090761
60.622269897660686 56.971790983642435
60.622558144036205 56.97137887441199
60.62310995064176 56.97058995002337
60.623256445443246 56.97032822731793
60.62375322242341 56.96944070220488
60.62395298385515 56.96908381512203
60.624206862394665 56.96861983020499
60.624236706762616 56.968542607521094
60.62438884282981 56.96814895350074
60.62458903855815 56.96762857485096
60.6249375952602 56.96672255419064
60.62507597264072 56.96636286302722
60.625189946159104 56.965832955338335
60.62542452376221 56.9647423118512
60.625474951240605 56.964507854681635
60.62549515426885 56.96365367064758
60.625516560617434 56.96274861022928
60.62553846107831 56.961822658743486
60.6255602184879 56.96090275546598
60.62558647149475 56.959792778336485
60.62561227452622 56.95870182616571
60.62563793269481 56.95761699879804
60.625638421943 56.95758812303232
60.62565683892173 56.956501140246296
60.625674935031114 56.955433095390475
60.62569194940534 56.954428895289354
60.625710731574344 56.95433386667624
60.6258828705374 56.95346292749337
60.62596129685769 56.95323562004529
60.626188903142264 56.95257593585348
60.626372864649845 56.95214638374952
60.62644799708831 56.95197094869549
60.62675086319635 56.95136484395038
60.6268961700552 56.951112398639765
60.6272578752173 56.95048399903962
60.62743825544043 56.95017152875917
60.62796488083359 56.94925926253928
60.62813592616027 56.94896296297676
60.62847758107298 56.94835425864742
60.62900667405863 56.9474116080985
60.62958914787656 56.94637385239376
60.62963293410017 56.94629584132796
60.62979796446408 56.945993906542526
60.63010286130929 56.945464861242854
60.63060918010587 56.94458631630648
60.63074884483402 56.94434397543245
60.63119172437347 56.94358275922853
60.63120388905415 56.94356185071681
60.63177888286032 56.94257328746496
60.6321188203719 56.94198884685313
60.63233254986729 56.94162148021811
60.63283776656779 56.94075309394838
60.63336074093401 56.93985418510673
60.633684932448375 56.93929695202329
60.63389094100648 56.939052945503285
60.633993945285546 56.93899091941843
60.6340599113243 56.93895139277995
60.634225844611805 56.93885196608719
60.634551993784726 56.93872996282719
60.63486082035737 56.9386919648653
60.63517896015597 56.93871599298826
60.63541383971454 56.93877485257629
60.63568485458981 56.93894994122423
60.63584299316651 56.93913490189168
60.63587689330899 56.93936885012766
60.635795868243186 56.93961993469939
60.63567263480751 56.93983484623209
60.63513366117174 56.940774783104885
60.634850948337856 56.941267816899746
60.63487004419201 56.94180314813284
60.634872927551115 56.94188397992888
60.63502082157927 56.9423438670265
60.63518790085288 56.94259681424342
60.6353871280628 56.9427868763143
60.635511814851576 56.94290582708059
60.63598492673006 56.943213908595155
60.636728514635294 56.943418800996625
60.63673594527101 56.94342084847586
60.63751490348983 56.94356799744594
60.638433365286446 56.94360435348747
60.63887482074368 56.94362182789196
60.63902886150097 56.94361083828533
60.64023746309223 56.94357533766226
60.642095800181245 56.9435207521603
60.6437967052884 56.94347079095595
60.645662625496314 56.94341598271272
60.64672084108116 56.94338489942368
60.64759248036 56.94335706772384
60.64945279350318 56.94329766737525
60.65115432877068 56.94324333685116
60.653156016003315 56.9431794223861
60.653796843896735 56.94315896056203
60.65508173621822 56.94311065555328
60.65608584857179 56.94307290635421
60.65692165777281 56.94304666705322
60.65697582044398 56.94304496667635
60.65793787668507 56.94300883135964
60.658628084381775 56.942954060874406
60.66030702307418 56.94282083099692
60.66051987544864 56.94280394038865
60.66222248970334 56.94262175760664
60.66259486219126 56.942581913081895
60.66393970736099 56.942399661500296
60.664668917611294 56.942300839922595
60.665596214761074 56.94216220311318
60.66678190231581 56.94198493529822
60.667404207128925 56.94187631561014
60.66838582608966 56.94170497972604
60.6691277688925 56.941569517296294
60.67082242752033 56.94126010992091
60.67097099135006 56.941232985434674
60.67146682749987 56.94113389271052
60.67242091396895 56.940959250765886
60.67402803204758 56.94066507383791
60.67407285438641 56.94065686927714
60.67565833962992 56.94037510557705
60.676688939556975 56.9401919530375
60.67735762804213 56.94008493460552
60.67756997073226 56.940050950796554
60.67849887188894 56.9399069683233
60.679074468798675 56.93983139298111
60.68037287921547 56.939660912893586
60.68077952601579 56.939620631842615
60.68167598579099 56.93953183158186
60.682554698081375 56.93946317032031
60.68318491466012 56.93941392614128
60.684329349075384 56.93935325389206
60.68512783985871 56.93931092186222
60.68598757364651 56.93930143339056
60.68676491871696 56.93929285420387
60.68788315718288 56.93930759719146
60.68797992217496 56.93930887295251
60.689215973523616 56.93933886154009
60.68974823692942 56.93936914468299
60.690482944782445 56.93941094590897
60.69164412184577 56.93948752513144
60.69205892887843 56.93951488151062
60.6934949414983 56.93963208961089
60.69538640222461 56.93978647162356
60.69722815295124 56.93993679628009
60.69801287423103 56.94000084564092
60.699112354413245 56.940061074665834
60.70097722607711 56.94016323148843
60.70107990580231 56.94016885623713
60.702802398284085 56.94022986080038
60.70460887338092 56.94029383972944
60.7046967978258 56.940293952394
60.706508817969485 56.94029627427898
60.707806848909115 56.94029793754886
60.70833548296924 56.9402848429437
60.708618962212334 56.9402778209808
60.71021364670376 56.94023941326613
60.7117279033004 56.94020294264413
60.71208211932461 56.94018452294602
60.71387579982451 56.940091249206105
60.7139988403171 56.94008485093902
60.71570867198323 56.93995772536426
60.71617590001619 56.93992298707194
60.71754591699218 56.93979423608367
60.71770997459538 56.93977881833417
60.719048843958575 56.93962999298341
60.719351499181265 56.93959209406672
60.72041583926415 56.939458815890376
60.72111058003216 56.939375410201585
60.72168187920038 56.9393068240428
60.72289723669753 56.93911269248329
60.72312785066205 56.93907585603913
60.724773667040466 56.93877679368175
60.72517489772681 56.93870388579452
60.72598291321061 56.93855692308896
60.726400817461105 56.938462606269795
60.72798709559677 56.93810459912368
60.7286148308653 56.93796292553759
60.72960167739328 56.93771487705332
60.73116555988408 56.93732178788451
60.73119291807397 56.93731491127569
60.73269490655553 56.936864521481795
60.733763927230925 56.936543962431195
60.73414469026379 56.93641228550096
60.73547886465815 56.93595089620242
60.73559604328912 56.93590752495612
60.73708005009498 56.935358250535046
60.73765387544752 56.93514586095093
60.73860476371668 56.93474859431493
60.73966683610529 56.93430487664725
60.74008095677711 56.934111666141966
60.74146298486284 56.933466872575885
60.74151255048847 56.933441266081765
60.74284666045337 56.932752040866966
60.744141841176344 56.93208292719907
60.74416717798115 56.93206769960748
60.74537680175284 56.93134070751356
60.74584392635175 56.931059962460246
60.74654501221452 56.93059945882723
60.74763895752219 56.92988090805443
60.74769796905554 56.92983755558508
60.74878461932939 56.92903925447309
60.749315896987525 56.928648954525194
60.749819533710294 56.92823071676821
60.750654952615236 56.92753695534625
60.75079168363949 56.927412711272005
60.75168009480768 56.92660543418368
60.751835869666245 56.92646388545179
60.752536216115814 56.925761617085506
60.75285399152757 56.92544296962268
60.753328945726096 56.9248883830148
60.753694975831245 56.924460983078056
60.75405891610063 56.92398934759028
60.75468888330509 56.92317296392857
60.754718654451786 56.92312805283685
60.75534674995341 56.92218054298864
60.75554998417683 56.921873955172465
60.755920577617616 56.921224287635994
60.75629895380808 56.92056097657742
60.756416879553704 56.92030727604057
60.756874883701094 56.91932194499646
60.756884010964534 56.91929895875412
60.75714291834406 56.91864692237929
60.7572237522865 56.91840658048728
60.757372955025126 56.91796295906521
60.75752283586612 56.91749388992677
60.757589953189864 56.91728383862861
60.75775591487637 56.91660397313395
60.75776752225936 56.91654098539971
60.75785985047802 56.91603996417016
60.7579373649124 56.915603120446846
60.75795391406016 56.91550985534884
60.7580492935276 56.9147000103015
60.75807498599757 56.914481861468
60.75814092363732 56.91380497620564
60.75814430537018 56.91373094970166
60.758157873708555 56.91343393728362
60.758160853940865 56.9129028971397
60.758155142799865 56.91281151888369
60.758132914263 56.912455862293896
60.75803653463787 56.91177532811153
60.75802599842905 56.91170093219804
60.75794888491814 56.910954942799094
60.75793912880678 56.91086985888915
60.7578361999346 56.90997220709233
60.75781198049661 56.90976098723176
60.75768384066454 56.908982163317354
60.75763987208098 56.90871492569256
60.75751283967896 56.908208844994206
60.7574692568031 56.90795519172842
60.75733793729554 56.9071909093974
60.75729603839759 56.90692942809189
60.757211836216115 56.90640394180426
60.75717209173104 56.90601299721977
60.75717197560903 56.90601185499158
60.75716402590055 56.905086930745945
60.7571628486476 56.90494996096827
60.75719283723517 56.90451093549678
60.75724065237784 56.90417326521709
60.75726194137175 56.904022922456775
60.757338868618135 56.903599915733935
60.75746406553669 56.90315208975747
60.75748285109139 56.903084894338654
60.757735984572825 56.902369824849885
60.75778752848797 56.90226783314336
60.75810385699803 56.901641903109294
60.75828134703559 56.901336176317066
60.75851196255934 56.900938940814264
60.75887417212918 56.900402870650886
60.75898693708301 56.900235978519234
60.75931997804314 56.89981390311898
60.75954903693371 56.89950222727454
60.75957199393746 56.89947099013934
60.75995085596929 56.89904388559708
60.76036585331781 56.898624976693654
60.760409017644214 56.898586716722605
60.760901922603736 56.89814981590546
60.7613955880457 56.89776245132872
60.76194686655582 56.897329879492446
60.762367762971586 56.897034473557774
60.76253099208767 56.896919911285934
60.763256864918546 56.896432829568525
60.763573970898605 56.89623841854533
60.7640088147821 56.89597182488379
60.764804909336675 56.89553782855431
60.76484861158604 56.89551526473802
60.7653759963522 56.8952429718206
60.76609982027337 56.894904901718455
60.766252520342285 56.89483897758929
60.766766833516215 56.89461693677195
60.767736458863254 56.89423085174381
60.76813792664121 56.89407099546651
60.769123006684424 56.89370700539691
60.770566371945634 56.89317367754655
60.77126381780052 56.892915969183655
60.77201885064696 56.89264284612315
60.77218191561509 56.89258385954612
60.77339326040351 56.89209484184983
60.773682835109895 56.891977941065534
60.77442584427653 56.8916828980673
60.77475822838404 56.89153452015958
60.77606961085547 56.89094911254551
60.7761148909356 56.89092889929404
60.77752332934492 56.89024257101517
60.77757390091361 56.89021792762468
60.77882401091859 56.889541762952824
60.779507885415285 56.8891718660855
60.77998216648871 56.88888692411096
60.781209443879895 56.88814959162447
60.78125895815921 56.88811984408169
60.78202282895199 56.887624939254486
60.78239121917501 56.887386868695614
60.7827099587629 56.88718088464098
60.783492391869785 56.886621077837326
60.784013996661024 56.88624788566488
60.78457035292495 56.88580500696678
60.78548883912315 56.88507386040108
60.78560171712086 56.884974336098296
60.78629182546493 56.884365868964025
60.7865542466514 56.88411976215493
60.78706482321914 56.883640927455744
60.787447447978415 56.8832560132439
60.78806096586721 56.88263882434306
60.788276404284886 56.88239407628018
60.788861903299285 56.88172892216732
60.789096621706385 56.881454828259635
60.78990515119583 56.88051066282329
60.79002996809847 56.880364907094055
60.79062280667386 56.87966477674747
60.791261921627715 56.87890999493547
60.79132660928179 56.87883549062427
60.792052381577456 56.87799957895401
60.79280201315781 56.8771361872399
60.79319385721968 56.87668487899046
60.79359878636032 56.87620933823935
60.79386999742396 56.87589083334559
60.79438850318049 56.8752835249319
60.79508481461745 56.87446795868429
60.79510213919004 56.874448219159106
60.79593408692937 56.87350030236229
60.796690973565525 56.872637909784274
60.79677370366067 56.87254060362997
60.797574514557986 56.87159869937371
60.79781582499629 56.8713148729052
60.798321619273054 56.87072258436746
60.79893881378186 56.86999984540045
60.79909681320834 56.86981200869158
60.79972689896211 56.86906293486945
60.79989926195115 56.868862635441914
60.80069911700833 56.86793314059527
60.801120902622955 56.86744299234695
60.80142747271986 56.867028208459296
60.80204530767564 56.866192288754554
60.8021889433754 56.86599795220788
60.8026526822703 56.86525321992234
60.80296790159422 56.864746999697694
60.803228833075174 56.864247534941754
60.80360585757209 56.86352584951056
60.80372424213895 56.86325767871937
60.80413318067002 56.862331330189825
60.80429894784761 56.861955825879186
60.804514725072686 56.86134969411563
60.804779882835895 56.86060484932225
60.80486292787019 56.86031829294348
60.8051394489125 56.85936412549425
60.80515893113223 56.85929689986922
60.8053387482151 56.85831940197976
60.80541094702656 56.857926924331345
60.8054582668538 56.85735224358639
60.805486942950346 56.85700398363927
60.80549730544469 56.8563607318034
60.80550184411187 56.85607899403749
60.80546737367808 56.85540478905104
60.805452856543354 56.85512084935131
60.8053636791316 56.85448940680847
60.80536289078064 56.85448382469603
60.805318932354126 56.85417090030396
60.8051918420544 56.85356544920478
60.805131922776965 56.853279997109176
60.80495436386893 56.85259942559516
60.80489890586359 56.852386858740154
60.8047083968184 56.85168242344306
60.80445823546047 56.85075741492019
60.8044159219656 56.85060095453115
60.80420250607472 56.84980803975327
60.804040971488675 56.84920788219291
60.80395661752899 56.84888339715666
60.80370283187849 56.84790715791051
60.80367887326357 56.847814996119176
60.80353898860974 56.84730388627881
60.80346337007405 56.84701715648393
60.80321740158568 56.84608449501974
60.80297482585864 56.84516469820242
60.80271698756255 56.84418702889058
60.802466905809226 56.84323877077925
60.80221237812941 56.8422736546373
60.802181865323675 56.842157956410006
60.80197984751603 56.84138007953005
60.8019039586612 56.841087866747856
60.80171272537931 56.84039693993453
60.80160891566297 56.84002187490512
60.80146996233173 56.839517843116475
60.80144866168243 56.839432548308665
60.80134088102 56.83900095907601
60.80121522220922 56.83851205981628
60.80095585277071 56.83750293418704
60.80092681499407 56.83738995725043
60.80074185432662 56.83666594706474
60.80072706430855 56.83660994326544
60.80044453487205 56.83554011888855
60.80036392361739 56.8352348767646
60.800170893061576 56.83451188746997
60.80005584210282 56.83408096806886
60.799905899164955 56.833589974796546
60.79989091702855 56.83353250327957
60.799648913514545 56.83260417712571
60.799408211052175 56.83168084180957
60.799370947466144 56.83153789858977
60.799254904670754 56.8310599438338
60.799174000900074 56.830772758875625
60.7989167717832 56.8298596699979
60.7988689645872 56.82968996829592
60.79862955009423 56.82893004243234
60.79843887981264 56.828324835635534
60.798317404720535 56.82798914789532
60.79797663550278 56.82704745650268
60.79764318454401 56.82612598859604
60.79762397254163 56.82607289759978
60.79728360719811 56.82520033061609
60.79723896378068 56.82508588191314
60.796917608030846 56.82428124282174
60.79655823284476 56.823381407286355
60.79619307799972 56.82246710012713
60.795897859243254 56.82172790516304
60.79581268513246 56.82150948942075
60.79543890801677 56.82055099621873
60.79506072323782 56.81958120025072
60.794988888390115 56.8193969909712
60.7948609246655 56.81906897915309
60.79469304870546 56.818653963384776
60.79446287738821 56.81808494369876
60.7943107657954 56.81770848073036
60.794087926911295 56.81715697386467
60.79393407006967 56.81677684021214
60.793785992125855 56.816410984465726
60.79356659322946 56.81586901955384
60.793173316951595 56.814897538171
60.79278506855663 56.81393847679643
60.792756880657905 56.813868846309234
60.79241842467014 56.81304891578217
60.792003765723905 56.81204437888333
60.79186690878571 56.81171283450081
60.7917868150425 56.81151781554932
60.79165587108558 56.81118496085371
60.79163586846847 56.811133828807534
60.7912492579186 56.81014554870535
60.79113284031599 56.80984795413571
60.790926237201326 56.80925262333799
60.790764967890794 56.808787922757595
60.790644536309195 56.80829355162499
60.79054498949375 56.80788491236906
60.79043324927489 56.80738807376184
60.79042689778865 56.807359832689755
60.7904049185754 56.80725794599782
60.79029483624462 56.80677198186752
60.79014819638064 56.80644891139796
60.79010596402226 56.80635586693188
60.78998191185255 56.80612191869591
60.789796951185096 56.805909949673186
60.78950097686427 56.80569686306335
60.78943130042874 56.805658643257864
60.78917091613645 56.805515813950805
60.78846087578969 56.805233995733424
60.78810453488265 56.805100595468176
60.7880598482801 56.80508386653104
60.787650997660705 56.80492293398655
60.78726692022235 56.8047828630682
60.78704284400589 56.80472884635766
60.7868409332672 56.80468488793116
60.7865989756569 56.80464893887898
60.78649583506312 56.80463515511299
60.7863968786537 56.80462193052371
60.78620390861192 56.8046189502914
60.78583994774163 56.804622861846305
60.78472887988528 56.80476498167437
60.78468365748791 56.80477547801325
60.78298844044618 56.80516894615242
60.78140899934533 56.80553554213133
60.78043790415908 56.80576093805792
60.77974731120949 56.805921060785
60.778084952683294 56.80630649967598
60.77765013397015 56.806407317904984
60.77665096022154 56.806638989000895
60.7764943649482 56.80670384158884
60.77618995553679 56.806829910132954
60.77598096674638 56.80703293845876
60.775874982235024 56.8072499366235
60.775933841823054 56.8074909629112
60.77607850239718 56.807618579839506
60.77618995553679 56.80771690177285
60.7765978748336 56.80789292174338
60.776973942897634 56.80791993009865
60.777406821639985 56.80788994151108
60.777788199387054 56.80776251132082
60.77779592822036 56.80775992887675
60.77781712569146 56.807740481087336
60.77805092434699 56.80752598064078
60.778158957768056 56.807258877320415
60.77807290356024 56.80702995822646
60.77784865829607 56.80676829731676
60.77773688236781 56.80663787141378
60.7775967489629 56.806447685391824
60.77736193189089 56.80612899674764
60.77716955201599 56.80588602119827
60.77705385037632 56.80573989016727
60.776830891746975 56.805251877127255
60.77684097525712 56.80491635109764
60.77684784181821 56.80468786816346
60.77700281389809 56.80428386042156
60.77728181344402 56.80396771231731
60.77733995267763 56.80390183189292
60.778201402874515 56.80319356471656
60.7784199143593 56.80301390893043
60.77912761086532 56.802377538417765
60.779343972638486 56.802182982910786
60.779537874002855 56.8020328537084
60.77989587440854 56.801755878368525
60.780076923521094 56.80161599371469
60.780099704235106 56.80159975399777
60.78067893044678 56.80118684026272
60.780968944303 56.800978969059415
60.78120354166521 56.80080641737711
60.78232486584501 56.79998165800294
60.782454962636265 56.79988596886142
60.783287937565625 56.79919790772791
60.78338412589822 56.799109925265185
60.78402591759024 56.79852288511074
60.784353619844794 56.79819267232897
60.78480394448647 56.79773889774991
60.78505782302598 56.79744087451937
60.78520085973462 56.79727051077832
60.78583193836731 56.79651886514989
60.78595601327122 56.796340763284995
60.78642481833156 56.79566782256219
60.7865892417424 56.795360717679145
60.78705891927017 56.794483468742946
60.787100958535845 56.79440494912278
60.78723991186708 56.79409891651792
60.78747395843708 56.79358672020063
60.78774897279774 56.792984868429265
60.7878893757485 56.79266079999229
60.78830242520883 56.79170742762877
60.78840182993714 56.79147798846985
60.78845398400249 56.791343878016114
60.78876454650397 56.79067203332683
60.7889079106355 56.79036189147149
60.78919582308734 56.78974707493193
60.78938791430119 56.789336877822954
60.789535994593855 56.789003836862825
60.78966017370716 56.78874551624407
60.78970083869325 56.78866092388319
60.78977981484934 56.788498873751585
60.79005790777634 56.7879739803368
60.79014965400041 56.78779899046408
60.79066077787915 56.78682411107915
60.790853816066395 56.78645592450624
60.790970976448904 56.78623184828979
60.79114792774203 56.78589582709736
60.7911681043382 56.78585710437958
60.791637853412546 56.784955566742845
60.792039948523936 56.78418386990243
60.79214445701262 56.78398481802017
60.79258495850679 56.78314581773756
60.792648415801395 56.78302517053547
60.79273583276724 56.782858970378165
60.79308755265492 56.78213099504109
60.79323781564618 56.7818199868907
60.79345593139803 56.78134892392193
60.79344849588724 56.781250533092994
60.79343991264939 56.78113695489921
60.79342594281046 56.78093895571543
60.7933268500863 56.78047292188867
60.79328587189211 56.78040288642949
60.79322069675423 56.78036269636792
60.79312698825733 56.780304911292454
60.7928788839179 56.78022798404607
60.79252796156394 56.780203955923106
60.79161582421398 56.7801579485869
60.791516140869106 56.78015299408732
60.790989975429845 56.78012684241221
60.79098822289543 56.78013295934997
60.79091286191895 56.78039599464229
60.7908158181045 56.78052190945719
60.79069493243161 56.780632923110566
60.79066494384404 56.78066086278843
60.79044384785988 56.78077895449353
60.790293223629455 56.78082562404328
60.789436901869706 56.781090947563
60.78921990370497 56.78118296223543
60.78884681587324 56.781433860542634
60.78884242737032 56.78143749880516
60.78854283217809 56.78168587643696
60.788303854800105 56.78183786828453
60.78794995221384 56.78200792779046
60.78772407458028 56.782102564269344
60.787572952827205 56.782165880102646
60.78713299603312 56.782442855442525
60.78661609410498 56.78282374014372
60.78660493612151 56.7828319620229
60.78625084727073 56.783078948775206
60.78586788741949 56.783320906385505
60.78553398590129 56.78350795720512
60.78496282812125 56.78382791840645
60.78419564848433 56.78420956545149
60.78396985197 56.78432189191107
60.78298097363817 56.78476799543429
60.78290796807044 56.78479556387303
60.78200382997104 56.78513698544659
60.78192299116976 56.78521186378327
60.78190697242112 56.78526383158409
60.78191684444063 56.78531486806232
60.78201481957767 56.78543985155463
60.78216131145687 56.785588120631665
60.78295612987467 56.7863925815606
60.783411989735335 56.786853971783536
60.783526914943614 56.786969828314405
60.78362582140325 56.78707395018058
60.78345799707155 56.787115859697366
60.78278365177351 56.78731063015972
60.78186897445922 56.7875748154724
60.781181360657264 56.78779199200638
60.78110584872453 56.78781584176009
60.77967167582151 56.788239746105
60.779653916798246 56.78824499521207
60.77951794369931 56.78828392449656
60.77938588215528 56.788320991135855
60.77813626101528 56.78869934081714
60.77707396694438 56.78902097319858
60.7769229064194 56.78906493162509
60.77678488441076 56.789107958729
60.776649243663506 56.78914981836977
60.77554697041691 56.789489987257646
60.77537989114329 56.78954083747136
60.77523292843773 56.78958386457526
60.775132204559135 56.789613514226
60.77474696430743 56.78972691572592
60.773572401997846 56.79006988038034
60.77265782146136 56.79033693202593
60.7733218544719 56.790961849487466
60.77361831769635 56.79101867857377
60.77503884080884 56.79129097889269
60.77498065956534 56.79140011710113
60.7746188143183 56.79207887780843
60.77450154049364 56.7923397927617
60.77422281595072 56.792959908983704
60.774068183040704 56.7932500401902
60.77373937040839 56.7938669774625
60.773537921314045 56.794244947900886
60.77398287426662 56.79409906168692
60.77400838349981 56.79409069800391
60.77400994288029 56.79409018673162
60.77401132808969 56.7940897325646
60.77401263154194 56.794089305203215
60.77401379246033 56.79408892457423
60.77401557613182 56.79408833976391
60.7740167370502 56.79408795913493
60.77401879513269 56.794087284353786
60.77402100357509 56.79408656027431
60.77402262622996 56.79408602825632
60.77402422257598 56.794085504864185
60.77402584523083 56.7940849728462
60.77402853389248 56.794084091317785
60.774030093272955 56.7940835800455
60.77403120407136 56.794083215849305
60.77403250752361 56.79408278848791
60.7740336051676 56.79408242860463
60.77403600093548 56.79408164310697
60.774037642073104 56.79408110502906
60.774039219936355 56.79408058769685
60.77404086107398 56.794080049618934
60.77404243893724 56.79407953228672
60.77404565793811 56.7940784768766
60.77404860252799 56.794077511437294
60.77405177673726 56.794076470712945
60.77405322522106 56.79407599580023
60.77405444691613 56.79407559524446
60.77405610653654 56.794075051106624
60.77405711709501 56.79407471977598
60.77405903264365 56.794074091727246
60.77406033609589 56.794073664365854
60.77406205899069 56.79407309948231
60.77406336244293 56.79407267212092
60.774064460086926 56.794072312237645
60.774065826813555 56.79407186413055
60.774066855854805 56.79407152673998
60.774068222581434 56.79407107863289
60.77407041254106 56.79407036061333
60.77407152333948 56.794069996417136
60.774071941690266 56.79406985925294
