-51.18722069538064 -29.656058583354913
-51.18746890546685 -29.65613595372742
-51.188288127675655 -29.656202818698
-51.18837489608768 -29.6562099007415
-51.18899590199432 -29.656160913172982
-51.18911194478971 -29.656147874656643
-51.18942266303787 -29.656112831785116
-51.18991791136379 -29.656056977571332
-51.19057345804778 -29.65597638432726
-51.19169512576977 -29.655838485924765
-51.19272655291887 -29.655711681744386
-51.19287988974631 -29.65569283043652
-51.19296594395412 -29.65579192316067
-51.19353592847054 -29.656394772810305
-51.19362494782265 -29.65648892499109
-51.193786997954255 -29.65668096371027
-51.19414758152153 -29.657213215314325
-51.19445289360999 -29.657663881577488
-51.19468199896847 -29.65797792355667
-51.19471381860623 -29.65804776323271
-51.19476898449888 -29.65816884468873
-51.194798973086456 -29.658299974910168
-51.19490698222393 -29.658987836328404
-51.19502994109012 -29.659770905817396
-51.19507072342783 -29.66001842634233
-51.195142817388685 -29.660455986718596
-51.19519497145403 -29.660748980807117
-51.19521382204075 -29.660987338527185
-51.1952258913642 -29.66113995003268
-51.19538628939509 -29.661886383327253
-51.1954259394577 -29.66207090009907
-51.19549988647177 -29.662577912120028
-51.19555297185971 -29.66276287278748
-51.195575019283766 -29.66286302040856
-51.19567385753261 -29.663311980589743
-51.19571781595911 -29.663430817352925
-51.19576196065013 -29.663477942276252
-51.19580182125721 -29.663510911096132
-51.19587595453581 -29.66355598710975
-51.195984919279475 -29.663607954910574
-51.196070447558114 -29.663636126123077
-51.19625183633533 -29.663695871763583
-51.196795914995576 -29.66384581470145
-51.19690394841665 -29.66395999485165
-51.19699835724992 -29.664131355458657
-51.197303858339126 -29.66468586768253
-51.19743293965085 -29.66489392515035
-51.19747651829717 -29.665019456633136
-51.19754991376884 -29.665230877665376
-51.19759387219535 -29.66539087888727
-51.197625909692626 -29.665846854429994
-51.19761600990753 -29.66594166048009
-51.19756388360777 -29.66644085198136
-51.19751717385676 -29.666896620633924
-51.197513964716656 -29.666927933698773
-51.19747782939996 -29.66727084667841
-51.19744784081238 -29.66756290944434
-51.197409901700965 -29.6678666134647
-51.19737389379831 -29.668154858085995
-51.197311867713445 -29.66853092615003
-51.19718497161784 -29.66880116358569
-51.19700285487628 -29.66918899869596
-51.196787326057034 -29.669655579976965
-51.19671693883949 -29.669807955692885
-51.196559917849896 -29.670203954060465
-51.19653301918713 -29.67063592834816
-51.196515959423394 -29.6709098965878
-51.19662556404536 -29.671658511170182
-51.19671991907179 -29.67230296892605
-51.19673482023332 -29.672409884760004
-51.19675854693762 -29.672582452111666
-51.19689882424012 -29.673602706853515
-51.19690394841665 -29.67363997564405
-51.19682119190187 -29.67455434220884
-51.1967629461757 -29.67519789208169
-51.196651034900704 -29.675497889533148
-51.196496960442445 -29.67591091266075
-51.19650590113936 -29.676433943430347
-51.19650699309899 -29.676437877391383
-51.19670185141344 -29.677139885957686
-51.19680852405391 -29.67742843607105
-51.19713839119213 -29.678320728600003
-51.19750185752291 -29.679303907140433
-51.19751374846309 -29.67947903914172
-51.19757730170888 -29.68041506328879
-51.19761287117629 -29.68093893708897
-51.19774586404292 -29.681260988442475
-51.1977909857623 -29.68134378667467
-51.19826796577076 -29.68221904369147
-51.19876400260477 -29.683129269931264
-51.19877199527857 -29.68314393646592
-51.19906387177998 -29.68353490569148
-51.19936511073435 -29.68393198611297
-51.20003488226916 -29.684814850561544
-51.20068808337902 -29.685675872578297
-51.2013514997117 -29.686550359868793
-51.202009763731 -29.687418055598165
-51.20256191944842 -29.688145883861463
-51.20268585372405 -29.688294327679586
-51.20312797732192 -29.68882388671094
-51.20331341761104 -29.689063429881912
-51.20348486014049 -29.68928489139568
-51.20387430803892 -29.68997525475793
-51.20409692535021 -29.69036988221936
-51.20449204108326 -29.69085769070899
-51.20474084179269 -29.691164859186816
-51.20515909417477 -29.6916870739088
-51.20535681855731 -29.69193394538613
-51.20589718229875 -29.692502557808012
-51.206407909238514 -29.693039984100466
-51.20660766865435 -29.69333743025657
-51.206687864810704 -29.693456844094175
-51.207136036692795 -29.694320938772023
-51.20724181549046 -29.69452488484662
-51.20744484381627 -29.69494882289206
-51.20751233402037 -29.69517722273054
-51.20771585869154 -29.69586598938404
-51.20786638944635 -29.69619056728624
-51.207932856856274 -29.696333885855985
-51.20814892369842 -29.696688906029365
-51.20842113824067 -29.696992411021043
-51.20855889190493 -29.6971459991592
-51.208933842381846 -29.69754199752678
-51.209080166006 -29.69771650466672
-51.20931195935559 -29.69799294392749
-51.20940695426032 -29.6981989524856
-51.209486861739016 -29.698456928844532
-51.20949692002304 -29.698596999762884
-51.209499290410136 -29.69863229993927
-51.20951591900399 -29.698879935567376
-51.209461902293455 -29.69957488848809
-51.20946133697492 -29.69961889500349
-51.20945594182884 -29.700038873405138
-51.2094926695594 -29.700561991512593
-51.20955093673358 -29.701391898871776
-51.20958935568549 -29.70142816165802
-51.20962395242506 -29.70146081674384
-51.20966586194186 -29.701489874008814
-51.209738877633335 -29.70151688236409
-51.2097999723956 -29.70152992088042
-51.20994488619145 -29.701546870951656
-51.21066592245322 -29.701303148512263
-51.211728745549685 -29.700943896347773
-51.21273050370888 -29.700605285163864
-51.213884955297274 -29.70021506102091
-51.2141339752257 -29.700130888077563
-51.21442883195942 -29.70002993270822
-51.21503202972398 -29.699824496697513
-51.21600384472422 -29.69949351769109
-51.21621995157495 -29.69941991640821
-51.21659788228418 -29.6992919526836
-51.21699978214825 -29.699152703304964
-51.217570928131885 -29.69895481390405
-51.21815140859584 -29.69876184818555
-51.21920986963533 -29.698409990185723
-51.21926323076241 -29.698392381417428
-51.220194836412254 -29.698084958599917
-51.22035512943515 -29.698029891491796
-51.22108294563926 -29.697779857317652
-51.221396799455825 -29.69767216107789
-51.221962859227425 -29.697477922532215
-51.22251836376583 -29.697292561268096
-51.22285599759644 -29.697179899301677
-51.22355951165587 -29.69693912809214
-51.2247024405038 -29.69654797121697
-51.22477284576236 -29.696523875665452
-51.22522584107278 -29.696335934765695
-51.22558682171077 -29.696164943937173
-51.225660611887555 -29.69612745319409
-51.22657965281443 -29.695660513978375
-51.227328953757784 -29.695279814942474
-51.227563781082694 -29.695163832416505
-51.22841394458146 -29.694743931921064
-51.228530593237096 -29.69468296260067
-51.22914093499946 -29.69436395230213
-51.229361844719094 -29.69422499897089
-51.22944610260457 -29.69416370311325
-51.22960790014881 -29.694045998768047
-51.229866994094856 -29.69382881433879
-51.230217916448815 -29.69350899815952
-51.23024064062887 -29.69348787601605
-51.231015614118824 -29.69276753753979
-51.23162086080657 -29.692204960261396
-51.23178750068677 -29.69204605029639
-51.232419935593455 -29.691442952113817
-51.23252136460124 -29.691346241259293
-51.23325682207771 -29.69064499491405
-51.23333784714351 -29.690567881403144
-51.23335219880925 -29.69055421236913
-51.234132948498406 -29.689810598752885
-51.23464188504164 -29.689325869589876
-51.23488059194103 -29.689101099720183
-51.23564299107229 -29.68838321366903
-51.236217869137626 -29.687841900166315
-51.23637645355454 -29.68769238266223
-51.23713522242084 -29.686976995682397
-51.23795917329251 -29.686200153416205
-51.23877577593293 -29.68543023925315
-51.238947948193875 -29.68526791077706
-51.23943782387907 -29.684806906092323
-51.2396168407101 -29.684645489230643
-51.24010092556702 -29.684208996986055
-51.2404119873139 -29.68392699250416
-51.240430215800814 -29.68390996997312
-51.24119819267679 -29.683192800727618
-51.24143681469791 -29.68296996540509
-51.24194013186542 -29.682495326645093
-51.242681717889 -29.68179599530219
-51.24270192331154 -29.681776941160344
-51.242992868490354 -29.681505926285073
-51.243437595007514 -29.681091456674615
-51.24424929874428 -29.68033497708863
-51.24431795427914 -29.68027099252353
-51.244838936139026 -29.679771989876897
-51.24497510382597 -29.679644578954388
-51.24570107425992 -29.678965294721973
-51.24570786012056 -29.67895894525108
-51.246530269315905 -29.678195297316975
-51.246940931236914 -29.67781397725226
-51.24738124769746 -29.67740815409631
-51.24815482906872 -29.67669517318007
-51.24841987151846 -29.676450893501585
-51.248872135672784 -29.67599123772482
-51.24890993346818 -29.675952822177543
-51.24898388048226 -29.67585894485993
-51.249283952622505 -29.67547486742157
-51.24935789963658 -29.67537987251684
-51.24952311864739 -29.67510640178837
-51.24980195425008 -29.674644872724524
-51.25002192372141 -29.67426342753642
-51.25019981526285 -29.673954948945827
-51.250308966271035 -29.673752851942616
-51.25051664589839 -29.67340974525623
-51.2508288305438 -29.67289398624511
-51.250876886789726 -29.67280197157268
-51.2510133911192 -29.672546467586567
-51.2513518613134 -29.671912931023083
-51.25146857173723 -29.671723194265105
-51.25164895322134 -29.67142994712509
-51.2520244181886 -29.67079073304575
-51.252125976654725 -29.670617833821876
-51.25245585111802 -29.670166887421164
-51.25268130099636 -29.66989683767559
-51.25271289615437 -29.669858992171115
-51.253003841333175 -29.66954793042424
-51.25340588568826 -29.66918912864767
-51.25415423454439 -29.668521269751803
-51.25454685660929 -29.668170876834637
-51.25500483570426 -29.667754779438372
-51.25548786495971 -29.66731592269203
-51.25581381610862 -29.66698521096039
-51.25589597052103 -29.6669018566661
-51.256502820324215 -29.666363924734977
-51.256598394756736 -29.666273166800533
-51.256879819710846 -29.666005924329298
-51.25728289613015 -29.665661893762543
-51.2574023672009 -29.665578291818537
-51.25752299109525 -29.665493883166324
-51.25776792893785 -29.66533388194443
-51.258121831524114 -29.665163822438505
-51.25830570324867 -29.66508392473472
-51.25850590896247 -29.664996929429403
-51.25879685414129 -29.664902865847264
-51.25903396887408 -29.664860956330468
-51.25933575863468 -29.664792418199845
-51.260046875328875 -29.664630919649397
-51.260487783735826 -29.66453406656394
-51.261512963358605 -29.664308868295898
-51.2616897881544 -29.66426437178758
-51.26269943283723 -29.664010302991276
-51.26276093563648 -29.663994826316717
-51.26316382579127 -29.663872823056717
-51.26340690098867 -29.66377186768737
-51.26356690221057 -29.663678921692348
-51.263801253185314 -29.66354132787044
-51.263922853706546 -29.663469932901933
-51.26452690954194 -29.663043945946782
-51.26466175732475 -29.6629429110204
-51.26533585634833 -29.662437841201676
-51.2654898827164 -29.662303225908563
-51.26617684065201 -29.66170284140936
-51.266260855304786 -29.66162279358324
-51.26674885899012 -29.66115783142651
-51.26690289974741 -29.66101198630807
-51.266984849032816 -29.66092702279607
-51.267064949879014 -29.660843975711852
-51.26765689852067 -29.66023284182473
-51.26776901685523 -29.660127673964094
-51.268568628672995 -29.65937763192554
-51.268963916651096 -29.659006848760104
-51.269287211137566 -29.658703536786668
-51.27007859625691 -29.657961066400247
-51.27091576543101 -29.657175641826285
-51.27175003799773 -29.656392934823277
-51.27184486996781 -29.65630396432364
-51.27255236612969 -29.655624392039687
-51.27328897878429 -29.654916852450004
-51.27329497318029 -29.654911095899816
-51.274071920262664 -29.654164976547328
-51.27487435184249 -29.653394383872044
-51.27525593210584 -29.65302794396195
-51.27567389819768 -29.65262819133945
-51.27608089766087 -29.6522389274591
-51.276473327080865 -29.651866225926092
-51.27697384976537 -29.651390865103696
-51.27729734947493 -29.65108156233082
-51.27812418534917 -29.650291012537235
-51.278365990781026 -29.650059818850306
-51.27886890498256 -29.64956491402309
-51.27893338932104 -29.649503714400463
-51.27974708196381 -29.648731469792757
-51.28056031851162 -29.647959658047377
-51.28125932660105 -29.647296256168794
-51.282007852935784 -29.64658585841498
-51.28238297139964 -29.64622984780885
-51.282593822835246 -29.64602998597987
-51.28276523061518 -29.64586440385112
-51.28351628103883 -29.645138879443824
-51.284122868272426 -29.644552908343513
-51.28429238108337 -29.644398412118623
-51.28457493226025 -29.644140891227295
-51.28478298972807 -29.64397083172137
-51.28506797444227 -29.643753833556634
-51.28509967773159 -29.643732705165984
-51.28534383219504 -29.643569990476298
-51.28566085440652 -29.643396950738065
-51.28599799318607 -29.64323490060646
-51.28607355443465 -29.643204158264496
-51.28638393326962 -29.643077879616868
-51.28680787131506 -29.642932965821014
-51.28719084055771 -29.642829133150904
-51.28727297381922 -29.6428068647416
-51.28827787089969 -29.64257999455735
-51.28834803844578 -29.642561277104893
-51.28870590676455 -29.64246581440715
-51.2889689122655 -29.642372868412128
-51.289188890662544 -29.642274893275086
-51.28931050125061 -29.642206000054895
-51.289615995204805 -29.64203293566479
-51.29016994588457 -29.641647926903843
-51.29023233880375 -29.64160306401616
-51.2911374059173 -29.640952286254844
-51.291664904914754 -29.640572994364195
-51.29198411928808 -29.6403018962578
-51.29277831465836 -29.639627412653734
-51.29356912286783 -29.638955805652223
-51.2941919556452 -29.63842685457528
-51.29434993696158 -29.638300245046903
-51.29517976836253 -29.637635200820704
-51.29601564378193 -29.636965312791823
-51.2963418207245 -29.636703907773732
-51.29640999353848 -29.636649891063197
-51.29683100408513 -29.636317300420036
-51.29712394544014 -29.6360858820994
-51.29762393974687 -29.635684469088694
-51.29841235103901 -29.63505150478051
-51.299257091720165 -29.63437331725812
-51.299278839661454 -29.634355857246128
-51.30014713438578 -29.633651661923945
-51.301024389500185 -29.63294019963976
-51.301051891618634 -29.63291789515878
-51.30131396579699 -29.632736846046228
-51.30152984637461 -29.63261782301853
-51.30180086124988 -29.63249190820363
-51.30193131089937 -29.632442312213836
-51.302971077271586 -29.63204700074627
-51.303979400771155 -29.631663643625817
-51.30498351646807 -29.63128188628074
-51.3051279180898 -29.63122698585451
-51.30559898105857 -29.63103196690303
-51.30593686489619 -29.6308579958422
-51.305986034695806 -29.630828439291363
-51.30620489953916 -29.630696877033195
-51.306561968622255 -29.630459948564916
-51.3068681681103 -29.630209228224142
-51.30696392745444 -29.63013081915969
-51.30713193805066 -29.629988885596145
-51.30734781862828 -29.629787906180052
-51.30763649948003 -29.62946985951751
-51.30767191889149 -29.62943083709696
-51.30832578217291 -29.628671897174257
-51.30843690727138 -29.62854291413448
-51.30903131701922 -29.627854205247207
-51.30911789035316 -29.627753897631628
-51.30974038328446 -29.62702907911204
-51.31045343552053 -29.62619881512004
-51.31069294312655 -29.625919937176704
-51.311137929062646 -29.625489852402133
-51.311207810431185 -29.625422619075177
-51.31142794291887 -29.62521082815254
-51.31205786063304 -29.62469870878561
-51.31218194169213 -29.62459783162023
-51.31229593557781 -29.6245058169478
-51.31286969348274 -29.62411155015216
-51.31292290194905 -29.62407498711515
-51.313676900722314 -29.623606904378686
-51.31385370089975 -29.623514681161687
-51.31388793842244 -29.62349682204791
-51.3143608640364 -29.62326399139905
-51.3149352167784 -29.623000899891306
-51.31589996775761 -29.622558980194302
-51.31591510699233 -29.622552554023677
-51.31626988909252 -29.62240195920472
-51.31687460593544 -29.62211936277159
-51.31689685546376 -29.62210896511619
-51.31783711984407 -29.621710564270582
-51.31799190457147 -29.62164498019915
-51.31877041992939 -29.62130491662733
-51.319257944507704 -29.621091960841984
-51.31970422870805 -29.620896288630433
-51.32064051228039 -29.62048577739768
-51.321100845659544 -29.620283945358185
-51.32161790786832 -29.62005424558279
-51.32251887744335 -29.619653998754636
-51.32265978735417 -29.619588924905948
-51.32325294591307 -29.619314997329894
-51.32369461038321 -29.61912116303636
-51.32470024779936 -29.61867981664947
-51.32567483108392 -29.618252099060143
-51.32661524946866 -29.617839375498345
-51.32686685011238 -29.61772895494988
-51.327725287851635 -29.617364731487218
-51.32802187639524 -29.61723889300016
-51.32865221513366 -29.616958665721405
-51.32887198766035 -29.616860962290936
-51.32956191143904 -29.61653686202773
-51.3295699502088 -29.61653336003925
-51.33053547550085 -29.616112741144804
-51.33150899373579 -29.615688640225773
-51.33247890976531 -29.61526610856203
-51.332536928337895 -29.61524083350392
-51.33344928022747 -29.614843486303577
-51.333459869029966 -29.614838874671733
-51.33442307550563 -29.614421101833184
-51.33533182744679 -29.614026947633036
-51.335372348002416 -29.614008590842953
-51.336110971930125 -29.61367397636937
-51.33631009372958 -29.613585868226725
-51.33639595664432 -29.613547875289942
-51.33726004671596 -29.613166079912915
-51.338232168109954 -29.61273655124881
-51.339211833416854 -29.612303689331412
-51.33955090506861 -29.6121538716291
-51.3397489042524 -29.612066886098688
-51.340307806869504 -29.611820975444143
-51.34038984046258 -29.611784881616792
-51.340907842090154 -29.611620968839993
-51.34119692462378 -29.611556893845428
-51.34142116727908 -29.611519401271785
-51.3414899187123 -29.61150790627691
-51.341807872246385 -29.611476986366743
-51.342465979346095 -29.611454189460364
-51.342705853492895 -29.611445880192058
-51.34340285532332 -29.61141794051419
-51.34369592709248 -29.61137363377681
-51.34389198595044 -29.61134399350011
-51.34431797290559 -29.61124490077596
-51.34471099104086 -29.611110976586737
-51.344736309169555 -29.611100058221727
-51.34508892175009 -29.610947995132538
-51.34571893082045 -29.610623230048347
-51.34664357964934 -29.61014658031601
-51.34722295434526 -29.60984791688281
-51.347541143289305 -29.60968071362017
-51.34795385631816 -29.609463839444455
-51.34849998388812 -29.60918388387227
-51.34856791042475 -29.609149109482185
-51.34947445727689 -29.60868501083339
-51.35046105022646 -29.60817993329248
-51.35075397083359 -29.608029975176528
-51.35146216187825 -29.60766849155661
-51.35161991458282 -29.607587969472736
-51.35207682144814 -29.607367991075694
-51.35227686954163 -29.607236860854258
-51.35246443062524 -29.60708877341047
-51.35256185425584 -29.6070118533152
-51.35281387015016 -29.60678796336326
-51.35300385995963 -29.606550848630462
-51.35314064206435 -29.606337767300296
-51.35317783102045 -29.606279833755192
-51.353273943512306 -29.606076991693907
-51.3533529196684 -29.605857944619466
-51.35339985832721 -29.605677826829503
-51.3534369249665 -29.605453936877563
-51.35344710553741 -29.605370732279383
-51.35349187299963 -29.605004853122043
-51.353523187589474 -29.604315452840787
-51.35356922144506 -29.603302003417813
-51.35361371021105 -29.60232256961574
-51.3536379043826 -29.601789927522617
-51.353657481413705 -29.601334510562022
-51.353666961647576 -29.601113973582848
-51.35370870376947 -29.60032992003866
-51.353715949216095 -29.60019382685856
-51.35372787014532 -29.599802857633
-51.353741144192675 -29.599371142394855
-51.35374388889396 -29.599281875773116
-51.35375394717799 -29.598934864974055
-51.353769196716904 -29.598415648328437
-51.35379772274313 -29.597444393542823
-51.353819884817746 -29.59668981872551
-51.35384464472595 -29.59643972193335
-51.35390482143845 -29.595831884350595
-51.35392321968656 -29.595430358764933
-51.35396821260853 -29.59444842780966
-51.35397895471705 -29.59421399073781
-51.354016599572226 -29.593462028910203
-51.35406826816936 -29.59242994065937
-51.35406892047977 -29.592416910657665
-51.35410081951947 -29.59138097370643
-51.35410691844166 -29.591182908218716
-51.35412591742261 -29.590801997277183
-51.35414969700609 -29.590382702388883
-51.35416596429421 -29.590095868485328
-51.35419781552697 -29.58954489803787
-51.35420064196319 -29.589405716243128
-51.35421085404331 -29.58890284424058
-51.354229052909446 -29.588414819276665
-51.354264697027595 -29.58745897843781
-51.35428889887681 -29.586809976104124
-51.35430838587581 -29.586511500236018
-51.354355954103674 -29.58578291354588
-51.354386865481345 -29.585579298924557
-51.35440196143989 -29.58547986117333
-51.354574953324686 -29.58465275349989
-51.354607969998 -29.5844948943964
-51.354817890111015 -29.583787834281942
-51.35484050437034 -29.583706786176915
-51.3551131750313 -29.582729551413298
-51.355202898871966 -29.58240798672455
-51.35531689275764 -29.58199988116324
-51.35538477808965 -29.581758119434745
-51.355524950225465 -29.58125892090631
-51.35567084537033 -29.58077978186968
-51.355726860964154 -29.580595819218363
-51.35578888704901 -29.580344920911156
-51.35594537368474 -29.57980686050355
-51.356119879099424 -29.579206844699534
-51.356247925332006 -29.57885885162402
-51.35628286055363 -29.57876390767315
-51.35638791374239 -29.578404975944867
-51.35651666659973 -29.577951315835826
-51.35661385260404 -29.577608881390297
-51.3567539235224 -29.577220892397037
-51.3568206748281 -29.577056291736397
-51.35689585708594 -29.576870901365673
-51.357037976914 -29.57656784899312
-51.35727856753569 -29.57613543552582
-51.35778539380436 -29.57522451679336
-51.35805889274312 -29.5747329572156
-51.358283255911616 -29.574317300750476
-51.35866294857851 -29.57361387998493
-51.35874273503493 -29.573463670347554
-51.35892483649235 -29.573120837802907
-51.359192334905536 -29.572565363511806
-51.35919492004503 -29.572559995335936
-51.35931487439532 -29.572278922176636
-51.35949685483046 -29.57173391219379
-51.359533913911825 -29.571587115055937
-51.359611966303255 -29.571277936651065
-51.3596689632461 -29.57104193950538
-51.35975296854421 -29.570635882853775
-51.35976365896136 -29.570586836858062
-51.35989397078516 -29.569988986178988
-51.359965006146226 -29.569660657384116
-51.36010687113047 -29.569004950724658
-51.36017012871237 -29.56870425064339
-51.360171877447634 -29.568695937887487
-51.360313997275696 -29.56799781846995
-51.36036296210338 -29.56777169300831
-51.36053397567274 -29.566981931782855
-51.36057053126452 -29.566813805363733
-51.36071986766279 -29.56612697764025
-51.36078912492936 -29.56576598500498
-51.36089793654303 -29.56519882154164
-51.3609689033248 -29.56476482521217
-51.360975353661146 -29.564703828579212
-51.361015841983615 -29.564320956863185
-51.361031860732254 -29.56405087331051
-51.3610343974081 -29.56376533873559
-51.36103782119687 -29.56337994851276
-51.361009666907535 -29.562803531901885
-51.36093593450492 -29.56129397216351
-51.36088899584612 -29.560493966054036
-51.360878450299175 -29.560324818274665
-51.36086086990373 -29.56004283338881
-51.36080681067534 -29.559123981403665
-51.360795863586574 -29.558937912261587
-51.36074410500867 -29.5580703319832
-51.36073793532113 -29.55796691532359
-51.36068138869027 -29.55700775220438
-51.36062610995156 -29.556070095501727
-51.36056946723882 -29.555109302609104
-51.360549994421376 -29.554778998079428
-51.36052632178051 -29.554132856382044
-51.3605209371564 -29.553985883757157
-51.360511996459486 -29.55339896425751
-51.3605149278473 -29.553233203437493
-51.360523917388704 -29.55272487296294
-51.360566379685515 -29.552168585186404
-51.36057383627982 -29.55207089823643
-51.360660821810235 -29.551378925548025
-51.360691572960214 -29.55115954699667
-51.36081095101262 -29.550307904563276
-51.36083600964025 -29.550103902330033
-51.360896818955915 -29.549608853823145
-51.360971656634064 -29.54905098536466
-51.360998891912374 -29.548847963262677
-51.361020871125625 -29.548578997297117
-51.36101789089332 -29.54832083467366
-51.36100621544824 -29.548047377435477
-51.360998891912374 -29.547875848737565
-51.36094785543415 -29.547493820208917
-51.36088284911698 -29.54719393433319
-51.360843057235726 -29.54705791013221
-51.36080182405118 -29.546916958993307
-51.36068689884291 -29.546602917014127
-51.36054682792455 -29.54629688440927
-51.36043489117051 -29.54608967992816
-51.360177837912246 -29.54561385241778
-51.3599443616693 -29.54516865026603
-51.359921910463015 -29.54512583937777
-51.359476425502265 -29.544262755300014
-51.35943985788762 -29.54419190907907
-51.35908986685626 -29.54354594372688
-51.3590042343824 -29.54339171465756
-51.35891384688572 -29.543228921515396
-51.3588179206584 -29.543053832867457
-51.358560875622054 -29.542561908272543
-51.35849969406998 -29.542447714463048
-51.35836697425768 -29.54219999631196
-51.35803083141895 -29.541578946630693
-51.35758401249885 -29.540753414398765
-51.35708940068956 -29.539839581137695
-51.35706796550158 -29.539799977983535
-51.35687797569211 -29.539373991028384
-51.35676696203873 -29.539083977172165
-51.35671094846751 -29.53889891272605
-51.35669096611495 -29.538832892600436
-51.356639929636714 -29.53859987568706
-51.35658889315849 -29.538331841044094
-51.35653897426737 -29.53799395720647
-51.35653261300268 -29.537914145524987
-51.35650693677009 -29.53759199837428
-51.35648575589515 -29.536968358258008
-51.35648383996972 -29.5369119466151
-51.35646775485881 -29.53604547173947
-51.356466889898485 -29.535998877942536
-51.35646599584144 -29.535031914612492
-51.35646503796322 -29.533995925781753
-51.35646484098877 -29.533782888958967
-51.35645683161445 -29.533119973535538
-51.35645724491084 -29.532984205670292
-51.356460206880406 -29.532011198668968
-51.35646324187374 -29.531014203358733
-51.35646630126914 -29.53000919197281
-51.356466889898485 -29.529815827231463
-51.35646984410747 -29.528979232174656
-51.35647344249057 -29.52796021506016
-51.3564758305954 -29.52728393362352
-51.35647318042848 -29.526883758418997
-51.35646590265728 -29.525784814966755
-51.35646092943387 -29.525033858232955
-51.35646339364049 -29.524696261927552
-51.35646595857589 -29.524344865776857
-51.35646186075647 -29.524150964412488
-51.35646336400169 -29.523657148355603
-51.35646649944392 -29.52262715558263
-51.35646893880819 -29.52182582442073
-51.35646979333492 -29.521600188673258
-51.3564728503631 -29.520792987662396
-51.35647559234493 -29.520576745003993
-51.35647694818252 -29.520469818721786
-51.35647694818252 -29.519547
-51.35647694818252 -29.518534
-51.35647694818252 -29.518445868457388
-51.3564758305954 -29.517765816698205
-51.35647334827731 -29.51756343020127
-51.35646987013079 -29.517279852567903
-51.35648085973742 -29.516856845845066
-51.35650112110623 -29.516631036383025
-51.356507868092685 -29.516555842382218
-51.356653899475646 -29.515819911267307
-51.35668365445683 -29.515656162886984
-51.35686377593266 -29.51466491373292
-51.35688486747931 -29.51454884218906
-51.35706301217139 -29.51371085661279
-51.357072994643595 -29.513663899458884
-51.357106894786064 -29.513507996056408
-51.357140981193055 -29.51322990312941
-51.35714582407056 -29.51293486013118
-51.35713331060838 -29.51276283440406
-51.357128873999315 -29.5127018432178
-51.35708696448252 -29.51246193451722
-51.35701488011364 -29.51214081448631
-51.356917820359655 -29.5117618872255
-51.356650495468614 -29.51071823437708
-51.35648290864712 -29.5100639650985
-51.356384905584534 -29.509684899091557
-51.35612816917085 -29.50869186841881
-51.35605990192428 -29.508427817562843
-51.3559498195935 -29.507939990787357
-51.355914445325105 -29.50772545395265
-51.355831914152915 -29.507224921298583
-51.355757762150226 -29.506753938103675
-51.35560513144963 -29.50578449031521
-51.35547484506983 -29.50495696451419
-51.35545387727283 -29.50482097076324
-51.35531271360147 -29.50390540594925
-51.355303854241306 -29.503847945567543
-51.35524182815645 -29.503558863033923
-51.35515093107114 -29.503244821054743
-51.35499956440984 -29.502853776195355
-51.35498683202982 -29.502820883009303
-51.35480894941409 -29.50247498979736
-51.35458785342994 -29.5021289103209
-51.35441571977971 -29.501899537047237
-51.354355954103674 -29.501819897483735
-51.35417397366853 -29.501602899319
-51.35402086423384 -29.501434888722784
-51.35378427062289 -29.50116267886932
-51.35353583142614 -29.5008768402236
-51.353416994662965 -29.50069895760787
-51.35325792476366 -29.500420864680876
-51.3531797226512 -29.50025102927452
-51.35314188196827 -29.50016884878655
-51.35305899425728 -29.499937880782884
-51.35299398794012 -29.49969592317259
-51.35294984324909 -29.49939193947744
-51.35294873984346 -29.499367250776384
-51.35293196185526 -29.498991843290444
-51.35295487239111 -29.49870387834394
-51.35299621134762 -29.498368959629804
-51.35299696817242 -29.49836282800949
-51.35315240947856 -29.497332214758416
-51.353267983047694 -29.496565934193864
-51.35329312388611 -29.496335257620515
-51.35331790193881 -29.49610790974143
-51.353341930061774 -29.495745997780844
-51.353300951867574 -29.495396938072076
-51.35329087616138 -29.49534168810357
-51.35323892578272 -29.495056819060224
-51.35312791212934 -29.49473998311326
-51.352959318442046 -29.494379645170273
-51.35288781716424 -29.494226824363174
-51.35260786159205 -29.493731919535964
-51.352451959456154 -29.49345202715492
-51.35220292252756 -29.49300492911797
-51.35191559352853 -29.492506943158286
-51.35136365767805 -29.491550352263832
-51.35081874654784 -29.490605936305013
-51.35045296737074 -29.489971983953684
-51.350320905826706 -29.48969389102669
-51.35031494577856 -29.48967844466972
-51.350137994068966 -29.489219847825613
-51.3500368524351 -29.48891083498845
-51.349972245245915 -29.488675865541175
-51.34994092620777 -29.4885619615442
-51.34987591989061 -29.488258909171645
-51.3498299125544 -29.487873900410698
-51.34981128148728 -29.487696268808076
-51.34979992396682 -29.487587984373896
-51.34970134326927 -29.486729357682393
-51.34968499875855 -29.486586998848328
-51.34966395086789 -29.48620292140997
-51.34967587179711 -29.485869880449844
-51.34968427058955 -29.4858137230694
-51.34971684999131 -29.485595885342267
-51.34975484795321 -29.485438864352677
-51.349809982250854 -29.48526694220156
-51.34990385956847 -29.48505497317884
-51.34996602022803 -29.484932565775615
-51.35004299916423 -29.484780978071264
-51.35017990358576 -29.484569940371134
-51.35046791684696 -29.484078019324578
-51.35102024623838 -29.48313465147013
-51.35121385793121 -29.48280396646568
-51.35152086097072 -29.482209953348704
-51.351599984279275 -29.482056859479627
-51.351744898075125 -29.48150197747727
-51.351800923154975 -29.481204996047467
-51.35183095228294 -29.481045815670026
-51.35191588890365 -29.48050285459689
-51.35196751817207 -29.48019608068804
-51.351995982646855 -29.48002694875062
-51.352055959822 -29.47954992531724
-51.35207942138738 -29.479259267867597
-51.35214797449443 -29.47840998646043
-51.35215258764359 -29.478271342626236
-51.35215486628163 -29.478202860315207
-51.352186903778914 -29.47752187723343
-51.3522160417855 -29.47729117523863
-51.352290839380565 -29.476698960588102
-51.35237323994464 -29.476320389977477
-51.35244692904756 -29.475981842189626
-51.35258935967385 -29.475350291275525
-51.35265889807028 -29.475041951426313
-51.35277683389692 -29.474355833329145
-51.352843858737735 -29.47396590129955
-51.35294372180223 -29.473306212027016
-51.353103997513145 -29.472247440521485
-51.35321396633716 -29.471520993222025
-51.35323870277766 -29.47131706325222
-51.353300951867574 -29.470803874823535
-51.35334305006519 -29.470319948596984
-51.35335888013301 -29.4701379791678
-51.35339746564165 -29.469392214423294
-51.353412896843544 -29.469093966538324
-51.35344491449892 -29.468339670333577
-51.35348596074165 -29.467372671821423
-51.35349690214165 -29.46711490602303
-51.35353500239819 -29.466473069977056
-51.35357792720745 -29.465749959627164
-51.35357977884005 -29.465344220635096
-51.35358090743976 -29.46509691622325
-51.35352511173249 -29.46443418521782
-51.35352297917432 -29.464408855089744
-51.35338197693338 -29.463700863652697
-51.35331786632379 -29.46339567043833
-51.35323892578272 -29.463019880570915
-51.35311438875188 -29.46242539248029
-51.35300199731443 -29.461888882411024
-51.35294481410707 -29.461488972488542
-51.352942939372056 -29.46146482434728
-51.35290886505489 -29.461025918894094
-51.35289763815234 -29.460468433014395
-51.352896944125675 -29.46043397025244
-51.352885954519046 -29.460108938666632
-51.35286220889231 -29.459507789499646
-51.35283882959572 -29.458915914421883
-51.352824905442354 -29.458509173469896
-51.35279047406479 -29.457503392297735
-51.35277885242057 -29.45716391035536
-51.35276089091107 -29.456602576676428
-51.35275594188472 -29.45644790954399
-51.35275799079444 -29.456103878977235
-51.35274744381412 -29.455668932709436
-51.352736942903775 -29.455235886318295
-51.35271741623278 -29.454751806521013
-51.352679801645664 -29.4538193146636
-51.352664858534894 -29.45344886452218
-51.35263762226812 -29.452811130233098
-51.35262984080531 -29.45262892810916
-51.352541923952295 -29.45210887757187
-51.35246172908454 -29.45178007058656
-51.35235584569773 -29.451345938101692
-51.35220621875153 -29.450883745257208
-51.35219882470814 -29.450860905293993
-51.351950906633235 -29.45024790876168
-51.35183788522125 -29.450020450959137
-51.35171286057784 -29.44976883641859
-51.35147481452245 -29.449355887979777
-51.351306763347026 -29.449106313745496
-51.3513021747372 -29.44909949916191
-51.351105824510135 -29.44880789776462
-51.35092086384269 -29.448522913050414
-51.3507110601738 -29.44820189972435
-51.35035089441429 -29.447650822572054
-51.35037697144696 -29.44757389532567
-51.35040099956991 -29.447515967060237
-51.35079494902778 -29.448103817882473
-51.35082284761809 -29.4481465572981
-51.351371996507915 -29.448987829290058
-51.35145676927042 -29.44900378115397
-51.351579867711216 -29.449026944839066
-51.35180487525027 -29.44902787616166
-51.35255085996669 -29.449014576521108
-51.353660147353835 -29.44899479981095
-51.35485051831047 -29.44897357751846
-51.355958148072105 -29.44895383036095
-51.3570549469538 -29.44893427629963
-51.357801847706774 -29.448920960327705
-51.358013816729496 -29.448839935261905
-51.35816751522137 -29.448800349525
-51.35925289582307 -29.44852080487614
-51.360306179015886 -29.448249527059097
-51.36136765109921 -29.447976140156527
-51.362387048689556 -29.447713589728597
-51.36252588843985 -29.44767783092732
-51.36341812337342 -29.44747845133234
-51.36446480710214 -29.44724455847514
-51.365531469887344 -29.447006201080587
-51.365850896370056 -29.44693482176069
-51.36653669181888 -29.44677967079129
-51.36739298032357 -29.44658594831644
-51.367502876389835 -29.446589859871334
-51.367577065582 -29.446571049297894
-51.36826395321482 -29.446396889829565
-51.36862720693167 -29.446230942987697
-51.368729987041576 -29.44618398948425
-51.36945491597397 -29.44567519699587
-51.370291708800416 -29.445087892661064
-51.371155936105225 -29.44448133339533
-51.37201325004931 -29.443879626282488
-51.372059837849285 -29.44384692856327
-51.372852677520974 -29.44331263709855
-51.37374565539781 -29.442710862900295
-51.37395787329878 -29.442567850110706
-51.374628949604855 -29.442140976949588
-51.37547106523897 -29.44160530528377
-51.37577190345016 -29.441413941414964
-51.37649362587266 -29.441221933480307
-51.37749710857472 -29.440954965688977
-51.37837290119468 -29.44072196872656
-51.37846600115298 -29.440639576536597
-51.37929471463411 -29.439906176438427
-51.37966688080878 -29.439576814463216
-51.380107127310346 -29.439329925395228
-51.38100343194835 -29.438827280136437
-51.38195672007893 -29.438292678686462
-51.3821898337198 -29.438161949176237
-51.38278996236345 -29.43760801535413
-51.38301982841685 -29.43739584320923
-51.38369891121821 -29.43691743657857
-51.38377494477723 -29.436863871742723
-51.384272662327405 -29.436158264548062
-51.38470384593391 -29.435546981592783
-51.38492569023965 -29.435376379826575
-51.385754342828015 -29.43473913293095
-51.38658932437461 -29.434097018966735
-51.38690288484624 -29.433855886023995
-51.387304243557274 -29.43333936188482
-51.38797829686964 -29.43247189645461
-51.38809795800071 -29.4323178998899
-51.388682041528654 -29.43171226538048
-51.388935962072075 -29.43144897590836
-51.38956980828334 -29.43113898944491
-51.390528685885826 -29.43067004434185
-51.39103795716997 -29.430420982027524
-51.3913557349664 -29.43000814049339
-51.39154292028121 -29.4297649583913
-51.39207243089812 -29.42932822916564
-51.39282902071567 -29.428704209788854
-51.39305985852464 -29.428513819616597
-51.39351786254422 -29.42793218816947
-51.39371886239317 -29.427676933132343
-51.39445471342408 -29.427317662251973
-51.39537382264526 -29.426868917648545
-51.39538179386273 -29.426865242619208
-51.39614588907687 -29.426512966152572
-51.39636955048291 -29.426307596031492
-51.39711416355648 -29.42562387826457
-51.39790206690265 -29.424900410552947
-51.398065903739614 -29.424749972479415
-51.398569935528265 -29.42508599367185
-51.39878315256286 -29.425292180777024
-51.39911792574341 -29.42561591622865
-51.39941144872598 -29.425789559775268
-51.399418929206256 -29.425793985108896
-51.39968696384922 -29.42561591622865
-51.39974962494525 -29.4253480461228
-51.39997168310175 -29.424398769048867
-51.39997492879573 -29.42438489402201
-51.39997188742182 -29.4243744928666
-51.39967914322655 -29.42337334076849
-51.399545961608275 -29.42291787466968
-51.39971390523424 -29.42248605268735
-51.40006134376902 -29.42159270769755
-51.40022191554804 -29.42117984044209
-51.400114545840886 -29.42063362790125
-51.39993890067478 -29.419740083576553
-51.39990582465915 -29.419571818848816
-51.39989986419454 -29.419544996758063
-51.39989986419454 -29.419039847382304
-51.4001015709036 -29.41879625958556
-51.40026587397455 -29.418597841678512
-51.40099491330225 -29.418366873674845
-51.40105199302121 -29.418343810420215
-51.40201222112103 -29.41795582698982
-51.40215291981741 -29.4178989772029
-51.402889697096896 -29.41733325105583
-51.40341895975364 -29.416926862677787
-51.40374815592643 -29.416717386874353
-51.4042988733418 -29.416366951533412
-51.404736 -29.416366951533412
-51.40498581688819 -29.416366951533412
-51.40557754381261 -29.415748724774502
-51.40605888678265 -29.415245825393033
-51.40619111900991 -29.414919650938405
-51.4065707499151 -29.413983223366863
-51.4069422000061 -29.413066975237633
-51.40706788168254 -29.412756958889
-51.4075937121588 -29.412326980571788
-51.40841344833048 -29.411656671801996
-51.40880088676812 -29.41133985842779
-51.40937803570424 -29.411110260764165
-51.41039650607892 -29.410705099455075
-51.41064099395218 -29.41060783886778
-51.41136056173231 -29.410309226735105
-51.41232125375775 -29.40991055088762
-51.413282724203654 -29.40951155200484
-51.41332283049798 -29.40949490836624
-51.41439535468695 -29.409513878959245
-51.41507092300961 -29.409525828276408
-51.41544613372378 -29.409391713936852
-51.416429614333914 -29.409040181191365
-51.416922951122885 -29.408863844175578
-51.41746904207859 -29.408673116243932
-51.418345825784186 -29.40836689043865
-51.41858570081684 -29.4083141214054
-51.41963198228848 -29.40808395463416
-51.420491940015296 -29.40760173153849
-51.420810850429774 -29.40742290185592
-51.421068501877926 -29.406866577684333
-51.42136889892896 -29.40621795668195
-51.42154357235651 -29.40605182850564
-51.42198189546127 -29.40563494873721
-51.42247302730041 -29.405533099911136
-51.423375899122114 -29.40534586620359
-51.423452610718726 -29.40529571899075
-51.42427686060094 -29.404756897794236
-51.42428750324419 -29.404745892439976
-51.424963191167635 -29.404047176454046
-51.42512399163374 -29.403880895760977
-51.425989394670246 -29.40377699762503
-51.42701834452995 -29.403653464464306
-51.42771493109424 -29.4035698340141
-51.42802168060637 -29.40347916976897
-51.42860099141153 -29.403307946100263
-51.429051982586955 -29.40310612923458
-51.42959787911768 -29.402861842577053
-51.42972645791749 -29.40247257439943
-51.42981487728242 -29.402204887618232
-51.43003020888307 -29.40155513217384
-51.430102842228926 -29.401335963636697
-51.43022362562422 -29.400634873848805
-51.430242913147275 -29.40052291901088
-51.43008384324798 -29.400086873771706
-51.42993319245949 -29.39967548648708
-51.42967294371887 -29.398964816308727
-51.42982243662114 -29.398695056625225
-51.429995926394966 -29.398381994628505
-51.43065177339795 -29.398076349442366
-51.431574620419134 -29.39764627390907
-51.4318328670822 -29.397525922898783
-51.43241289479463 -29.39734282487652
-51.43261605052673 -29.397155710282608
-51.432806844252504 -29.39697998159334
-51.43290295674435 -29.39670896671807
-51.43291692658328 -29.3962749703886
-51.43291734217728 -29.39626182409901
-51.43294784649345 -29.395296895398875
-51.43294861976669 -29.395272153477357
-51.43297695019227 -29.39436568325448
-51.43299888297168 -29.393663914360044
-51.43339683908712 -29.393512611136902
-51.43441898079583 -29.39312399206805
-51.43536684381326 -29.392763613815113
-51.436078953059294 -29.39249286932855
-51.43637565908301 -29.3925494284824
-51.43749792332785 -29.39276335847038
-51.43859896989749 -29.39297324386991
-51.43971383923284 -29.393185764214028
-51.44074639751041 -29.393382594132586
-51.44167694691592 -29.393559978758393
-51.441820549283655 -29.393508235522003
-51.442793162705875 -29.3931577805329
-51.44338387496882 -29.39294493331637
-51.44374164244983 -29.392619034683936
-51.44384599724068 -29.39252397550323
-51.444363629840346 -29.39188615586578
-51.44446290532789 -29.391763830000844
-51.44496693711654 -29.3915399400489
-51.44533264743613 -29.39151689799456
-51.44538081687795 -29.39151386301623
-51.44584182156269 -29.391616867295284
-51.44631557562387 -29.39185902631798
-51.447144928138215 -29.392282949215534
-51.44727967024941 -29.39235181283907
-51.44819500758174 -29.392819620897743
-51.449102278604514 -29.39328330644936
-51.45000451117149 -29.393744416960992
-51.450917107878965 -29.394210824348733
-51.45178589489578 -29.394654841601582
-51.451864298290445 -29.394695772785568
-51.45269784598122 -29.39513093371237
-51.452752224485224 -29.39514366380265
-51.45386397549912 -29.395403926401432
-51.453974875524075 -29.395429888265504
-51.45498450791206 -29.395605151789976
-51.45607267110977 -29.39579404758958
-51.45710865409243 -29.395973885351317
-51.45813224146746 -29.39615157134187
-51.45817998330698 -29.3961598589158
-51.459173569265666 -29.39622937265425
-51.46023152610411 -29.396303389939128
-51.460711876914914 -29.396336996473455
-51.461386241129475 -29.39631463122057
-51.46155993927032 -29.396308870531072
-51.46248287996239 -29.396140859934857
-51.46249249847123 -29.396137458508665
-51.463115993062765 -29.395916969982913
-51.46357242843553 -29.395856060532832
-51.46388787322986 -29.39581396570386
-51.464624 -29.39581396570386
-51.46496094312432 -29.39581396570386
-51.46571837622369 -29.39580332114942
-51.46631285100384 -29.395794966722914
-51.46682358220912 -29.39581975006399
-51.467095907042086 -29.395832964684807
-51.467492836732255 -29.39596297731913
-51.46773061713209 -29.396214141465823
-51.46784692558304 -29.396336996473455
-51.46815184060078 -29.396690899059717
-51.46817996654317 -29.397000843219477
-51.468179649042455 -29.39701637384759
-51.46816093297963 -29.397931874818727
-51.46815798732992 -29.398075962023643
-51.46816897693654 -29.39834697689891
-51.46841596368885 -29.39859899279324
-51.468698593861 -29.39878405848998
-51.46884493087631 -29.39887987968802
-51.469488847318786 -29.399066889265185
-51.46970607500123 -29.399101236499373
-51.47019683875583 -29.399178834241155
-51.47082528737345 -29.39915997523586
-51.47082995185621 -29.39915983526021
-51.471515964080005 -29.39900095162543
-51.47190768031085 -29.398831423923006
-51.47292482771133 -29.398391220918253
-51.473114858711845 -29.39830897893702
-51.473784852186995 -29.398120851772745
-51.47394137104408 -29.398118603060514
-51.47447198199791 -29.39811097975323
-51.47492795754063 -29.398196847696532
-51.47494863992604 -29.398245662728595
-51.47496746606276 -29.39829009660064
-51.47506188172985 -29.398512938585423
-51.475002835877305 -29.398907819365885
-51.47506188172985 -29.398512938585423
-51.475002835877305 -29.398907819365885
-51.47493196914767 -29.399195382627187
-51.47491691069514 -29.39925648686808
-51.47487394083009 -29.39943085013548
-51.474906909649974 -29.39974898993408
-51.47506784219446 -29.399869875606967
-51.475923100288355 -29.399606460757873
-51.47694555719799 -29.399291549581378
-51.47767498666812 -29.399066889265185
-51.4779245369959 -29.3989983692899
-51.47892970788271 -29.39872237572605
-51.479444872128475 -29.398580925134887
-51.47997437980554 -29.398500741784694
-51.48111442970156 -29.398328104023214
-51.48130099806117 -29.398299851975587
-51.48168693814472 -29.39820690598056
-51.48182682279855 -29.3980569630427
-51.481901887399744 -29.397841827523152
-51.481901887399744 -29.397693
-51.481901887399744 -29.397626878268127
-51.48181583319193 -29.397421987297133
-51.4818048435853 -29.39706584953664
-51.48194490493557 -29.396769087180825
-51.4820039603562 -29.396643960400908
-51.48220289086259 -29.39633997670576
-51.48239194934946 -29.396195994232507
-51.48258696830094 -29.39612595877333
-51.48265535800481 -29.39612289728478
-51.48310292101881 -29.396102861972963
-51.48383674780181 -29.396114783663155
-51.48500222006268 -29.396133717830647
-51.48544184458498 -29.396140859934857
-51.48618170513345 -29.396356039182756
-51.48624687983647 -29.396374994435348
-51.48676190123175 -29.39647688112729
-51.48726363865318 -29.39634922163131
-51.48823190081638 -29.396102861972963
-51.48828507150884 -29.396106255247304
-51.489354647172384 -29.396174513971935
-51.48998893402492 -29.39621499321345
-51.49049972170193 -29.396155919662515
-51.49163316583878 -29.39602483472651
-51.49271121483981 -29.395900156341657
-51.49388226243797 -29.39576472249496
-51.49427786084141 -29.395718970799123
-51.49491097546772 -29.39614857010499
-51.49576183026497 -29.396725916789308
-51.49577077010765 -29.39673372244261
-51.49617291605859 -29.397084848517583
-51.49631655054437 -29.397518642257666
-51.49638581640391 -29.39772783363747
-51.496481928895754 -29.3980198964034
-51.49690137763009 -29.398351360921097
-51.496981862864985 -29.39841496344838
-51.49788318288054 -29.398702564974744
-51.49899564589553 -29.399057539962108
-51.49983692541354 -29.39932598321123
-51.50003731473363 -29.39942144645678
-51.50104391949722 -29.399900981781652
-51.50111612588794 -29.39994621239692
-51.50195382167296 -29.400470951210057
-51.50210405390109 -29.400536565615425
-51.5028579496486 -29.40086583199052
-51.50307659346009 -29.400849610586985
-51.50332994393997 -29.40083081426093
-51.50403762416367 -29.40052310714932
-51.50447286302908 -29.40033386052401
-51.50489586975193 -29.400266991561654
-51.505049755169 -29.40028499696599
-51.505390960843656 -29.400324919827096
-51.50612713431254 -29.400646515619066
-51.50712131770697 -29.40108082249048
-51.507782969797766 -29.40136986377917
-51.50819810582891 -29.40146853665766
-51.50935953268517 -29.401744593955673
-51.50950386768961 -29.40177890066308
-51.51027388521151 -29.4020728260742
-51.51034689874545 -29.402167443063657
-51.51098509534547 -29.402994471118795
-51.51129182080832 -29.403391951398373
-51.51147132193016 -29.403920812805698
-51.51170793574396 -29.404617944463
-51.511751603433936 -29.404800338759937
-51.5119269828184 -29.40553287578075
-51.51209907095415 -29.405736248259103
-51.51258784933212 -29.40631388290928
-51.51286519525921 -29.40637497354302
-51.51389095590765 -29.406600916533193
-51.51393714367607 -29.406616213243844
-51.51484481650989 -29.40691682115756
-51.51490287301345 -29.406980409834237
-51.51561587005661 -29.407761347983634
-51.51631253670678 -29.408524399625637
-51.51639882139263 -29.408618906332975
-51.51678261052525 -29.409433593981813
-51.51700883769264 -29.409913817269665
-51.51764996016733 -29.409850859862217
-51.51780583890279 -29.409791697803477
-51.51823985989928 -29.40962696991027
-51.51856284257538 -29.40933993628636
-51.518715184783694 -29.40920489258769
-51.51880889800509 -29.40912182053451
-51.519403555672994 -29.408488714554174
-51.5195809644367 -29.40829983521178
-51.52016382471097 -29.40790118722973
-51.52037482381705 -29.40775687413864
-51.52119084867517 -29.40762686150432
-51.52216687475518 -29.408011870265273
-51.522168348974326 -29.408012721203825
-51.522833887998026 -29.408396879026224
-51.52319675393911 -29.408424296900147
-51.52395799437071 -29.40848181564693
-51.52419585416159 -29.40849988330528
-51.52433325331765 -29.408574866627436
-51.525324746548065 -29.40911595769704
-51.52621371417863 -29.40960109711232
-51.52704886780043 -29.410056868420323
-51.52716241207285 -29.410129786486348
-51.528017912100054 -29.41067918810866
-51.52893432282052 -29.41126770654293
-51.52917284211158 -29.41142088349359
-51.52960981867335 -29.41193683621146
-51.52964092484804 -29.41197390285076
-51.529678560596885 -29.41201835027811
-51.5297839759987 -29.412142844769573
-51.53009988062307 -29.412451857606737
-51.53050002645748 -29.412696855513182
-51.530527916487934 -29.412713931785092
-51.53135493095267 -29.413095960313736
-51.53141774487262 -29.413115828306136
-51.5322588726638 -29.413381876350535
-51.53242013035074 -29.413464473228107
-51.53275489507813 -29.413635941154567
-51.53300299941755 -29.41395389468865
-51.53311574681282 -29.414189358722563
-51.53335690200382 -29.414692992300385
-51.53399510753757 -29.41480364765519
-51.534123939293416 -29.41482598516701
-51.53488091829898 -29.41508489284854
-51.53511229019923 -29.415135015409884
-51.53532888446738 -29.415181936662982
-51.536236429618725 -29.415379258136383
-51.536846940297934 -29.415511997390805
-51.537229335626606 -29.415812245763465
-51.53798799674186 -29.41640792972761
-51.538088638367256 -29.416461798399027
-51.53888094884636 -29.416885884483587
-51.53894232424057 -29.416985988341683
-51.539479485720385 -29.417862103880275
-51.53950083716588 -29.41789692829319
-51.53981283023535 -29.4187148157965
-51.53986856448113 -29.41878069813376
-51.54039490685749 -29.419402876930004
-51.54057666091861 -29.419561517284137
-51.54122098999965 -29.420123906883383
-51.54142896763086 -29.42015694255857
-51.54208991398118 -29.420261928892028
-51.54251409954961 -29.420176582452815
-51.543237862212315 -29.42003096088836
-51.54356966454751 -29.419803789403183
-51.54382794820878 -29.419626953146462
-51.54438269228796 -29.41915499740046
-51.54465794290583 -29.418920824354608
-51.545122859145465 -29.418835887733906
-51.545484218706235 -29.41886549531115
-51.54585487870548 -29.41889586490905
-51.54592584548725 -29.418943921154973
-51.54622684895009 -29.419149929713083
-51.546289992622064 -29.41919388813959
-51.5463724852932 -29.419401268002364
-51.546550949213305 -29.41984991177581
-51.54650893777577 -29.42028484413877
-51.54645483672145 -29.42084493683677
-51.54645752641199 -29.421282011548954
-51.54645893454087 -29.421510832492505
-51.54627788542832 -29.421828972291102
-51.54619086498882 -29.422259123325667
-51.54616985200725 -29.422362992667324
-51.54639868875989 -29.42316119508756
-51.546427828366184 -29.423262836559033
-51.54614582388429 -29.424121888521057
-51.54614811223678 -29.424171314274048
-51.54617786138157 -29.424813861209465
-51.546366652121336 -29.42499915784646
-51.54649991273507 -29.425129952098352
-51.546606828569026 -29.425235936609713
-51.547181191863594 -29.425606303178583
-51.54718685628146 -29.42560995576404
-51.54804497692089 -29.42563584653219
-51.54820340365293 -29.425605077940833
-51.54855999831617 -29.425535822485443
-51.54886584465651 -29.425476962897413
-51.549111900086224 -29.425359988779427
-51.54923991952471 -29.425300407188807
-51.549803872774625 -29.425037937425923
-51.55022313626264 -29.424970242999784
-51.5512528244686 -29.424803989189954
-51.5513413781604 -29.42481554312107
-51.55239986906965 -29.42495364838586
-51.55291598035952 -29.42502098735469
-51.55339041039962 -29.425380632080447
-51.55365582302934 -29.425581829821656
-51.55417052574661 -29.425980717550175
-51.554352824859755 -29.42612199692701
-51.554943842178815 -29.426168935585817
-51.55525664907274 -29.426200413785484
-51.55588783076155 -29.426263930490553
-51.556362303105125 -29.426473417332694
-51.55706781648996 -29.426784912350435
-51.55730026494922 -29.426902951533332
-51.55771191919696 -29.42711199284595
-51.557987963214245 -29.42711888463316
-51.558443138765654 -29.42712981234326
-51.558569853571875 -29.42713285447209
-51.55926685540229 -29.426758835317763
-51.55939049922123 -29.426631837688184
-51.56014771880925 -29.425854078690005
-51.560296898192846 -29.425700852849353
-51.56061031906483 -29.424992976382523
-51.561015879236514 -29.42407699877196
-51.56118093936434 -29.42379917141926
-51.561466825637225 -29.42331797085668
-51.56187149369275 -29.423042329694866
-51.56278980201091 -29.422416820544193
-51.56289398438246 -29.422345856331567
-51.56344793506223 -29.422127926844237
-51.56377373432494 -29.421999216749647
-51.564480958085085 -29.42171982128292
-51.56476262580067 -29.42164037306035
-51.565639895922835 -29.42139292705192
-51.56577195746687 -29.421363869786944
-51.56578188924001 -29.42136162775019
-51.56634788735988 -29.42123385715262
-51.56696426909899 -29.42122677892728
-51.56774282234332 -29.42121783840398
-51.56811068360667 -29.421211674361267
-51.5689878143889 -29.421196976777843
-51.569271108653446 -29.4211246582183
-51.569931989236146 -29.420955950490143
-51.57025933903553 -29.420825945212066
-51.57101493115012 -29.420525865715575
-51.57134098105242 -29.42049617349802
-51.57155286308124 -29.420476878147056
-51.57186299350551 -29.420448938469193
-51.57243278508287 -29.420347299184503
-51.5725918465687 -29.42031892583487
-51.57330095559286 -29.419871890989064
-51.57332221636321 -29.419861484214664
-51.57385881782753 -29.419598827204084
-51.57432902861669 -29.419480977656544
-51.57444890382399 -29.419450933175927
-51.575481128414104 -29.419559680463628
-51.57576784288364 -29.419589886507165
-51.57615490055431 -29.41955188854527
-51.57647344424463 -29.419353750217983
-51.577183825757736 -29.418911883657692
-51.57733733998794 -29.41884015910275
-51.57785996596202 -29.41859597903332
-51.57833765118227 -29.418456800775807
-51.57917499346677 -29.41821283291756
-51.579378953115175 -29.418141866135787
-51.57940907113115 -29.418131319901196
-51.580516614964054 -29.417743498303263
-51.58156939299084 -29.41737485370023
-51.58245194515106 -29.417065816009025
-51.58266792402366 -29.416996824382153
-51.582795975717815 -29.416955919942765
-51.58313385955544 -29.416922951122885
-51.58340692334041 -29.416936920961817
-51.58367847023406 -29.417123813383277
-51.583685947590006 -29.41712895968099
-51.58388487809639 -29.41743592360845
-51.584199117718065 -29.41789973478692
-51.58464092577936 -29.418551834342296
-51.58481191660788 -29.41864887815674
-51.58488639332485 -29.418690089504647
-51.58491492088694 -29.418705875099583
-51.58594683851128 -29.418980048833347
-51.58619083284268 -29.41904487652432
-51.586316933922106 -29.419071884879585
-51.586977790171986 -29.419216943837803
-51.58802088174271 -29.41944590403391
-51.588088457606666 -29.41944815360628
-51.58924476140002 -29.419486646478056
-51.589581964677166 -29.419497871834736
-51.590281914857066 -29.41950888515427
-51.591361914998295 -29.419525878344636
-51.59253220589322 -29.419544292208855
-51.593464834842045 -29.419558966597
-51.59369044874522 -29.41954735213063
-51.594553923485144 -29.419502900976752
-51.5948642320179 -29.419450554914633
-51.59541297544717 -29.419357987180906
-51.5959266225364 -29.41922588642471
-51.59622993162788 -29.419147880803372
-51.59641582361793 -29.419100942144564
-51.59698588932769 -29.418860997889748
-51.59708581709309 -29.418818937662667
-51.5971279128744 -29.41877293032645
-51.59740786844659 -29.418463917489287
-51.5975855345492 -29.418056878167096
-51.59770291144482 -29.417787963549525
-51.59810634926103 -29.417182442053218
-51.59821793284009 -29.41701496579531
-51.59879141152453 -29.41641821735494
-51.59905798582117 -29.416140826407243
-51.59918390063608 -29.416009882450325
-51.599647618253634 -29.415773944492905
-51.59997794628094 -29.415605874708422
-51.60025399029823 -29.415535839249248
-51.60058944884336 -29.415451525920844
-51.601692397362285 -29.415174313543822
-51.6017858297032 -29.415150830488297
-51.60221498315517 -29.415065893867595
-51.60271058632251 -29.415157516807085
-51.602874918346295 -29.415187897127595
-51.60359648055223 -29.41566513589885
-51.60400591650618 -29.41593593543625
-51.60454245645457 -29.416209901458572
-51.605084946865254 -29.416486905883705
-51.60541559630443 -29.41672010720271
-51.60588886452963 -29.417053895079803
-51.60640637157506 -29.417170030157184
-51.60706996784515 -29.417318949490465
-51.60744974845672 -29.41740758419833
-51.60805083680267 -29.41754786858442
-51.608415538152435 -29.417783243214416
-51.608549839449296 -29.41786991993792
-51.60884488244753 -29.418248968234263
-51.60907376395717 -29.418518624359635
-51.60923696926021 -29.418710904241596
-51.60996855672661 -29.41900313799189
-51.61025583617961 -29.4191178922158
-51.61091595763525 -29.419346997574277
-51.61097315471225 -29.419375003530448
-51.6117429721 -29.41975193663877
-51.611854377874366 -29.41989712778448
-51.612056827814655 -29.420160973522684
-51.61253788232242 -29.42061688371033
-51.612651942953136 -29.42072498248648
-51.613212971684625 -29.421166988190272
-51.61331601003234 -29.42121488052242
-51.614064945594926 -29.42156298655785
-51.61425866534259 -29.421622473421905
-51.61497298512547 -29.42184182454292
-51.6152596906148 -29.42189609534067
-51.61596093213471 -29.422028834120084
-51.61635092309626 -29.422096583712708
-51.61676186956678 -29.42216797371584
-51.61744383860488 -29.422030409145925
-51.617629862225726 -29.4219928850679
-51.6185555643892 -29.42166633957188
-51.61897897613746 -29.421516979221636
-51.619566826959705 -29.421214858171677
-51.61960694145851 -29.42118838115167
-51.62008184835498 -29.420874925424343
-51.62033982471391 -29.42060689078138
-51.62038733031147 -29.420557262292167
-51.62071496145535 -29.42021499023322
-51.62111111988601 -29.419888796265912
-51.62119589644363 -29.419818991865643
-51.62170383978718 -29.41960981681071
-51.62216 -29.41960981681071
-51.62231795390661 -29.41960981681071
-51.622958890116784 -29.4197258596061
-51.62322599343715 -29.41979496374268
-51.62326843566713 -29.419830890718053
-51.62331093005786 -29.419866861847048
-51.62354990743584 -29.420070821495447
-51.62354897611325 -29.420095967205523
-51.6235348200098 -29.42054691360623
-51.62344684080771 -29.420683459938424
-51.622880277571426 -29.421562782892412
-51.62263087829867 -29.42194985796399
-51.62229386743425 -29.4223461729247
-51.622016950443765 -29.42267181923997
-51.621800268579214 -29.423229625680776
-51.621739975103885 -29.423384839819033
-51.62167794901903 -29.424061911345913
-51.62166400711762 -29.424173048974456
-51.62157997388199 -29.424842918474443
-51.62151108196126 -29.42515717993797
-51.621413825930965 -29.425600828802605
-51.62121606008552 -29.426016299625328
-51.621073893183635 -29.426314966968786
-51.62068558630493 -29.42688324281668
-51.62042885915403 -29.427258955551512
-51.62026997551926 -29.4277018925779
-51.62026546807432 -29.427732201775683
-51.620157844278765 -29.42845589135116
-51.620144574632235 -29.428656977533183
-51.620094886871314 -29.429409938217923
-51.62009849755863 -29.429592277927192
-51.620116866084565 -29.43051988848716
-51.6201287905308 -29.43056459075902
-51.62019397959547 -29.43080897102078
-51.620315982855466 -29.43123290906622
-51.620298220516446 -29.43154529223816
-51.620284876680785 -29.43177996795878
-51.61980183830425 -29.43231460127901
-51.61975998326599 -29.43236092699381
-51.61956086649509 -29.43253396673204
-51.61917194617924 -29.432872968156776
-51.61905544293776 -29.43303929464119
-51.61850381534928 -29.433826828759017
-51.618445731514576 -29.433936062190888
-51.61808099489095 -29.434621991991
-51.61794291148305 -29.434764945350103
-51.61757398287 -29.435146885405786
-51.61707500752362 -29.43525834962582
-51.61636493987661 -29.43541696895846
-51.61603845298264 -29.435463926937516
-51.6153509158347 -29.435562814076903
-51.61496681678496 -29.43566439967633
-51.61410294355682 -29.435892874804725
-51.613914816392544 -29.435998859316086
-51.613913121876905 -29.436007649616
-51.61373898268653 -29.43691099666605
-51.613708585528755 -29.43702409197365
-51.61354899287706 -29.437617870515982
-51.61356675928537 -29.437994797060895
-51.613567991858005 -29.43802094693529
-51.613704896279536 -29.438663932055174
-51.6137754516268 -29.438898546895015
-51.61402787895563 -29.439737933272227
-51.614056936686815 -29.439841764432412
-51.614307509360074 -29.440737128602866
-51.61438885959362 -29.4410278150669
-51.6146619233786 -29.44145398828657
-51.61478283671211 -29.441544520618347
-51.61495696637683 -29.441674898006205
-51.615424862848776 -29.44213497136835
-51.615475340103075 -29.442219132988303
-51.61571096515009 -29.44261199480173
-51.615872930009765 -29.44308681348846
-51.61589890604985 -29.443162965249183
-51.616163911654574 -29.44408589024951
-51.61623194700998 -29.44432283440954
-51.6164068493934 -29.44474490980979
-51.61658097882528 -29.445010070657347
-51.61696694680229 -29.445597815042685
-51.61707698580437 -29.445869461802765
-51.617426953599754 -29.446733406549217
-51.617765835324654 -29.447569983770773
-51.61782068039335 -29.44764003384268
-51.61843117011658 -29.44841977302492
-51.61847196411651 -29.44847187657219
-51.61908682329402 -29.448831925887585
-51.61939999946608 -29.44897222640923
-51.62040129917472 -29.449420800994343
-51.62044599548979 -29.449440824600476
-51.62131003442818 -29.44986596060317
-51.62142798203441 -29.449923994762987
-51.622396093386286 -29.450253013223165
-51.6224369769343 -29.450266907742623
-51.62317383937181 -29.45058597886382
-51.62337492444743 -29.45064673718551
-51.62384886198898 -29.45078993851222
-51.624574186180425 -29.450821972280856
-51.624662837937386 -29.4508258875644
-51.625275834469704 -29.45073797071139
-51.62563048371752 -29.450744444815857
-51.625877841395386 -29.45074896031802
-51.6266869744663 -29.450674827039425
-51.62679520596518 -29.45063713402684
-51.6271319604024 -29.450519854959545
-51.627871619214545 -29.45046996046543
-51.628912376896146 -29.450399755017777
-51.6299318886533 -29.450330982737192
-51.629949427586126 -29.450327688858295
-51.63104351158424 -29.45012221568441
-51.63211225121986 -29.44992150227906
-51.63211584013959 -29.44992082826616
-51.63264688028351 -29.44978485516723
-51.63309057179706 -29.449547393316372
-51.63332693204269 -29.449420894296935
-51.63389187232908 -29.4490448262329
-51.6339959135532 -29.448896014471845
-51.63407497035134 -29.448782938319063
-51.634473948951225 -29.448584939135273
-51.634849830750746 -29.448661866381656
-51.63499798254711 -29.448746042215664
-51.63591112020861 -29.44926486227795
-51.63627196035397 -29.449469881865458
-51.63684237500922 -29.44976789888879
-51.637743249831686 -29.450238567078188
-51.63821283664285 -29.45048390590736
-51.638771105605315 -29.4505803719934
-51.63898788330677 -29.450617830096583
-51.639748960131755 -29.450733872891973
-51.63988703154278 -29.45073372759188
-51.64096498139322 -29.450732593206354
-51.64205393261545 -29.45073144724348
-51.64258092587995 -29.45073089265967
-51.643130108257544 -29.45058395022004
-51.64403099516103 -29.450342903666417
-51.64418277578931 -29.450337803994216
-51.64489582132315 -29.450313846401436
-51.64530566964349 -29.45048158130669
-51.646269341234834 -29.450875974439583
-51.64633993013963 -29.450904863720496
-51.6468968610517 -29.451110872278605
-51.64735693441384 -29.451085912833047
-51.64761324283289 -29.450869236519388
-51.64781589018887 -29.45069792383979
-51.64837539590598 -29.450064474112978
-51.648693941131846 -29.449703830101427
-51.64903189581341 -29.449381584233457
-51.64927899798629 -29.44914596786676
-51.64979383311705 -29.44893884172154
-51.65056087040665 -29.44873283316343
-51.65085729493468 -29.448576560654537
-51.651019826181674 -29.448490875553137
-51.65157787468086 -29.448296974188768
-51.65181793718099 -29.448207229360072
-51.65225997534975 -29.448041978062136
-51.65286522783514 -29.44775452451165
-51.65287297188207 -29.447750846618806
-51.65289923473835 -29.447733378120382
-51.65340196311627 -29.44739899294225
-51.65376955288414 -29.447221200266306
-51.65415484430242 -29.447034845807437
-51.65471754337414 -29.44679774151422
-51.654989868141485 -29.44668299213088
-51.65546391134256 -29.44662282869122
-51.65568710659536 -29.44666498995664
-51.65610484755273 -29.446743900628626
-51.65655095107595 -29.446816916320103
-51.65677157532412 -29.44682976279531
-51.657580993866496 -29.44687689349525
-51.657953011403414 -29.4469635428562
-51.65820796023774 -29.447022924878215
-51.65892564011281 -29.447352792330527
-51.65897387994023 -29.44737496481929
-51.65989825627556 -29.44774756781656
-51.66032597408427 -29.447919974802137
-51.66084781005682 -29.44810945681651
-51.66181336704174 -29.44846005679835
-51.66249893596393 -29.448708991304983
-51.66285784217523 -29.448765270494928
-51.664047482772965 -29.448951815076917
-51.664085909666554 -29.448957840702487
-51.66514763786948 -29.449205879353418
-51.6654389351332 -29.449273931591375
-51.666081920253085 -29.449312860875864
-51.66619859676535 -29.449337595948695
-51.66658185422231 -29.449418845387225
-51.66688285768515 -29.449561896537883
-51.66716128818083 -29.449747808357543
-51.667475923913926 -29.44995789490546
-51.66783094408731 -29.450192960728547
-51.66809484312914 -29.450361095095666
-51.66837092492813 -29.4505369912953
-51.668615862770736 -29.450659925877897
-51.66910499339785 -29.45071897173045
-51.66837473935455 -29.451296591417375
-51.66831988844991 -29.451339977637083
-51.667797975267426 -29.451652902029146
-51.66768286379463 -29.451767827237425
-51.66759812484876 -29.451953697475215
-51.667449846881254 -29.452278937077796
-51.667412966506475 -29.4523599621436
-51.66726190598149 -29.452690954194015
-51.66727621892554 -29.45289100255151
-51.667277924730136 -29.45291484414596
-51.66730092465255 -29.452933320365933
-51.667760908628125 -29.453302833139215
-51.667973995237965 -29.453708889790825
-51.66797826581164 -29.45372843006847
-51.66808985176883 -29.454238998612144
-51.668183826507295 -29.45466899403587
-51.66829790923665 -29.455190996569193
-51.668414184576434 -29.455566080744457
-51.66858494286056 -29.456116917493578
-51.66860298587138 -29.456529960927355
-51.66860394184151 -29.45655184514564
-51.66874289517275 -29.45731981375783
-51.66885232122827 -29.4574587794579
-51.66893195365962 -29.457559908722935
-51.66878011443912 -29.45844894307394
-51.66867099706838 -29.459087836573
-51.66860055884673 -29.45943401708547
-51.66840687398032 -29.460385914006515
-51.6684006655467 -29.460407381120586
-51.66811868031901 -29.4613824111229
-51.668082959981625 -29.46150592255978
-51.66769292207866 -29.462169955570324
-51.66765165920781 -29.462212227777563
-51.66692383587935 -29.46295785448606
-51.666914557664526 -29.462967842816013
-51.6667388752119 -29.463156971256964
-51.66634445135426 -29.463719465761844
-51.66619684546136 -29.463929969011172
-51.66570082304703 -29.464498820852462
-51.66570043244625 -29.464499197819706
-51.665273904769286 -29.46491083796868
-51.66498798873248 -29.465131933952836
-51.66495790838132 -29.46516639977601
-51.664706915573184 -29.465453985306336
-51.664478927801824 -29.46588798163581
-51.66443952366897 -29.46594366069997
-51.66389395999635 -29.46671455635317
-51.66378397488111 -29.466869968180433
-51.663557849754945 -29.4671419143783
-51.66320768626956 -29.46744405134675
-51.66319388888465 -29.46745595635748
-51.66272189459328 -29.467751930678308
-51.66242890050476 -29.467953841416996
-51.66231303387614 -29.468073316348928
-51.66210591782866 -29.46828688237712
-51.66202098120796 -29.468406836727414
-51.66171363826912 -29.468918407547427
-51.661391965927 -29.4694538295892
-51.661157831426515 -29.469945940448625
-51.66093487279717 -29.470443825508145
-51.66085339816087 -29.4706165300587
-51.66085086749906 -29.47062189438839
-51.66071191416782 -29.470934818780457
-51.66059195981753 -29.47119894186852
-51.66045691804119 -29.471407930658938
-51.66035316153374 -29.471533943479287
-51.66015386566863 -29.47177598934865
-51.65986292048982 -29.47200881999751
-51.659751227181495 -29.472319768652177
-51.65968187137727 -29.472512851786156
-51.65933486057821 -29.473014834665097
-51.65924774884374 -29.47321782144258
-51.659176908266026 -29.47338289335481
-51.65898393822425 -29.47388394491115
-51.658896390103955 -29.47418108711168
-51.65871497225869 -29.474796827319192
-51.658573438895885 -29.47509078122656
-51.65845587831264 -29.475334945514835
-51.65845587831264 -29.475742864811632
-51.65860912023317 -29.475994657139676
-51.658671945154786 -29.476097884985013
-51.65881592762804 -29.47678687744111
-51.658805896180304 -29.476943881262688
-51.65879189950507 -29.47716294550515
-51.65885020783841 -29.477851526842933
-51.65887590480318 -29.4781549903338
-51.65901988727643 -29.4786038878248
-51.658960290466176 -29.478866437497164
-51.65882784855726 -29.479449901270492
-51.658718904574975 -29.47977765581987
-51.658563911733715 -29.48024394691536
-51.65849182736483 -29.480588908804705
-51.65850486499306 -29.480704125054203
-51.65861475846635 -29.48167527667862
-51.6586359961026 -29.481862958115254
-51.65855199080449 -29.482248898198804
-51.6582923466913 -29.48261735104237
-51.65813196431395 -29.48284494465988
-51.65800039090293 -29.48353208807553
-51.6579879818407 -29.483596894523433
-51.65772061980293 -29.484435007371086
-51.657531820033455 -29.48502684723646
-51.65751989910424 -29.485267873524155
-51.65741771988633 -29.48538637762358
-51.65723193415773 -29.48560184580688
-51.65720790603476 -29.48602988167174
-51.657312812145314 -29.486366374889567
-51.657591983473125 -29.487261835200975
-51.65767623721096 -29.48735113295416
-51.65775999406934 -29.487439904081224
-51.65775999406934 -29.487742956453776
-51.65757987627938 -29.48789885985625
-51.657183877911805 -29.48789885985625
-51.65699183919263 -29.48781597214526
-51.65682131500222 -29.487833256344754
-51.65569454032818 -29.487947465350548
-51.65555294578268 -29.487961817263702
-51.654772869976746 -29.488118838253293
-51.65458909905792 -29.488232027151714
-51.65440089973213 -29.48834794361177
-51.65423288913592 -29.488901894291537
-51.654148883837806 -29.489057983958528
-51.65346492052373 -29.489569838856976
-51.65336459881456 -29.489741509098764
-51.65312889933129 -29.4901448374274
-51.65258872172644 -29.490309196771072
-51.65240898696502 -29.490363884501843
-51.651587682946634 -29.490847190328044
-51.651149838816 -29.49110484475877
-51.65074171859329 -29.49150734645469
-51.65051393174784 -29.49173199739453
-51.650369949274584 -29.492222990666843
-51.65036276409306 -29.49239035012568
-51.65035784208085 -29.492504995148742
-51.64992252230227 -29.493293846280636
-51.64989981762841 -29.49333498984579
-51.64947085044096 -29.493745889374896
-51.64911860263489 -29.493929706280344
-51.64882693399847 -29.494081910567328
-51.64818283129147 -29.49426892014449
-51.648172444362736 -29.494292072380187
-51.64803884881822 -29.49458985391087
-51.64785843327959 -29.495162075041513
-51.64780992972426 -29.495315913006273
-51.64758010805734 -29.496101137034916
-51.64751488672603 -29.496323976583568
-51.64715297476544 -29.496999930523337
-51.647141804613845 -29.497013548833916
-51.646847873483175 -29.49737190076795
-51.64643071355648 -29.497823106817293
-51.64623394562827 -29.498035933778493
-51.64617832833864 -29.498163995747927
