27.494552 53.844403
27.494858 53.844776
27.494946 53.844883
27.495064 53.845028
27.495278 53.845288
27.495442 53.845489
27.494200 53.845861
27.494115 53.845901
27.494733 53.846397
27.494772 53.846431
27.495335 53.846920
27.495450 53.847020
27.495622 53.846976
27.496443 53.846765
27.496538 53.846741
27.496699 53.846700
27.497327 53.846536
27.497360 53.846530
27.497796 53.846524
27.498988 53.846177
27.499537 53.846018
27.500026 53.845875
27.500492 53.845740
27.500873 53.845629
27.501045 53.845579
27.501120 53.845557
27.503705 53.844805
27.504191 53.844664
27.504325 53.844627
27.504739 53.844526
27.504911 53.844447
27.505037 53.844361
27.505117 53.844279
27.505190 53.844172
27.505205 53.844112
27.505230 53.844074
27.505317 53.843970
27.505433 53.843886
27.505575 53.843823
27.505806 53.843770
27.506149 53.843773
27.506444 53.843859
27.506605 53.843964
27.506695 53.844075
27.506729 53.844176
27.506707 53.844326
27.506641 53.844409
27.506590 53.844474
27.506530 53.844632
27.506506 53.844779
27.506520 53.844916
27.506592 53.845147
27.506890 53.845566
27.507191 53.846050
27.507805 53.846986
27.507857 53.847066
27.508052 53.847362
27.508460 53.847980
27.508540 53.848109
27.508553 53.848129
27.509010 53.848860
27.509427 53.849510
27.509816 53.850077
27.509850 53.850130
27.510021 53.850384
27.511251 53.852306
27.511655 53.852871
27.511937 53.853219
27.512257 53.853606
27.513873 53.855254
27.514725 53.856168
27.514742 53.856186
27.514966 53.856429
27.516014 53.857543
27.517640 53.859230
27.518849 53.860501
27.519051 53.860711
27.519382 53.861057
27.520320 53.862020
27.520376 53.862078
27.520551 53.862260
27.521100 53.862830
27.521700 53.863410
27.522480 53.864187
27.522499 53.864207
27.523166 53.864833
27.523370 53.865027
27.524320 53.865980
27.525411 53.867006
27.525871 53.867406
27.525976 53.867499
27.526028 53.867633
27.526021 53.867794
27.525844 53.868057
27.523925 53.869277
27.523798 53.869382
27.523691 53.869498
27.523622 53.869626
27.523570 53.869820
27.523567 53.869926
27.523583 53.870098
27.523627 53.870214
27.523672 53.870304
27.523748 53.870413
27.523883 53.870609
27.526302 53.872418
27.526891 53.872732
27.528047 53.873612
27.528225 53.873753
27.528078 53.873810
27.527753 53.873934
27.527274 53.874117
27.527139 53.874167
27.521268 53.876417
27.519534 53.877044
27.516891 53.878003
27.515348 53.878551
27.513530 53.879224
27.512468 53.879604
27.512166 53.879714
27.510985 53.880133
27.510285 53.880415
27.509123 53.880945
27.508339 53.881353
27.507279 53.881912
27.506801 53.882245
27.506201 53.882698
27.503742 53.884732
27.502883 53.885611
27.502710 53.885858
27.502366 53.886324
27.502225 53.886625
27.502127 53.886830
27.501510 53.888382
27.501278 53.888977
27.500957 53.889683
27.500815 53.889963
27.500455 53.890670
27.500297 53.891003
27.499519 53.892710
27.499194 53.893264
27.498905 53.893688
27.498507 53.894245
27.498250 53.894603
27.498070 53.894871
27.497920 53.895144
27.497726 53.895567
27.497598 53.896028
27.497490 53.896633
27.497265 53.898318
27.497148 53.899256
27.497000 53.900169
27.496962 53.900510
27.496832 53.901473
27.496654 53.902785
27.496628 53.902969
27.496592 53.903180
27.496272 53.905687
27.496266 53.905749
27.496033 53.907438
27.495802 53.909166
27.495980 53.909213
27.496141 53.909289
27.496269 53.909396
27.496316 53.909509
27.496294 53.909663
27.495719 53.909621
27.495486 53.909606
27.494928 53.909571
27.493647 53.909477
27.493024 53.909440
27.492152 53.909377
27.489574 53.909191
27.489141 53.909166
27.488800 53.909147
27.487690 53.909082
27.487405 53.909061
27.486724 53.909013
27.486204 53.908976
27.482312 53.908715
27.480948 53.908608
27.478213 53.908414
27.474070 53.908127
27.473139 53.908064
27.472161 53.907998
27.470831 53.907901
27.470058 53.907848
27.468719 53.907749
27.468250 53.907721
27.467406 53.907663
27.465574 53.907459
27.463622 53.907241
27.462480 53.907113
27.462034 53.907070
27.461222 53.906983
27.459893 53.906803
27.458655 53.906667
27.457428 53.906543
27.456310 53.906481
27.455359 53.906433
27.454076 53.906367
27.454069 53.906621
27.454019 53.907095
27.453892 53.907487
27.453807 53.907729
27.453674 53.907843
27.453220 53.908539
27.453184 53.908593
27.452655 53.909435
27.451995 53.910387
27.451465 53.911273
27.451173 53.911804
27.451020 53.912052
27.450754 53.912527
27.450518 53.912482
27.450273 53.912435
27.450154 53.912425
27.450024 53.912427
27.449486 53.912451
27.449368 53.912455
27.449415 53.912846
27.449429 53.913040
