-0.593666 45.572627
-0.593589 45.572649
-0.593523 45.572684
-0.593475 45.572723
-0.593438 45.572771
-0.593413 45.572852
-0.593430 45.572945
-0.593458 45.572981
-0.593526 45.573041
-0.593634 45.573088
-0.593717 45.573103
-0.593817 45.573102
-0.593909 45.573082
-0.594046 45.573151
-0.594173 45.573239
-0.594797 45.573818
-0.595488 45.574422
-0.595585 45.574508
-0.595963 45.574772
-0.596653 45.575171
-0.597201 45.575468
-0.598188 45.575834
-0.598735 45.576002
-0.599421 45.576160
-0.600145 45.576331
-0.600957 45.576516
-0.601204 45.576592
-0.601440 45.576707
-0.601594 45.576834
-0.601715 45.576987
-0.601777 45.577201
-0.601737 45.577407
-0.601624 45.577608
-0.601445 45.577752
-0.601125 45.577891
-0.600793 45.577931
-0.600440 45.577882
-0.600166 45.577764
-0.599926 45.577569
-0.599805 45.577330
-0.599788 45.577104
-0.600002 45.575921
-0.600190 45.574913
-0.600454 45.573180
-0.601422 45.566184
-0.601486 45.565719
-0.602359 45.559413
-0.602746 45.557006
-0.603103 45.555112
-0.603468 45.553281
-0.603881 45.551525
-0.604935 45.547064
-0.608733 45.530972
-0.611690 45.518437
-0.612022 45.516891
-0.612157 45.516236
-0.612365 45.515229
-0.612703 45.513047
-0.612971 45.510821
-0.613035 45.510018
-0.613134 45.508784
-0.613258 45.507061
-0.613471 45.499257
-0.613628 45.497141
-0.613854 45.495247
-0.614195 45.493294
-0.614685 45.491352
-0.615255 45.489419
-0.615896 45.487716
-0.619044 45.479957
-0.619593 45.478231
-0.620180 45.476106
-0.620518 45.474165
-0.620584 45.473523
-0.620631 45.473068
-0.620689 45.472504
-0.620750 45.470443
-0.620684 45.468778
-0.620412 45.466578
-0.620039 45.464725
-0.619449 45.462621
-0.618690 45.460572
-0.617741 45.458522
-0.616224 45.455802
-0.608961 45.444058
-0.608468 45.443190
-0.607966 45.442231
-0.607253 45.440749
-0.607219 45.440678
-0.606664 45.439129
-0.606540 45.438875
-0.605936 45.436540
-0.605693 45.434844
-0.605523 45.432617
-0.605384 45.430731
-0.605268 45.428554
-0.605064 45.426361
-0.604807 45.424394
-0.604439 45.422535
-0.602093 45.413878
-0.601706 45.412167
-0.601496 45.410661
-0.601408 45.409062
-0.601467 45.407573
-0.601618 45.406126
-0.601748 45.405100
-0.602096 45.403654
-0.603758 45.397581
-0.604026 45.396465
-0.604275 45.395128
-0.604473 45.393736
-0.604563 45.392388
-0.604545 45.390557
-0.604365 45.389070
-0.604045 45.387382
-0.603650 45.385922
-0.603145 45.384513
-0.602415 45.382880
-0.601869 45.381865
-0.601223 45.380805
-0.600855 45.380232
-0.600684 45.379965
-0.600632 45.379884
-0.599717 45.378665
-0.598676 45.377407
-0.597560 45.376177
-0.595481 45.373910
-0.594010 45.372265
-0.593629 45.371840
-0.592085 45.369727
-0.590316 45.366738
-0.589822 45.365804
-0.588981 45.363974
-0.585987 45.357610
-0.584811 45.355446
-0.583625 45.353601
-0.583038 45.352811
-0.582332 45.351886
-0.581575 45.350970
-0.580854 45.350152
-0.579988 45.349190
-0.577325 45.346560
-0.576497 45.345774
-0.576104 45.345402
-0.575652 45.344955
-0.574962 45.344289
-0.574159 45.343428
-0.573475 45.342570
-0.572724 45.341521
-0.572156 45.340559
-0.571629 45.339550
-0.571241 45.338527
-0.569968 45.334785
-0.569496 45.333530
-0.568979 45.332345
-0.568254 45.330939
-0.567446 45.329620
-0.566630 45.328418
-0.563730 45.324701
-0.562772 45.323444
-0.561833 45.322014
-0.561075 45.320672
-0.560320 45.319099
-0.559795 45.317666
-0.559264 45.315822
-0.559017 45.314605
-0.558098 45.307377
-0.557830 45.305839
-0.557481 45.304290
-0.557058 45.302684
-0.556557 45.301148
-0.556368 45.300653
-0.556020 45.299745
-0.555783 45.299120
-0.555515 45.298409
-0.553609 45.293797
-0.553396 45.293281
-0.552970 45.292147
-0.552446 45.290721
-0.552055 45.289329
-0.551748 45.288037
-0.551481 45.286778
-0.551310 45.285682
-0.551132 45.284523
-0.551027 45.283394
-0.550922 45.282261
-0.550829 45.281125
-0.550771 45.280131
-0.550695 45.279042
-0.550285 45.273216
-0.550147 45.272053
-0.549999 45.271026
-0.549793 45.269935
-0.549473 45.268554
-0.549060 45.267139
-0.548561 45.265653
-0.548159 45.264615
-0.547719 45.263524
-0.547245 45.262453
-0.546652 45.261234
-0.546037 45.260116
-0.545473 45.259085
-0.544063 45.256926
-0.543780 45.256501
-0.541617 45.253379
-0.541057 45.252620
-0.539432 45.250279
-0.528185 45.234416
-0.528123 45.234339
-0.527955 45.234131
-0.527171 45.233158
-0.526048 45.231917
-0.524827 45.230769
-0.523348 45.229654
-0.521401 45.228398
-0.516643 45.225831
-0.514899 45.224874
-0.513414 45.223948
-0.511857 45.222763
-0.510661 45.221684
-0.509519 45.220455
-0.508548 45.219075
-0.507805 45.217783
-0.507092 45.216325
-0.505756 45.213317
-0.505138 45.212014
-0.504228 45.210403
-0.503042 45.208583
-0.501746 45.206931
-0.498463 45.202989
-0.497460 45.201711
-0.496428 45.200080
-0.495623 45.198600
-0.494958 45.197133
-0.493329 45.192682
-0.492557 45.190582
-0.492028 45.189155
-0.491322 45.187467
-0.490553 45.185756
-0.490005 45.184580
-0.489258 45.183096
-0.487632 45.179986
-0.483769 45.172553
-0.483007 45.170999
-0.482323 45.169498
-0.481695 45.167920
-0.481137 45.166411
-0.480742 45.165180
-0.480404 45.164037
-0.480122 45.162947
-0.479849 45.161699
-0.479611 45.160524
-0.479391 45.159186
-0.479201 45.157490
-0.479085 45.155742
-0.479007 45.153418
-0.479044 45.151865
-0.479205 45.149836
-0.479362 45.148637
-0.479560 45.147278
-0.479804 45.146070
-0.480034 45.145043
-0.480608 45.142796
-0.480987 45.141514
-0.481494 45.140025
-0.482822 45.136496
-0.483463 45.134814
-0.483880 45.133685
-0.484251 45.132593
-0.484569 45.131567
-0.484870 45.130472
-0.485116 45.129434
-0.485321 45.128460
-0.485514 45.127378
-0.485690 45.126245
-0.485796 45.125217
-0.485877 45.124114
-0.485913 45.123540
-0.485941 45.123092
-0.485965 45.121941
-0.485953 45.121245
-0.485936 45.120784
-0.485901 45.119825
-0.485816 45.118730
-0.485681 45.117582
-0.485518 45.116557
-0.485353 45.115659
-0.485144 45.114577
-0.484911 45.113656
-0.484641 45.112633
-0.484368 45.111704
-0.483965 45.110605
-0.483610 45.109634
-0.483303 45.108857
-0.482961 45.108038
-0.482597 45.107235
-0.482179 45.106364
-0.481688 45.105394
-0.481374 45.104810
-0.481149 45.104420
-0.480500 45.103308
-0.479534 45.101795
-0.478537 45.100312
-0.476568 45.097577
-0.476521 45.097512
-0.475581 45.096198
-0.474843 45.095125
-0.474263 45.094255
-0.473766 45.093456
-0.473291 45.092681
-0.472869 45.091937
-0.472534 45.091333
-0.472195 45.090684
-0.471697 45.089582
-0.471259 45.088601
-0.470926 45.087743
-0.470597 45.086842
-0.470267 45.085815
-0.469741 45.084009
-0.468954 45.080988
-0.468592 45.079634
-0.468174 45.078215
-0.467816 45.077162
-0.467415 45.076058
-0.466964 45.074968
-0.466482 45.073910
-0.465837 45.072630
-0.465342 45.071725
-0.464682 45.070619
-0.464050 45.069621
-0.462216 45.066941
-0.459701 45.063325
-0.458800 45.062036
-0.457416 45.059914
-0.456460 45.058322
-0.456052 45.057615
-0.455657 45.056910
-0.454798 45.055292
-0.453525 45.052844
-0.451049 45.048081
-0.449718 45.045534
-0.448379 45.043215
-0.447559 45.041864
-0.446696 45.040547
-0.445814 45.039237
-0.440619 45.031770
-0.440406 45.031438
-0.439363 45.029811
-0.439050 45.029296
-0.438185 45.027872
-0.437715 45.027059
-0.436264 45.024364
-0.435832 45.023562
-0.435797 45.023497
-0.435750 45.023422
-0.434415 45.021260
-0.431176 45.015411
-0.430427 45.013974
-0.429847 45.012699
-0.429469 45.011884
-0.428984 45.010660
-0.428250 45.008516
-0.427715 45.006174
-0.427525 45.005157
-0.427217 45.003324
-0.427080 45.001549
-0.427032 45.000955
-0.426966 44.999975
-0.426964 44.998394
-0.426972 44.996766
-0.427069 44.993509
-0.427172 44.990228
-0.427252 44.989357
-0.427266 44.989069
-0.427326 44.988403
-0.427435 44.987558
-0.427616 44.986616
-0.427834 44.985682
-0.427952 44.985232
-0.428236 44.984304
-0.428510 44.983539
-0.428821 44.982788
-0.429190 44.981956
-0.429614 44.981096
-0.429966 44.980485
-0.430348 44.979817
-0.430573 44.979458
-0.431242 44.978466
-0.431932 44.977515
-0.432475 44.976787
-0.433207 44.975724
-0.433784 44.974743
-0.434338 44.973679
-0.435076 44.971949
-0.435455 44.971125
-0.435864 44.970332
-0.436175 44.969799
-0.436539 44.969244
-0.437279 44.968237
-0.437923 44.967448
-0.438634 44.966632
-0.442174 44.963038
-0.443660 44.961536
-0.444376 44.960882
-0.445205 44.960194
-0.445694 44.959810
-0.446244 44.959416
-0.447233 44.958765
-0.448115 44.958233
-0.449511 44.957462
-0.452806 44.955796
-0.458403 44.953061
-0.459613 44.952438
-0.460025 44.952217
-0.460729 44.951809
-0.461596 44.951238
-0.462400 44.950675
-0.462859 44.950281
-0.463203 44.949966
-0.463654 44.949493
-0.463765 44.949359
-0.464072 44.948949
-0.464575 44.948267
-0.464896 44.947748
-0.465187 44.947211
-0.465469 44.946614
-0.465720 44.945909
-0.465882 44.945283
-0.466151 44.943728
-0.466688 44.940493
-0.466839 44.939661
-0.466931 44.939084
-0.466983 44.938757
-0.467161 44.937644
-0.467298 44.936804
-0.467578 44.935127
-0.467758 44.934167
-0.467909 44.933400
-0.468088 44.932899
-0.468201 44.932579
-0.468392 44.932062
-0.468719 44.931403
-0.469207 44.930632
-0.470923 44.928071
-0.471790 44.926726
-0.473614 44.923970
-0.474452 44.922615
-0.475350 44.921012
-0.476643 44.918545
-0.477085 44.917704
-0.477516 44.916957
-0.477973 44.916346
-0.478431 44.915843
-0.478917 44.915403
-0.479498 44.914878
-0.480037 44.914475
-0.480606 44.914080
-0.481477 44.913596
-0.483657 44.912489
-0.484622 44.912005
-0.484996 44.911817
-0.487566 44.910537
-0.488278 44.910135
-0.489436 44.909366
-0.489712 44.909155
-0.490071 44.908842
-0.490445 44.908482
-0.490870 44.908028
-0.491319 44.907440
-0.491667 44.906925
-0.491998 44.906346
-0.492491 44.905235
-0.493449 44.902861
-0.494278 44.900823
-0.494679 44.899803
-0.495109 44.898704
