-100.418485 25.759762
-100.418464 25.760192
-100.418443 25.760583
-100.418367 25.761009
-100.418295 25.761416
-100.418207 25.761842
-100.418126 25.762241
-100.418049 25.762656
-100.417966 25.763272
-100.417948 25.763726
-100.417957 25.764115
-100.417961 25.764364
-100.417959 25.764553
-100.417949 25.764856
-100.417866 25.765191
-100.417772 25.765417
-100.417508 25.765818
-100.417411 25.765922
-100.417282 25.766062
-100.417067 25.766291
-100.416694 25.766609
-100.416488 25.766738
-100.416254 25.766784
-100.416120 25.766817
-100.415734 25.766912
-100.415485 25.767067
-100.415426 25.767133
-100.415225 25.767355
-100.415036 25.767639
-100.411696 25.765912
-100.411145 25.765635
-100.410943 25.765536
-100.410384 25.765221
-100.410076 25.765048
-100.409693 25.764822
-100.409335 25.764606
-100.409020 25.764395
-100.408477 25.763981
-100.407904 25.763565
-100.407432 25.763214
-100.406678 25.762674
-100.406579 25.762603
-100.405751 25.761996
-100.405356 25.761707
-100.404358 25.760897
-100.403771 25.760488
-100.402114 25.759335
-100.401912 25.759188
-100.401380 25.758799
-100.400793 25.758409
-100.398881 25.757042
-100.398117 25.756501
-100.397584 25.756122
-100.397152 25.755797
-100.396295 25.755179
-100.395369 25.754501
-100.394500 25.753866
-100.393817 25.753366
-100.393303 25.752990
-100.392581 25.752471
-100.392343 25.752299
-100.391857 25.751949
-100.391206 25.751481
-100.390915 25.751259
-100.389023 25.749889
-100.386504 25.748066
-100.385902 25.747598
-100.385481 25.747201
-100.384761 25.746343
-100.383924 25.745357
-100.382806 25.744080
-100.381463 25.742542
-100.380086 25.741012
-100.379203 25.740027
-100.378481 25.739224
-100.377640 25.738250
-100.375923 25.736381
-100.375007 25.735349
-100.374571 25.734885
-100.373487 25.733646
-100.373335 25.733473
-100.373169 25.733281
-100.372885 25.732974
-100.372564 25.732610
-100.372212 25.732223
-100.371031 25.730886
-100.369982 25.729727
-100.368787 25.728386
-100.366945 25.726353
-100.366171 25.725496
-100.365325 25.724664
-100.365156 25.724505
-100.364887 25.724302
-100.364550 25.724041
-100.363579 25.723410
-100.362943 25.722984
-100.362228 25.722502
-100.362086 25.722406
-100.361341 25.721903
-100.360686 25.721446
-100.359979 25.720875
-100.358789 25.720069
-100.358701 25.719898
-100.358647 25.719690
-100.358501 25.719572
-100.358236 25.719523
-100.357975 25.719504
-100.357682 25.719339
-100.355641 25.718000
-100.355175 25.717695
-100.354672 25.717390
-100.354216 25.717114
-100.353871 25.716890
-100.353001 25.716324
-100.351359 25.715249
-100.350816 25.714894
-100.350466 25.714665
-100.349908 25.714270
-100.349856 25.714413
-100.349834 25.714606
-100.349828 25.714797
-100.349769 25.715015
-100.349628 25.715236
-100.349468 25.715410
-100.349183 25.715673
-100.348871 25.715850
-100.348215 25.716241
-100.347847 25.716403
-100.347560 25.716529
-100.346976 25.716767
-100.346125 25.717129
-100.345088 25.717586
-100.345006 25.717675
-100.344487 25.717904
-100.343921 25.718156
-100.343322 25.718413
-100.342329 25.718729
-100.340319 25.719366
-100.339966 25.719486
-100.339794 25.719489
-100.339200 25.719689
-100.338660 25.719897
-100.336143 25.720929
-100.335402 25.721160
-100.335300 25.721235
-100.334933 25.721353
-100.333818 25.721692
-100.332691 25.722011
-100.331698 25.722289
-100.331264 25.722414
-100.331014 25.722491
-100.330149 25.722942
-100.329175 25.723457
-100.328788 25.723627
-100.327664 25.723981
-100.326893 25.724221
-100.326826 25.724244
-100.325867 25.724557
-100.324411 25.725032
-100.324088 25.725141
-100.323859 25.725253
-100.323641 25.725375
-100.323349 25.725625
-100.323156 25.725870
-100.322861 25.726315
-100.321950 25.727465
-100.321080 25.728423
-100.320661 25.728779
-100.320229 25.729050
-100.319891 25.729200
-100.319601 25.729339
-100.319241 25.729374
-100.318513 25.729410
-100.318310 25.729439
-100.317771 25.729258
-100.317184 25.729016
-100.316854 25.728921
-100.316565 25.728876
-100.316064 25.728925
-100.315691 25.729001
-100.315282 25.729104
-100.314882 25.729234
-100.314585 25.729352
-100.314247 25.729528
-100.313366 25.730001
-100.312546 25.730429
-100.312316 25.730514
-100.312029 25.730583
-100.311675 25.730630
-100.311334 25.730633
-100.311041 25.730608
-100.310196 25.730474
-100.309975 25.730457
-100.309702 25.730471
-100.309511 25.730510
-100.309321 25.730576
-100.308900 25.730756
-100.308536 25.730912
-100.308331 25.730996
-100.308066 25.731102
-100.307720 25.731216
-100.307489 25.731246
-100.307233 25.731243
-100.306958 25.731201
-100.306146 25.731008
-100.304250 25.730458
-100.303716 25.730302
-100.303582 25.730262
-100.303135 25.730074
-100.302933 25.729896
-100.302288 25.729115
-100.302146 25.728961
-100.301881 25.728671
-100.301696 25.728508
-100.301340 25.728234
-100.299377 25.726892
-100.298495 25.726264
-100.298453 25.726234
-100.298064 25.725952
-100.297103 25.725259
-100.296743 25.725002
-100.296413 25.724734
-100.295990 25.724392
-100.295704 25.724158
-100.294622 25.723388
-100.293033 25.722238
-100.291901 25.721465
-100.291266 25.721016
-100.290299 25.720327
-100.290065 25.720150
-100.289990 25.720094
-100.289862 25.719991
-100.288656 25.719148
-100.286881 25.717845
-100.286704 25.717715
-100.285321 25.716719
-100.284481 25.716128
-100.282782 25.714902
-100.282278 25.714541
-100.281860 25.714223
-100.281534 25.713975
-100.281441 25.713907
-100.280699 25.713360
-100.279613 25.712585
-100.279233 25.712312
-100.278165 25.711548
-100.278009 25.711424
-100.277817 25.711273
-100.277595 25.711078
-100.277487 25.710811
-100.277450 25.710619
-100.277459 25.710137
-100.277405 25.709356
-100.277363 25.708957
-100.277331 25.708582
-100.277264 25.708381
-100.277154 25.708234
-100.276998 25.708113
-100.276767 25.708045
-100.276345 25.708044
-100.276041 25.708048
-100.273883 25.708114
-100.269108 25.708180
-100.268810 25.708119
-100.268689 25.708071
-100.268550 25.707998
-100.268432 25.707911
-100.268327 25.707784
-100.268266 25.707663
-100.268230 25.707511
-100.268237 25.707184
-100.268241 25.706217
-100.268248 25.704902
-100.268334 25.701855
-100.268356 25.701465
-100.268386 25.699416
-100.268448 25.695231
-100.268471 25.691507
-100.268487 25.688698
-100.268500 25.686407
-100.268502 25.686085
-100.268514 25.685818
-100.269200 25.685621
-100.272388 25.684703
