8.773965 48.016348
8.773551 48.016618
8.773344 48.016789
8.773149 48.016926
8.772913 48.017184
8.772723 48.017444
8.772561 48.017759
8.772410 48.018228
8.772339 48.018702
8.772302 48.019201
8.772316 48.020089
8.772418 48.020843
8.772520 48.021308
8.772692 48.021960
8.772906 48.022461
8.773150 48.022926
8.773264 48.023128
8.773390 48.023347
8.773713 48.023960
8.773842 48.024296
8.774278 48.025735
8.773959 48.025790
8.773805 48.025918
8.773454 48.026159
8.773065 48.026417
8.772771 48.026627
8.772581 48.026701
8.772351 48.026758
8.771245 48.026947
8.770882 48.026976
8.770458 48.026998
8.768374 48.027011
8.766609 48.027056
8.766375 48.027091
8.766070 48.027151
8.765192 48.027560
8.763646 48.028445
8.762936 48.028604
8.760841 48.028978
8.758353 48.029656
8.756782 48.030635
8.755751 48.030884
8.754167 48.031205
8.753241 48.031234
8.752644 48.031200
8.752330 48.031315
8.750056 48.031853
8.748588 48.031580
8.748246 48.031388
8.747890 48.030985
8.747274 48.030299
8.746878 48.029686
8.746317 48.028652
8.745632 48.027444
8.745099 48.026822
8.744634 48.026227
8.743954 48.025424
8.743922 48.025404
8.743649 48.025202
8.743211 48.025074
8.742814 48.024992
8.741759 48.025087
8.740684 48.025290
8.739944 48.025524
8.739279 48.025912
8.738227 48.026227
8.737927 48.026400
8.736897 48.027261
8.736382 48.027648
8.736062 48.028033
8.735890 48.028219
8.735740 48.028239
8.735563 48.028177
8.735581 48.028034
8.735824 48.027691
8.736210 48.027304
8.736382 48.027074
8.736510 48.026644
8.736727 48.026189
8.737068 48.025811
8.737569 48.025346
8.737591 48.025242
8.737510 48.025180
8.737406 48.025170
8.736642 48.025259
8.736359 48.025234
8.736201 48.025156
8.736195 48.025009
8.736533 48.024334
8.736360 48.024075
8.735507 48.023504
8.735228 48.023368
8.734756 48.023249
8.734075 48.023143
8.732467 48.022787
