30.160561 59.601428
30.159419 59.600303
30.159300 59.600166
30.158738 59.599667
30.158259 59.599258
30.157968 59.598976
30.157843 59.598857
30.155367 59.596489
30.154858 59.595927
30.149827 59.591105
30.148886 59.590201
30.146746 59.588148
30.142035 59.583628
30.141627 59.583236
30.140893 59.582532
30.140660 59.582309
30.140147 59.581812
30.139656 59.581337
30.138894 59.580621
30.138725 59.580460
30.138336 59.580205
30.138087 59.580072
30.137900 59.579999
30.137832 59.579970
30.137789 59.579951
30.137754 59.579927
30.137727 59.579901
30.137705 59.579865
30.137689 59.579830
30.137664 59.579756
30.137647 59.579711
30.137604 59.579646
30.137541 59.579565
30.137463 59.579485
30.137320 59.579326
30.137093 59.579213
30.135630 59.578452
30.135463 59.578362
30.133397 59.577257
30.133260 59.577183
30.133015 59.577058
30.132757 59.576970
30.132135 59.576751
30.131940 59.576678
30.131874 59.576645
30.131815 59.576611
30.131764 59.576579
30.131716 59.576548
30.131675 59.576516
30.131631 59.576469
30.131563 59.576397
30.131525 59.576353
30.131458 59.576292
30.131329 59.576188
30.129672 59.575311
30.129571 59.575257
30.129426 59.575183
30.128759 59.574839
30.126874 59.573845
30.126826 59.573811
30.126756 59.573754
30.126674 59.573684
30.126470 59.573494
30.126109 59.573161
30.125566 59.572643
30.125536 59.572615
30.125454 59.572536
30.125319 59.572408
30.125277 59.572367
30.124091 59.571216
30.123669 59.570759
30.123515 59.570583
30.123134 59.570121
30.122450 59.569244
30.122364 59.569134
30.122309 59.569066
30.122040 59.568722
30.121995 59.568665
30.121647 59.568229
30.121587 59.568155
30.121190 59.567652
30.120497 59.566774
30.119660 59.565737
30.119619 59.565683
30.119206 59.565157
30.118915 59.564793
30.118860 59.564732
30.118807 59.564676
30.118740 59.564616
30.118670 59.564566
30.118568 59.564496
30.118172 59.564239
30.116357 59.563133
30.115531 59.562613
30.115400 59.562501
30.115112 59.562227
30.114628 59.561734
30.114377 59.561494
30.114359 59.561476
30.114189 59.561291
30.113817 59.560917
30.113322 59.560464
30.113028 59.560216
30.112893 59.560074
30.112856 59.560032
30.112764 59.559896
30.112718 59.559785
30.112667 59.559697
30.112335 59.559326
30.111970 59.559062
30.110977 59.558353
30.110518 59.558044
30.110144 59.557762
30.108809 59.558202
30.107154 59.558799
30.104158 59.559852
30.103700 59.560099
30.103803 59.560188
30.105321 59.561510
30.106485 59.562518
30.106146 59.562626
30.105934 59.562709
30.105536 59.562928
30.105088 59.563155
30.104983 59.563190
30.104582 59.563272
30.102177 59.563617
30.102062 59.563632
30.101998 59.563641
30.101925 59.563651
30.098702 59.564112
30.098217 59.564176
30.098099 59.564199
30.098008 59.564219
30.097603 59.564348
30.096917 59.564655
30.096326 59.564939
30.086153 59.569821
30.085848 59.569960
30.084036 59.570794
30.083711 59.570933
30.083607 59.570980
30.083311 59.570942
30.082740 59.570844
30.081555 59.570659
30.081343 59.570648
30.081188 59.570682
30.081021 59.570743
30.079745 59.571536
30.078771 59.572124
30.078649 59.572199
30.077726 59.572768
30.076465 59.573537
30.075316 59.574237
30.074538 59.574729
30.074439 59.574791
30.074337 59.574854
