12.615832 41.726881
12.615886 41.726517
12.615815 41.726513
12.615895 41.726033
12.616059 41.725284
12.615620 41.725231
12.615194 41.725178
12.614334 41.725073
12.614301 41.725067
12.614256 41.725062
12.613651 41.724991
12.613090 41.724914
12.612686 41.724848
12.612313 41.724778
12.612081 41.724730
12.611814 41.724679
12.611325 41.724578
12.611264 41.724566
12.611031 41.724523
12.610723 41.724456
12.610628 41.724428
12.610485 41.724388
12.610218 41.724305
12.609950 41.724215
12.609886 41.724193
12.609744 41.724145
12.609476 41.724065
12.609280 41.723999
12.609105 41.723936
12.608909 41.723880
12.608750 41.723844
12.608545 41.723798
12.608355 41.723760
12.608109 41.723735
12.607812 41.723693
12.607620 41.723665
12.607585 41.723658
12.607186 41.723570
12.607090 41.723549
12.606891 41.723498
12.606768 41.723459
12.606569 41.723394
12.606312 41.723283
12.606129 41.723201
12.606102 41.723194
12.606069 41.723181
12.605682 41.723065
12.605207 41.722951
12.605142 41.722937
12.604534 41.722792
12.604211 41.722705
12.603918 41.722630
12.603432 41.722503
12.603276 41.722454
12.602481 41.722243
12.602448 41.722233
12.601735 41.722012
12.601102 41.721832
12.600937 41.721787
12.600316 41.721604
12.599985 41.721509
12.599174 41.721286
12.598869 41.721231
12.598500 41.721184
12.597672 41.721085
12.597331 41.721048
12.597068 41.721030
12.595969 41.720977
12.595361 41.720915
12.594522 41.720812
12.594057 41.720731
12.593721 41.720665
12.593059 41.720519
12.592843 41.720475
12.592552 41.720407
12.592314 41.720357
12.592005 41.720305
12.591605 41.720280
12.591110 41.720247
12.590955 41.720210
12.590814 41.720163
12.590647 41.720113
12.590475 41.720056
12.590280 41.719979
12.590138 41.719918
12.590003 41.719849
12.589864 41.719777
12.589711 41.719690
12.589605 41.719617
12.589068 41.719270
12.588105 41.718680
12.587630 41.718378
12.587497 41.718288
12.587370 41.718185
12.587249 41.718078
12.587139 41.717965
12.587011 41.717838
12.586839 41.717647
12.586726 41.717545
12.586576 41.717433
12.586426 41.717329
12.586266 41.717235
12.586093 41.717137
12.585921 41.717042
12.585752 41.716955
12.585527 41.716852
12.585310 41.716770
12.585116 41.716698
12.584929 41.716642
12.584747 41.716590
12.584626 41.716558
12.584502 41.716531
12.583926 41.716429
12.583153 41.716358
12.582805 41.716347
12.582500 41.716296
12.581997 41.716171
12.581783 41.716111
12.581616 41.716061
12.580948 41.715883
12.580136 41.715699
12.579832 41.715625
12.579222 41.715468
12.578943 41.715351
12.578686 41.715156
12.578454 41.714996
12.578192 41.714897
12.577964 41.714864
12.576147 41.714808
12.575886 41.714862
12.575777 41.714916
12.575720 41.714990
12.575705 41.715130
12.575541 41.715309
12.575424 41.715374
12.575304 41.715406
12.575159 41.715426
12.575048 41.715433
12.574964 41.715430
12.574856 41.715398
12.574757 41.715359
12.574656 41.715282
12.574574 41.715196
12.574516 41.715091
12.574366 41.714962
12.574231 41.714860
12.573868 41.714554
12.573775 41.714467
12.573670 41.714392
12.573311 41.714206
12.573082 41.714110
12.572672 41.713931
12.572189 41.713751
12.571710 41.713604
12.571506 41.713538
12.571349 41.713479
12.571181 41.713404
12.571029 41.713325
12.570710 41.713105
12.570492 41.712918
12.570241 41.712752
12.570122 41.712677
12.570005 41.712612
12.569802 41.712535
12.569531 41.712443
12.569370 41.712371
12.569198 41.712283
12.568960 41.712108
12.568775 41.711999
12.568504 41.711834
12.568339 41.711742
12.568181 41.711674
12.568026 41.711623
12.567842 41.711587
12.566632 41.711436
12.566198 41.711385
12.565973 41.711371
12.565739 41.711368
12.565399 41.711374
12.565085 41.711379
12.564958 41.711372
12.564842 41.711358
12.564674 41.711330
12.564246 41.711239
12.564045 41.711202
12.563878 41.711184
12.563783 41.711191
12.563686 41.711203
12.563488 41.711243
12.563332 41.711275
12.563110 41.711317
12.562531 41.711367
12.561591 41.711573
12.560764 41.711706
12.560385 41.711733
12.560104 41.711713
12.559711 41.711621
12.559040 41.711439
12.557956 41.711255
12.557668 41.711237
12.557415 41.711258
12.555967 41.711461
12.554921 41.711584
12.554477 41.711610
12.553584 41.711593
12.553219 41.711570
12.552918 41.711496
12.552473 41.711368
12.551663 41.711224
12.551391 41.711150
12.551262 41.711065
12.551136 41.710976
12.550325 41.710040
12.550128 41.709876
12.549922 41.709797
12.549519 41.709723
12.549238 41.709653
12.549045 41.709571
12.548874 41.709445
12.548465 41.709068
12.548206 41.708868
12.547083 41.708185
12.546692 41.707901
12.546504 41.707764
12.546116 41.707373
12.545959 41.707168
12.545871 41.706995
12.545840 41.706815
12.545818 41.706601
12.545787 41.706487
12.545714 41.706358
12.545563 41.706207
12.544340 41.705334
12.544161 41.705185
12.544012 41.705018
12.543907 41.704843
12.543644 41.704146
12.543560 41.703992
12.543407 41.703853
12.543205 41.703739
12.542578 41.703501
12.542373 41.703398
12.542190 41.703267
12.541697 41.702747
12.541532 41.702604
12.541373 41.702506
12.541125 41.702413
12.540844 41.702347
12.540232 41.702311
12.539835 41.702274
12.539640 41.702228
12.539492 41.702144
12.539385 41.702027
12.539325 41.701886
12.539327 41.701741
12.539431 41.701094
12.539418 41.700955
12.539366 41.700827
12.539278 41.700730
12.539130 41.700637
12.538897 41.700576
12.538672 41.700564
12.537850 41.700550
12.537488 41.700513
12.536756 41.700369
12.536289 41.700282
12.536008 41.700199
12.535834 41.700117
12.535733 41.700046
12.535684 41.699961
12.535675 41.699818
12.535709 41.699689
12.535774 41.699565
12.536175 41.699152
12.536615 41.698685
12.536672 41.698557
12.536668 41.698484
12.536994 41.698430
12.537189 41.698411
12.537306 41.698384
12.537407 41.698323
12.538177 41.697462
12.538871 41.696667
12.539057 41.696474
12.539239 41.696303
12.539667 41.696097
12.540119 41.695904
12.540571 41.695709
12.540776 41.695616
12.540966 41.695510
12.541099 41.695394
12.541214 41.695265
12.541560 41.694798
12.541853 41.694392
12.542435 41.694880
12.542555 41.694933
12.542638 41.694939
12.544671 41.693806
12.544551 41.693683
12.545447 41.693171
