31.268821 58.551172
31.268075 58.551479
31.267885 58.551547
31.268173 58.551902
31.268367 58.552140
31.268685 58.552492
31.269913 58.554012
31.270055 58.554170
31.271214 58.555539
31.271415 58.555801
31.271485 58.555891
31.271888 58.556403
31.272420 58.557064
31.272734 58.557440
31.273171 58.557957
31.273637 58.558511
31.274232 58.559267
31.274279 58.559328
31.274422 58.559508
31.274546 58.559663
31.274563 58.559687
31.274936 58.560196
31.274976 58.560243
31.275681 58.561059
31.276418 58.561958
31.276872 58.562491
31.278746 58.564824
31.278849 58.564951
31.279907 58.566212
31.280793 58.565997
31.281704 58.565795
31.281953 58.565737
31.284491 58.565148
31.284579 58.565127
31.286820 58.564601
31.287450 58.564460
31.287950 58.564341
31.289163 58.564055
31.289897 58.563902
31.290660 58.563983
31.291084 58.564484
31.290793 58.564713
31.290008 58.565321
31.291038 58.566574
31.290878 58.567872
31.291275 58.568443
31.291136 58.568818
31.292455 58.569897
31.291136 58.568818
31.291275 58.568443
31.290878 58.567872
31.291038 58.566574
31.290008 58.565321
31.289818 58.564780
31.288561 58.564816
31.287766 58.564875
31.287450 58.564460
31.286820 58.564601
31.284579 58.565127
31.284491 58.565148
31.281953 58.565737
31.281704 58.565795
31.280793 58.565997
31.279907 58.566212
31.280275 58.566655
31.281739 58.568399
31.282721 58.569586
31.282850 58.569724
31.282884 58.569761
31.285188 58.572563
31.285835 58.573329
31.286097 58.573718
31.286128 58.573752
31.286240 58.573881
31.287198 58.573718
31.289869 58.573455
31.291060 58.573151
31.293334 58.572364
31.293860 58.572225
31.294429 58.572337
31.299559 58.575240
31.302584 58.576924
31.302196 58.577153
