38.791308 58.052982
38.791475 58.052983
38.791543 58.052992
38.791752 58.053037
38.791866 58.053389
38.792225 58.053400
38.792840 58.052419
38.792829 58.052249
38.792765 58.051532
38.792757 58.051438
38.792051 58.051430
38.792023 58.051323
38.791879 58.050653
38.791751 58.050032
38.791744 58.050002
38.791598 58.049296
38.791579 58.049205
38.791261 58.049205
38.790677 58.049206
38.790268 58.049207
38.790120 58.049208
38.787365 58.049213
38.786969 58.049213
38.786819 58.049213
38.786594 58.049205
38.786512 58.049200
38.786243 58.049182
38.786576 58.048947
38.787033 58.048624
38.787385 58.048375
38.787622 58.048210
38.787910 58.048009
38.788344 58.047708
38.788593 58.047537
38.788899 58.047326
38.789135 58.047164
38.789453 58.046945
38.789723 58.046753
38.790149 58.046461
38.790434 58.046265
38.790846 58.045981
38.791235 58.045712
38.791463 58.045552
38.791598 58.045457
38.791875 58.045277
38.792857 58.044612
38.793181 58.044371
38.793387 58.044204
38.793635 58.043998
38.793811 58.043823
38.793972 58.043630
38.794083 58.043472
38.794188 58.043301
38.794294 58.043103
38.794355 58.042933
38.794421 58.042724
38.794522 58.042069
38.794572 58.041884
38.794619 58.041714
38.794876 58.041063
38.795266 58.039557
38.795341 58.039347
38.795417 58.039169
38.795519 58.039004
38.795642 58.038846
38.795809 58.038668
38.795958 58.038534
38.796168 58.038362
38.798095 58.036995
38.798782 58.036477
38.799438 58.035935
38.799715 58.035705
38.800072 58.035403
38.800425 58.035094
38.800757 58.034798
38.800886 58.034678
38.802212 58.033446
38.803571 58.032214
38.803069 58.031971
38.802562 58.031724
38.802093 58.031457
38.801428 58.031031
38.800994 58.030743
38.799917 58.030005
38.799822 58.029942
38.797672 58.028533
38.789183 58.022920
38.788877 58.022719
38.786629 58.021238
38.785008 58.020140
38.784816 58.020022
38.784640 58.019933
38.784444 58.019857
38.784189 58.019773
38.782894 58.019404
38.782183 58.019184
38.781828 58.019053
38.781380 58.018853
38.780586 58.018485
38.778941 58.017743
38.778152 58.017390
38.777816 58.017249
38.777442 58.017105
38.777034 58.016955
38.775671 58.016464
38.774696 58.016112
38.774254 58.015953
38.773773 58.015781
38.772947 58.015484
38.772011 58.015138
38.771731 58.015026
38.771594 58.014964
38.771531 58.014933
38.771459 58.014887
38.771404 58.014840
38.771362 58.014788
38.771320 58.014715
38.771268 58.014593
38.771160 58.014305
38.771118 58.014220
38.771046 58.014112
38.770964 58.014006
38.770803 58.013797
38.770707 58.013680
38.770512 58.013441
38.769875 58.012660
38.769833 58.012607
38.769374 58.012024
38.769334 58.011974
38.769173 58.011789
38.769006 58.011622
38.768914 58.011542
38.768759 58.011438
38.768307 58.011163
38.767726 58.010817
38.767410 58.010629
38.765691 58.009571
38.765400 58.009284
38.765362 58.009247
38.765302 58.009153
38.765191 58.008977
38.764098 58.006963
38.763497 58.005881
38.762486 58.004579
38.761092 58.002887
38.760846 58.002650
38.759818 58.001824
38.758989 58.001166
38.757538 58.000009
38.757325 57.999832
38.756339 57.999009
38.755195 57.998030
38.755002 57.997840
38.754872 57.997670
38.754862 57.997502
38.754884 57.997291
38.755204 57.996271
38.755162 57.995974
38.754958 57.995251
38.754871 57.994952
38.754830 57.994622
38.755114 57.992866
38.755153 57.992658
38.755136 57.992444
38.755000 57.992260
38.754816 57.992078
38.753995 57.991388
38.752234 57.989907
38.750945 57.988775
38.750206 57.988132
38.752925 57.986790
38.752456 57.986036
38.751784 57.986160
38.751488 57.985771
38.751784 57.986160
38.752456 57.986036
38.752925 57.986790
38.750206 57.988132
38.749545 57.987516
38.749208 57.987096
38.747949 57.985021
38.746162 57.982100
38.746111 57.982000
38.746083 57.981924
38.746069 57.981841
38.746069 57.981771
38.746084 57.981707
38.746119 57.981639
38.746183 57.981555
38.746360 57.981377
38.747650 57.980138
38.748001 57.979786
38.748093 57.979679
38.748158 57.979591
38.748207 57.979495
38.748247 57.979398
38.748263 57.979311
38.748266 57.979205
38.748246 57.979055
38.748123 57.978486
38.748016 57.978075
38.747999 57.978017
38.747962 57.977912
38.747919 57.977836
38.747865 57.977768
38.747782 57.977700
38.747742 57.977677
38.747921 57.977599
38.747980 57.977586
38.748050 57.977584
38.748180 57.977606
38.748050 57.977584
38.747980 57.977586
38.747921 57.977599
38.747742 57.977677
38.747782 57.977700
38.747865 57.977768
38.747919 57.977836
38.747962 57.977912
38.747999 57.978017
38.748271 57.978001
38.748372 57.977997
38.749136 57.978090
38.749787 57.978183
38.750150 57.978249
38.750525 57.978249
38.751138 57.978097
38.753352 57.977527
38.753865 57.977354
38.754240 57.977215
38.754640 57.977182
38.755316 57.977182
38.755778 57.977122
38.756066 57.976956
38.756341 57.976744
38.756529 57.976598
38.757892 57.976293
38.758330 57.976160
38.758956 57.976114
38.759681 57.976134
38.760244 57.976140
38.760869 57.976028
38.762358 57.975742
38.762908 57.975570
38.763321 57.975251
38.763809 57.975006
38.764347 57.974794
38.764922 57.974621
38.767061 57.973945
38.768324 57.973481
38.769188 57.973102
38.769850 57.972890
38.770126 57.972857
38.770638 57.972950
38.771315 57.973110
38.771725 57.973263
38.772360 57.973365
38.772728 57.973444
38.773067 57.973483
38.773535 57.973531
38.774173 57.973621
38.774333 57.973609
38.774618 57.973679
38.775691 57.973981
38.776021 57.974099
38.776192 57.974179
38.776241 57.974247
38.776258 57.974330
38.776138 57.974503
38.776163 57.974820
38.776258 57.975133
38.776312 57.975419
38.776189 57.975665
38.775984 57.975921
38.775988 57.976016
38.776040 57.976153
38.776047 57.976363
38.776024 57.976541
38.775958 57.976710
38.775737 57.977116
38.775492 57.977493
38.775242 57.977692
38.774566 57.978017
38.773967 57.978294
38.773759 57.978422
38.773604 57.978594
38.773204 57.978973
38.772969 57.979177
38.772925 57.979404
38.772825 57.979706
38.772855 57.979925
38.772873 57.980003
38.772893 57.980204
38.772827 57.980452
38.772765 57.980737
38.772753 57.981002
38.772686 57.981240
38.772512 57.981449
38.772417 57.981534
38.772402 57.981639
38.772472 57.981763
38.772515 57.981924
38.772469 57.982031
38.772379 57.982143
38.772240 57.982203
38.772070 57.982232
38.771778 57.982235
38.771584 57.982223
38.771387 57.982234
38.771196 57.982282
38.770986 57.982389
38.770754 57.982583
38.770615 57.982727
38.770528 57.982830
38.770447 57.982976
38.770382 57.983082
38.770314 57.983194
38.770241 57.983291
38.770130 57.983423
38.769693 57.983871
38.769543 57.984030
38.769409 57.984184
38.769281 57.984329
38.769147 57.984474
38.769050 57.984588
38.768974 57.984689
38.768890 57.984766
38.768798 57.984873
38.768601 57.985065
38.768489 57.985204
38.768358 57.985336
38.768242 57.985457
38.768137 57.985595
38.768037 57.985691
38.767940 57.985801
38.767867 57.985909
38.767791 57.985980
38.767628 57.986092
38.767534 57.986166
38.767371 57.986307
38.767256 57.986422
38.767151 57.986496
38.767080 57.986551
38.766944 57.986671
38.766812 57.986791
38.766663 57.986916
38.766508 57.987051
38.766359 57.987167
38.766261 57.987234
38.766149 57.987290
38.766057 57.987344
38.765976 57.987414
38.765905 57.987503
38.765821 57.987580
38.765705 57.987683
38.765593 57.987796
38.765485 57.987903
38.765385 57.988073
38.765278 57.988235
38.765186 57.988402
38.765126 57.988548
38.765086 57.988701
38.765076 57.988821
38.765092 57.988903
38.765115 57.988940
38.765197 57.989036
38.765262 57.989128
38.765294 57.989216
38.765383 57.989301
38.765522 57.989385
38.765682 57.989486
38.765745 57.989580
38.765771 57.989705
38.765732 57.989811
38.765653 57.990003
38.765614 57.990193
38.765598 57.990369
38.765611 57.990534
38.765603 57.990679
38.765556 57.990819
38.765417 57.991162
38.765327 57.991412
38.765192 57.991677
38.765131 57.991885
38.765098 57.992111
38.765114 57.992263
38.765262 57.992554
38.765368 57.992730
38.765499 57.992889
38.765569 57.993048
38.765557 57.993204
38.765364 57.993530
38.765045 57.993995
38.764795 57.994366
38.764647 57.994562
38.764372 57.994768
38.764122 57.995059
38.763868 57.995289
38.763712 57.995520
38.763561 57.995733
38.763339 57.996000
38.763188 57.996243
38.762905 57.996434
38.762524 57.996621
38.762405 57.996797
38.762466 57.996968
38.762388 57.997082
38.762176 57.997254
38.761725 57.997402
38.761155 57.997553
38.760618 57.997742
38.760280 57.997929
38.760167 57.998045
38.760041 57.998154
38.759650 57.998378
38.759603 57.998990
38.759716 57.999193
38.760014 57.999330
38.760253 57.999408
38.760651 57.999555
38.760969 57.999692
38.760943 57.999945
38.760717 58.000233
38.760068 58.000806
38.759918 58.000881
38.759522 58.001002
38.758989 58.001166
38.759818 58.001824
38.760846 58.002650
38.761092 58.002887
38.762486 58.004579
38.763497 58.005881
38.764098 58.006963
38.765191 58.008977
38.765302 58.009153
38.765362 58.009247
38.765400 58.009284
38.765691 58.009571
38.767410 58.010629
38.767726 58.010817
38.768307 58.011163
38.768759 58.011438
38.768914 58.011542
38.769006 58.011622
38.769173 58.011789
38.769334 58.011974
38.769374 58.012024
38.769833 58.012607
38.769875 58.012660
38.770512 58.013441
38.770707 58.013680
38.770803 58.013797
38.770964 58.014006
38.771046 58.014112
38.771118 58.014220
38.771160 58.014305
38.771268 58.014593
38.771320 58.014715
38.771362 58.014788
38.771404 58.014840
38.771459 58.014887
38.771531 58.014933
38.771594 58.014964
38.771731 58.015026
38.772011 58.015138
38.772947 58.015484
38.773773 58.015781
38.774254 58.015953
38.774696 58.016112
38.775671 58.016464
38.777034 58.016955
38.777442 58.017105
38.777816 58.017249
38.778152 58.017390
38.778941 58.017743
38.780586 58.018485
38.781380 58.018853
38.781828 58.019053
38.782183 58.019184
38.782894 58.019404
38.784189 58.019773
38.784444 58.019857
38.784640 58.019933
38.784816 58.020022
38.785008 58.020140
38.786629 58.021238
38.788877 58.022719
38.789183 58.022920
38.797672 58.028533
38.799822 58.029942
38.799917 58.030005
38.800994 58.030743
38.801428 58.031031
38.802093 58.031457
38.802562 58.031724
38.803069 58.031971
38.803571 58.032214
38.802212 58.033446
38.800886 58.034678
38.800757 58.034798
38.800425 58.035094
38.800072 58.035403
38.799715 58.035705
38.799438 58.035935
38.798782 58.036477
38.798095 58.036995
38.796168 58.038362
38.795958 58.038534
38.795809 58.038668
38.795642 58.038846
38.795519 58.039004
38.795417 58.039169
38.795341 58.039347
38.795266 58.039557
38.794876 58.041063
38.794798 58.041731
38.794759 58.041911
38.794679 58.041899
38.794572 58.041884
38.794296 58.041842
38.794194 58.041827
38.793740 58.041758
38.793237 58.041683
38.793098 58.041662
38.792683 58.041599
38.791567 58.041427
38.791303 58.041385
38.790892 58.041322
38.789923 58.041164
38.789333 58.041070
38.788137 58.040884
38.787440 58.040775
38.787109 58.040727
38.786863 58.040709
38.786643 58.040703
38.786496 58.040706
38.786349 58.040715
38.786181 58.040744
38.785909 58.040803
38.784876 58.041065
38.783359 58.041448
38.781983 58.041795
38.781301 58.041969
38.778267 58.042752
38.777925 58.042835
38.777244 58.043009
38.776653 58.043157
38.775663 58.043406
38.775424 58.043469
38.775325 58.043502
38.775228 58.043533
38.775071 58.043591
38.774888 58.043681
38.774747 58.043779
38.774006 58.044388
38.773500 58.044792
38.773440 58.044840
38.772794 58.045360
38.772451 58.045642
38.772129 58.045903
38.771946 58.046048
38.771022 58.046776
38.770636 58.047093
38.770525 58.047187
38.770277 58.047390
38.770034 58.047590
38.769767 58.047809
38.769064 58.048373
38.768758 58.048621
38.768571 58.048772
38.768399 58.048916
38.768174 58.049119
38.768078 58.049234
38.768001 58.049354
38.767973 58.049459
38.767958 58.049548
38.767939 58.049634
38.767927 58.049732
38.767359 58.049734
38.766878 58.049738
38.766842 58.049738
38.766693 58.049740
38.766510 58.049747
38.766378 58.049754
38.766246 58.049769
38.766123 58.049789
38.766056 58.049803
38.765831 58.049865
38.765661 58.049917
38.765514 58.049964
38.765325 58.050030
38.765181 58.050083
38.764510 58.050328
38.764477 58.050341
38.763761 58.050602
38.763612 58.050657
38.763525 58.050688
38.763011 58.050876
38.762903 58.050915
38.762419 58.051092
38.762015 58.051239
38.761946 58.051265
38.761392 58.051467
38.761398 58.051361
38.761460 58.049944
