4.880687 52.414966
4.880021 52.414453
4.879763 52.414254
4.879523 52.414069
4.879447 52.414011
4.879272 52.413876
4.879116 52.413756
4.879038 52.413694
4.878947 52.413725
4.878846 52.413741
4.878742 52.413741
4.878641 52.413726
4.878550 52.413696
4.875960 52.414926
4.875481 52.415188
4.875171 52.415385
4.874846 52.415685
4.874765 52.415833
4.874681 52.415982
4.874636 52.416129
4.874624 52.416239
4.874636 52.416440
4.874687 52.416644
4.874744 52.416804
4.874863 52.416990
4.875039 52.417176
4.875232 52.417339
4.875576 52.417604
4.877213 52.418881
4.877772 52.419238
4.878046 52.419375
4.880046 52.419881
4.880243 52.419934
4.880278 52.419943
4.880319 52.419951
4.880419 52.419979
4.881581 52.420308
4.882497 52.420559
4.883469 52.420835
4.883595 52.420871
4.883668 52.420891
4.883645 52.420983
4.883675 52.421063
4.883636 52.421259
4.883611 52.421346
4.883333 52.422368
4.883226 52.422745
4.883229 52.423044
4.883087 52.423579
4.883102 52.423627
4.883182 52.423733
4.884039 52.423951
4.886252 52.424552
4.886583 52.424634
4.886920 52.424704
4.887496 52.424788
4.888030 52.424834
4.888562 52.424856
4.889710 52.424889
4.890615 52.424889
4.891497 52.424875
4.893458 52.424809
4.894487 52.424698
4.895534 52.424562
4.896407 52.424414
4.897176 52.424276
4.898450 52.423999
4.899209 52.423812
4.900096 52.423580
4.901179 52.423254
4.902048 52.422976
4.902902 52.422677
4.904407 52.422057
4.907448 52.420637
4.907968 52.420396
4.910496 52.419250
4.911684 52.418756
4.913162 52.418185
4.914275 52.417784
4.916231 52.417103
4.917663 52.416549
4.919149 52.415933
4.920584 52.415309
4.921964 52.414682
4.924050 52.413691
4.924499 52.413475
4.927040 52.412238
4.929098 52.411193
4.930011 52.410704
4.931025 52.410169
4.932400 52.409550
4.933613 52.409006
4.934010 52.408843
4.935505 52.408286
4.936838 52.407866
4.938223 52.407496
4.939424 52.407190
4.940430 52.406938
4.942346 52.406410
4.943651 52.406013
4.944666 52.405685
4.945630 52.405338
4.947767 52.404544
4.949028 52.404015
4.950402 52.403398
4.951637 52.402799
4.953238 52.401973
4.954812 52.401077
4.955170 52.400866
4.955794 52.400478
4.956744 52.399839
4.958151 52.398859
4.959050 52.398176
4.959948 52.397435
4.960597 52.396856
4.961231 52.396244
4.962207 52.395272
4.963321 52.393994
4.963536 52.393732
4.964239 52.392916
4.966487 52.390264
4.967017 52.389636
4.969026 52.387267
4.969221 52.387021
4.969430 52.386761
4.969906 52.386158
4.970435 52.385466
4.970950 52.384700
4.971738 52.383457
4.972241 52.382540
4.972699 52.381522
4.973103 52.380504
4.973382 52.379635
4.973572 52.378874
4.973695 52.378325
4.973894 52.377242
4.973931 52.376710
4.973987 52.376034
4.974005 52.375011
4.973977 52.373990
4.973907 52.373119
4.973646 52.371677
4.973401 52.370733
4.973212 52.370113
4.972959 52.369466
4.972732 52.368848
4.972330 52.367934
4.972304 52.367868
4.972032 52.367306
4.971238 52.365830
4.969972 52.363545
4.968341 52.360632
4.965772 52.356090
4.964959 52.354699
4.964321 52.353616
4.963676 52.352615
4.963290 52.352070
4.962820 52.351430
4.962366 52.350822
4.961930 52.350331
4.961372 52.349701
4.960710 52.348965
4.959684 52.347935
4.958035 52.346336
4.956468 52.344730
4.955278 52.343506
4.953996 52.342098
4.953711 52.341794
4.953363 52.341454
4.952942 52.341090
4.952481 52.340736
4.951672 52.340193
4.951051 52.339844
4.949951 52.339316
4.949308 52.339064
4.948548 52.338792
4.947804 52.338566
4.946341 52.338173
4.944969 52.337846
4.943246 52.337458
4.942450 52.337274
4.941389 52.336957
4.940367 52.336621
4.939553 52.336323
4.936682 52.335205
4.936460 52.335124
4.935950 52.334941
4.932916 52.333883
4.932425 52.333716
4.931553 52.333412
4.926354 52.331607
4.925287 52.331245
4.924650 52.331029
4.922457 52.330282
4.920008 52.329637
4.918978 52.329351
4.918605 52.329236
4.917885 52.329065
4.917336 52.328953
4.916784 52.328873
4.916232 52.328816
4.915956 52.328816
4.915553 52.328839
4.915105 52.328904
4.914560 52.329050
4.913787 52.329291
4.913488 52.329349
4.913301 52.329378
4.913031 52.329415
4.912803 52.329430
4.912363 52.329429
4.912048 52.329387
4.911759 52.329330
4.911432 52.329234
4.911034 52.329065
4.910741 52.328849
4.910505 52.328581
4.910284 52.328287
4.910220 52.328120
4.910185 52.327900
4.910193 52.327706
4.910245 52.327450
4.910302 52.327303
4.910500 52.327060
4.910810 52.326790
4.911250 52.326519
4.911764 52.326221
4.912605 52.325608
4.912856 52.325376
4.913010 52.325190
4.913310 52.324760
4.913493 52.324430
4.913624 52.324044
4.913772 52.323506
4.914155 52.322630
4.914376 52.322112
4.914643 52.321625
4.915218 52.320621
4.915994 52.319516
4.916400 52.319007
4.916807 52.318474
4.917326 52.317945
4.919734 52.315665
4.922911 52.312733
4.925338 52.310471
4.927698 52.308199
4.931425 52.304581
4.933393 52.302657
4.934715 52.301223
4.936134 52.299596
4.940664 52.294168
4.941367 52.293305
4.941845 52.292628
4.942861 52.290998
4.943457 52.289621
4.943614 52.289164
4.943626 52.288753
4.943543 52.288393
4.943442 52.288119
4.943073 52.287566
4.942706 52.287219
4.942474 52.287045
4.942210 52.286889
4.941881 52.286719
4.941536 52.286571
4.941267 52.286483
4.941001 52.286404
4.940722 52.286336
4.940466 52.286292
4.940051 52.286242
4.939649 52.286217
4.938783 52.286205
4.935920 52.286300
4.935027 52.286340
4.930811 52.286530
4.925908 52.286937
4.923735 52.287193
4.921484 52.287444
4.918989 52.287804
4.916942 52.288106
4.915283 52.288395
4.910693 52.289292
4.907534 52.290006
4.905556 52.290488
4.902066 52.291421
4.899391 52.292214
4.898702 52.292427
4.895129 52.293581
4.892276 52.294458
4.891453 52.294683
4.890205 52.294976
4.889206 52.295277
4.888130 52.295560
4.887265 52.295797
4.886439 52.296043
4.885955 52.296206
4.885484 52.296397
4.885136 52.296557
4.884543 52.296884
4.884232 52.297082
4.883849 52.297377
4.883373 52.297849
4.883241 52.297952
4.883078 52.298053
4.882904 52.298137
4.882715 52.298210
4.882523 52.298271
4.881065 52.298647
4.880993 52.298666
4.880904 52.298689
4.880718 52.298737
4.880420 52.298725
4.880083 52.298274
4.879277 52.296957
4.878982 52.296466
4.878821 52.296228
4.878239 52.295145
4.878016 52.294725
4.877398 52.294872
4.875461 52.295312
4.875174 52.295380
4.874393 52.295566
4.873807 52.295680
4.873181 52.295756
4.872742 52.295805
4.872400 52.295833
4.871354 52.296032
4.869418 52.296469
4.869214 52.296515
4.869128 52.296528
4.868856 52.296600
4.868299 52.296740
4.867567 52.296915
4.867380 52.296954
4.866956 52.297013
4.866723 52.297085
4.866678 52.297099
4.866521 52.297170
4.866368 52.297253
4.866279 52.297360
4.866110 52.297329
4.866007 52.297311
4.865871 52.297313
4.865764 52.297314
4.865554 52.297355
4.865309 52.297416
4.863526 52.297812
4.862951 52.297936
4.862883 52.297944
4.862849 52.297930
4.862776 52.297802
4.862654 52.297599
4.862544 52.297417
4.862237 52.296920
4.861935 52.296406
4.861762 52.296115
4.861405 52.295491
4.861296 52.295323
4.861096 52.294982
4.860891 52.294640
4.860621 52.294167
4.860407 52.293807
4.860187 52.293718
4.859883 52.293676
4.859621 52.293636
4.859357 52.293640
4.859096 52.293588
4.858305 52.293526
4.857673 52.293475
4.856792 52.293399
4.856144 52.293324
4.855901 52.293300
4.855397 52.293255
4.855074 52.293257
4.854838 52.293259
4.854783 52.293265
4.854750 52.293295
4.854704 52.293317
4.854652 52.293327
4.854598 52.293327
4.854546 52.293317
4.854498 52.293296
4.854465 52.293266
4.854449 52.293224
4.854463 52.293180
4.854492 52.293152
4.854533 52.293131
4.854546 52.293083
4.854563 52.292933
4.854621 52.292763
4.854598 52.292443
4.854573 52.292017
4.854556 52.291661
4.854551 52.291553
4.854504 52.291284
4.854484 52.290973
4.854484 52.290940
4.854478 52.290915
4.854419 52.290902
4.854368 52.290879
4.854328 52.290849
4.854302 52.290814
4.854292 52.290772
4.854303 52.290729
4.854336 52.290689
4.854387 52.290656
4.854452 52.290635
4.854449 52.290569
4.854419 52.290117
4.854316 52.289268
4.854156 52.288525
4.854053 52.288236
4.853566 52.286818
4.853525 52.286720
4.853313 52.286748
4.853252 52.286756
4.852543 52.286850
4.851293 52.287020
4.850558 52.287113
4.850456 52.287109
4.850360 52.287121
4.850270 52.287133
4.850193 52.287157
