24.399629 60.451680
24.400788 60.452653
24.402411 60.452328
24.403526 60.452159
24.404020 60.452084
24.404342 60.451926
24.404471 60.451778
24.404556 60.451513
24.404642 60.451280
24.405050 60.450762
24.405479 60.450402
24.405973 60.450169
24.406616 60.449947
24.407110 60.449714
24.407475 60.449502
24.407732 60.449344
24.407968 60.449301
24.408183 60.449354
24.408676 60.449629
24.409599 60.450116
24.410135 60.450476
24.410843 60.451005
24.411466 60.451375
24.412045 60.451651
24.412796 60.451915
24.414942 60.452529
24.415114 60.452635
24.415242 60.452762
24.415586 60.453270
24.415800 60.453534
24.416058 60.453862
24.416358 60.454169
24.416637 60.454360
24.417002 60.454518
24.417667 60.454666
24.418547 60.454762
24.419641 60.454804
24.420263 60.454931
24.421701 60.455143
24.422624 60.455439
24.421701 60.455143
24.420263 60.454931
24.419641 60.454804
24.418547 60.454762
24.417667 60.454666
24.417002 60.454518
24.416637 60.454360
24.416358 60.454169
24.416058 60.453862
24.415800 60.453534
24.415586 60.453270
24.415242 60.452762
24.415114 60.452635
24.414942 60.452529
24.412796 60.451915
24.412045 60.451651
24.411466 60.451375
24.410843 60.451005
24.410135 60.450476
24.409599 60.450116
24.408676 60.449629
24.408183 60.449354
24.407968 60.449301
24.407732 60.449344
24.407925 60.449206
24.408719 60.448635
24.408869 60.448476
24.408826 60.448307
24.408891 60.448148
24.409213 60.447957
24.410007 60.447682
24.411079 60.447428
24.411401 60.447312
24.412539 60.446867
24.412732 60.446751
24.413118 60.446338
24.413676 60.445682
24.414062 60.445068
24.414320 60.444433
24.414277 60.443671
24.414176 60.443494
24.413972 60.443240
24.413586 60.442448
24.413612 60.441864
24.413844 60.441305
24.414333 60.441017
24.415878 60.440179
24.416376 60.439569
24.417146 60.439628
24.417998 60.439788
24.419796 60.440201
24.420067 60.440204
24.420624 60.440052
24.422427 60.439641
24.423757 60.439175
24.424143 60.438870
24.424805 60.438254
24.425474 60.438032
24.425929 60.437939
24.432684 60.437176
24.433327 60.437007
24.433714 60.436825
24.434334 60.436398
24.435567 60.435387
24.435742 60.435263
24.436218 60.435024
24.436844 60.434814
24.437513 60.434652
24.438073 60.434572
24.439662 60.434483
24.441550 60.434610
24.445816 60.434729
24.448285 60.434776
24.449361 60.434593
24.451223 60.434051
24.452021 60.433882
24.454699 60.433704
24.455427 60.433583
24.456064 60.433615
24.457897 60.433899
24.458254 60.433874
24.458547 60.433708
24.459272 60.433079
24.459720 60.432984
24.459978 60.432971
24.462349 60.433279
24.462836 60.433212
24.462960 60.433176
24.463293 60.433079
24.464859 60.432567
24.465395 60.432519
24.466598 60.432680
24.467128 60.432569
24.469994 60.431306
24.471050 60.430917
24.471419 60.430684
24.471651 60.430493
24.471737 60.430315
24.471935 60.428955
24.471946 60.428700
24.471951 60.428590
24.471846 60.427690
24.471947 60.427255
24.472505 60.427021
24.472994 60.426803
24.473292 60.426678
24.474276 60.426303
24.474543 60.426034
24.474548 60.425572
24.474685 60.425141
24.474632 60.424822
24.473912 60.424018
24.473943 60.423648
24.475155 60.422613
24.476357 60.422131
24.478126 60.420768
24.478755 60.420410
24.480622 60.419833
24.481271 60.419446
24.481815 60.418147
24.482639 60.417559
24.482832 60.417045
