8.594417 49.839972
8.595156 49.843765
8.595675 49.846381
8.595725 49.846644
8.595827 49.847161
8.595940 49.847732
8.595989 49.847978
8.596291 49.849484
8.596546 49.850785
8.596705 49.851578
8.596846 49.852282
8.596951 49.852730
8.597044 49.853206
8.597156 49.853698
8.597263 49.854156
8.597331 49.854453
8.597693 49.855922
8.597730 49.856210
8.597877 49.856839
8.598389 49.859056
8.598492 49.859551
8.598630 49.860133
8.598852 49.861136
8.599066 49.862077
8.599227 49.862523
8.599967 49.865825
8.600324 49.867418
8.600547 49.868419
8.600745 49.869335
8.601502 49.873002
8.601597 49.873657
8.601877 49.875334
8.602145 49.876916
8.602372 49.878285
8.603204 49.883485
8.604125 49.888637
8.604309 49.889493
8.605000 49.893089
8.605107 49.893620
8.605313 49.894622
8.606915 49.902701
8.607105 49.903649
8.607191 49.904105
8.607653 49.906293
8.608137 49.908691
8.608392 49.909999
8.608766 49.911875
8.609251 49.913750
8.609555 49.914827
8.609923 49.915902
8.610146 49.916532
8.611221 49.919661
8.611799 49.921292
8.612261 49.922737
8.612550 49.923777
8.612960 49.925719
8.613106 49.926738
8.613210 49.927677
8.613284 49.928612
8.613343 49.929944
8.613318 49.931231
8.613241 49.932461
8.613120 49.933676
8.612692 49.936036
8.612180 49.938173
8.612073 49.938664
8.611007 49.943150
8.610798 49.944006
8.609674 49.948694
8.609437 49.949730
8.608397 49.954108
8.606181 49.963335
8.604831 49.968993
8.604466 49.970504
8.604314 49.971176
8.604179 49.971762
8.603884 49.972989
8.603308 49.975382
8.603193 49.975863
8.602719 49.977849
8.602443 49.979004
8.601301 49.983800
8.600354 49.987759
8.600076 49.988937
8.597828 49.998322
8.597673 49.998981
8.597467 49.999862
8.597343 50.000370
8.596686 50.003112
8.596353 50.004501
8.596282 50.004818
8.596013 50.005909
8.595572 50.007753
8.595435 50.008350
8.595245 50.009138
8.594498 50.012274
8.594349 50.012914
8.593803 50.015205
8.593492 50.016611
8.593312 50.017498
8.593241 50.017895
8.593122 50.018554
8.592961 50.019710
8.592801 50.021025
8.592739 50.021845
8.592714 50.022901
8.592719 50.024265
8.592772 50.025230
8.592813 50.025711
8.592866 50.026201
8.592956 50.026919
8.593064 50.027608
8.593239 50.028567
8.593398 50.029294
8.593572 50.029981
8.593639 50.030245
8.593802 50.030826
8.594072 50.031682
8.594370 50.032521
8.594792 50.033587
8.595255 50.034703
8.595404 50.035035
8.595632 50.035528
8.595821 50.035924
8.596065 50.036434
8.596292 50.036907
8.596734 50.037799
8.597408 50.039186
8.598041 50.040433
8.599562 50.043474
8.600646 50.045664
8.600816 50.046008
8.601502 50.047406
8.601597 50.047611
8.603589 50.051599
8.604042 50.052500
8.604594 50.053598
8.605203 50.054797
8.605994 50.056376
8.606346 50.057049
8.606569 50.057488
8.607619 50.059582
8.608251 50.060890
8.609032 50.062435
8.609097 50.062573
8.610007 50.064364
8.610125 50.064597
8.610273 50.064894
8.610902 50.066164
8.613132 50.070657
8.613491 50.071382
8.615274 50.074991
8.615471 50.075383
8.615960 50.076298
8.616105 50.076605
8.616320 50.077012
8.616640 50.077653
8.617496 50.079455
8.617701 50.079972
8.617926 50.080651
8.618032 50.080958
8.618116 50.081267
8.618180 50.081531
8.618239 50.081799
8.618307 50.082173
8.618374 50.082532
8.618420 50.082887
8.618471 50.083509
8.618486 50.084621
8.618444 50.085417
8.618328 50.086255
8.618119 50.087301
8.618012 50.087798
8.617456 50.090560
8.617273 50.091421
8.617229 50.091598
8.617143 50.091969
8.617028 50.092333
8.617002 50.092407
8.616806 50.092944
8.616735 50.093170
8.616581 50.093519
8.616176 50.094329
8.616102 50.094483
8.615795 50.095052
8.615539 50.095443
8.614955 50.096273
8.614606 50.096723
8.614014 50.097448
8.613677 50.097841
8.612879 50.098629
8.612095 50.099325
8.611311 50.099988
8.610840 50.100384
8.609779 50.101318
8.608626 50.102302
8.606938 50.103847
8.606135 50.104626
8.605438 50.105366
8.604699 50.106208
8.604288 50.106758
8.604097 50.107028
8.603142 50.108435
8.602925 50.108779
8.602578 50.109303
8.602467 50.109441
8.602014 50.110124
8.601702 50.110618
8.601408 50.111047
8.600750 50.112056
8.599671 50.113744
8.599283 50.114336
8.599061 50.114671
8.598642 50.115307
8.598402 50.115694
8.598234 50.115941
8.598082 50.116164
8.597860 50.116511
8.597612 50.116902
8.597419 50.117211
8.597003 50.117863
8.596688 50.118350
8.596205 50.119104
8.595790 50.119757
8.595085 50.120792
8.594875 50.121129
8.594586 50.121550
8.593693 50.122914
8.592717 50.124438
8.591869 50.125733
8.591467 50.126391
8.591134 50.127006
8.590881 50.127564
8.590679 50.128068
8.590442 50.128862
8.590335 50.129315
8.590255 50.129792
8.590217 50.130064
8.590184 50.130455
8.590165 50.131049
8.590191 50.131654
8.590255 50.132228
8.590295 50.132544
8.590399 50.133055
8.590532 50.133550
8.590623 50.133834
8.590732 50.134161
8.590817 50.134387
8.590892 50.134577
8.591088 50.135010
8.591280 50.135382
8.591500 50.135784
8.591904 50.136522
8.592300 50.137260
8.592577 50.137753
8.592739 50.138037
8.593135 50.138742
8.593169 50.138804
8.593238 50.138925
8.593635 50.139674
8.594407 50.141097
8.595127 50.142396
8.595288 50.142676
8.595370 50.142814
8.595473 50.142995
8.595742 50.143506
8.596661 50.145165
8.597836 50.147281
8.600894 50.152835
8.601334 50.153633
8.601753 50.154403
8.606937 50.163783
8.607052 50.163993
8.610567 50.170381
8.611149 50.171447
8.611593 50.172335
8.612397 50.173761
8.612705 50.174292
8.613488 50.175663
8.614221 50.176998
8.614825 50.178092
8.616614 50.181339
8.617085 50.182146
8.617649 50.182998
8.618162 50.183690
8.619117 50.184738
8.620874 50.186377
8.622107 50.187356
8.622818 50.187810
8.626583 50.190124
8.628541 50.191251
8.630508 50.192338
8.631250 50.192775
8.635622 50.195328
8.639890 50.197800
8.640875 50.198357
8.641454 50.198598
8.642245 50.198994
8.642861 50.199361
8.644244 50.200149
8.645178 50.200676
8.645654 50.200955
8.646143 50.201233
8.646262 50.201265
8.646424 50.201337
8.646559 50.201390
8.646676 50.201425
8.646815 50.201462
8.646896 50.201475
8.646991 50.201483
8.647092 50.201485
8.647188 50.201479
8.647269 50.201467
8.647336 50.201454
8.647430 50.201425
8.647496 50.201400
8.647565 50.201366
8.647650 50.201312
8.647696 50.201268
8.647734 50.201224
8.647754 50.201193
8.647778 50.201145
8.647796 50.201096
8.647812 50.201040
8.647816 50.200996
8.647811 50.200933
8.647780 50.200786
8.647666 50.200421
8.647633 50.200314
8.647585 50.200223
8.647557 50.200185
8.647526 50.200157
8.647494 50.200131
8.647458 50.200105
8.647402 50.200075
8.647342 50.200051
8.647278 50.200032
8.647189 50.200014
8.647115 50.200010
8.647047 50.200012
8.646986 50.200017
8.646931 50.200024
8.646878 50.200037
8.646835 50.200048
8.646726 50.200104
8.646578 50.200204
8.646322 50.200364
8.645711 50.200810
8.644952 50.201321
8.644710 50.201470
8.643925 50.201898
8.643621 50.202045
8.643316 50.202177
8.642820 50.202379
8.642540 50.202473
8.642220 50.202575
8.641990 50.202635
8.641724 50.202700
8.641556 50.202739
8.641447 50.202761
8.641116 50.202822
8.640771 50.202866
8.640435 50.202894
8.640292 50.202916
8.639791 50.202977
8.639349 50.203020
8.638778 50.203065
8.636878 50.203179
8.635340 50.203299
8.634429 50.203389
8.633533 50.203512
8.632559 50.203667
8.631347 50.203910
8.630143 50.204219
8.628847 50.204611
8.628063 50.204877
8.625703 50.205764
8.624599 50.206147
8.623506 50.206526
8.623208 50.206621
8.622394 50.206879
8.621297 50.207220
8.620376 50.207484
8.619947 50.207608
8.619033 50.207869
8.618246 50.208073
8.617892 50.208162
8.616124 50.208604
8.615425 50.208768
8.614327 50.209004
8.612488 50.209374
8.610938 50.209655
8.608785 50.210003
8.606971 50.210261
8.605076 50.210535
8.604655 50.210607
8.604135 50.210685
8.603826 50.210732
8.603584 50.210831
8.603146 50.210928
8.602929 50.211008
8.602786 50.211115
8.602686 50.211250
8.602655 50.211366
8.602657 50.211489
8.602745 50.211613
8.602862 50.211711
8.602989 50.211773
8.603128 50.211822
8.603309 50.211849
8.603486 50.211849
8.603701 50.211829
8.603969 50.211738
8.604145 50.211626
8.604291 50.211521
8.604334 50.211471
8.604344 50.211415
8.604340 50.211384
8.604330 50.211340
8.604309 50.211298
8.604280 50.211218
8.602960 50.210095
8.602723 50.209862
8.602467 50.209608
8.602242 50.209358
8.601862 50.208901
8.601417 50.208291
8.600978 50.207714
8.600510 50.207006
8.600277 50.206632
8.600021 50.206198
8.599978 50.206130
8.599932 50.206054
8.599783 50.205797
8.599605 50.205502
8.599336 50.205124
8.599039 50.204766
8.598696 50.204418
8.598334 50.204076
8.597972 50.203794
8.597555 50.203514
8.597094 50.203248
8.596616 50.203013
8.596248 50.202860
8.595806 50.202695
8.595455 50.202588
8.595099 50.202493
8.594735 50.202411
8.594107 50.202270
8.593630 50.202144
8.593135 50.202001
8.592846 50.201905
8.592580 50.201790
8.592448 50.201754
8.591716 50.201515
8.590881 50.201212
8.590376 50.201019
8.589994 50.200876
8.589396 50.200646
8.589215 50.200573
8.589042 50.200469
8.589005 50.200450
8.588910 50.200390
8.587550 50.199530
8.586548 50.198899
8.586475 50.198853
8.586203 50.198689
8.586077 50.198601
8.585730 50.198827
8.585635 50.198888
8.585380 50.199055
8.584812 50.199431
8.584754 50.199472
8.583561 50.200251
8.583443 50.200327
8.583291 50.200429
8.583167 50.200513
8.582946 50.200660
8.582915 50.200675
8.582732 50.200760
8.582580 50.200734
8.582345 50.200678
8.581704 50.200448
8.581616 50.200411
8.581267 50.200283
8.580979 50.200184
8.580771 50.200121
8.580655 50.200072
8.580229 50.199906
8.579965 50.199803
8.579483 50.199611
8.579043 50.199439
8.578867 50.199367
8.578669 50.199280
8.578517 50.199212
8.578299 50.199115
8.578123 50.199046
8.577822 50.198929
8.577555 50.198834
8.577254 50.198745
8.577049 50.198692
8.576943 50.198666
8.576769 50.198618
8.576555 50.198566
8.576370 50.198512
8.576212 50.198467
8.575565 50.198304
8.575346 50.198212
8.575089 50.198052
8.574258 50.197321
8.574063 50.197152
8.573568 50.196713
8.572989 50.196236
8.572667 50.195857
8.572385 50.195436
8.572202 50.195110
8.572129 50.194969
8.572092 50.194912
8.571845 50.194549
8.571824 50.194513
8.571798 50.194467
8.571778 50.194427
8.571386 50.193727
8.571277 50.193575
8.570956 50.193755
8.570447 50.194084
