2.418884 47.099622
2.418067 47.099288
2.417648 47.099116
2.417192 47.098917
2.416804 47.098748
2.416699 47.098702
2.417254 47.097966
2.417525 47.097617
2.417836 47.097269
2.417870 47.097230
2.419182 47.096095
2.419751 47.095616
2.419835 47.095546
2.420005 47.095403
2.420220 47.095181
2.420481 47.094898
2.420987 47.094927
2.421797 47.094990
2.422665 47.095047
2.423372 47.095071
2.423534 47.095079
2.423969 47.095099
2.424604 47.095110
2.424780 47.095127
2.425032 47.095149
2.425450 47.095228
2.425899 47.095343
2.426383 47.095393
2.426737 47.095370
2.427121 47.095330
2.427485 47.095284
2.427885 47.095229
2.428240 47.095235
2.428835 47.095273
2.429093 47.095292
2.429370 47.095314
2.429999 47.095350
2.430573 47.095388
2.430686 47.095395
2.431118 47.095417
2.431485 47.095439
2.432475 47.095496
2.432757 47.095508
2.432822 47.095510
2.432905 47.095516
2.433119 47.095532
2.435348 47.095694
2.436854 47.095817
2.437364 47.095900
2.440128 47.096090
2.440356 47.096106
2.440629 47.096063
2.440688 47.096053
2.440763 47.096046
2.440770 47.096033
2.440779 47.096020
2.440790 47.096007
2.440802 47.095996
2.440815 47.095985
2.440829 47.095975
2.440845 47.095966
2.440861 47.095958
2.440879 47.095951
2.440897 47.095945
2.440916 47.095939
2.440936 47.095936
2.440956 47.095933
2.440977 47.095931
2.440997 47.095931
2.441018 47.095932
2.441038 47.095934
2.441058 47.095937
2.441077 47.095941
2.441096 47.095947
2.441114 47.095953
2.441132 47.095961
2.441148 47.095969
2.441163 47.095979
2.441177 47.095989
2.441190 47.096000
2.441320 47.096029
2.441467 47.096058
2.442787 47.096233
2.442910 47.096231
2.443057 47.096204
2.443125 47.096123
2.443224 47.096058
2.443249 47.095983
2.443319 47.095885
2.443565 47.093882
2.443565 47.093529
2.443546 47.092999
2.443450 47.092273
2.443303 47.090988
2.443270 47.090724
2.443222 47.090256
2.443180 47.089947
2.443043 47.088709
2.443014 47.088464
2.442967 47.088083
2.442903 47.087317
2.442869 47.087044
2.442790 47.086651
2.442664 47.086253
2.442500 47.085796
2.442438 47.085559
2.442264 47.084438
2.442219 47.084249
2.442168 47.084159
2.442090 47.084061
2.442008 47.084013
2.441943 47.083956
2.441942 47.083850
2.441985 47.083775
2.442092 47.083708
2.442227 47.083684
2.442355 47.083579
2.442428 47.083474
2.442554 47.083093
2.442629 47.082666
2.442626 47.082190
2.442532 47.081726
2.442358 47.081263
2.442130 47.080821
2.441883 47.080398
2.441607 47.079957
2.440920 47.078875
2.439550 47.076731
2.438343 47.074831
2.437707 47.073825
2.434853 47.069393
2.433568 47.067367
2.432294 47.065366
2.432027 47.064949
2.431638 47.064245
2.431465 47.063831
2.431317 47.063316
2.431243 47.062817
2.431200 47.062111
2.431150 47.061391
2.431074 47.060953
2.430961 47.060570
2.430821 47.060215
2.430642 47.059863
2.430441 47.059536
2.430228 47.059258
2.429639 47.058731
2.429305 47.058479
2.428943 47.058251
2.428512 47.058036
2.428065 47.057838
2.427835 47.057773
2.427582 47.057764
2.427402 47.057729
2.427146 47.057772
2.427011 47.057850
2.426628 47.058123
2.426196 47.058442
2.425844 47.058766
2.425292 47.059314
2.425155 47.059451
2.424313 47.060331
2.423645 47.059993
2.423209 47.059773
2.423053 47.059695
2.422737 47.059639
2.421645 47.059668
2.421383 47.059622
2.421065 47.059494
2.420598 47.059212
2.419937 47.058811
2.419281 47.058577
2.417844 47.058095
2.417401 47.057957
2.417079 47.057926
2.416620 47.057909
2.416697 47.057746
2.416711 47.057669
2.416756 47.057583
2.417011 47.057223
2.417323 47.056795
2.417368 47.056729
2.417390 47.056697
2.417808 47.056030
2.418023 47.055542
2.418166 47.055123
2.418291 47.054584
2.418357 47.053924
2.418338 47.053921
2.418269 47.053909
2.418209 47.053879
2.418171 47.053833
2.418162 47.053789
2.417240 47.053794
2.415664 47.053808
2.414757 47.053803
2.414747 47.053851
2.414713 47.053893
2.414664 47.053922
2.414599 47.053939
2.414558 47.053942
2.414491 47.053933
2.414458 47.053922
2.414397 47.053880
2.414371 47.053838
2.414366 47.053806
2.413220 47.053811
2.412025 47.053816
2.411576 47.053818
2.411560 47.053866
2.411543 47.053890
2.411486 47.053928
2.411411 47.053945
2.411330 47.053938
2.411277 47.053917
2.411237 47.053883
2.411212 47.053823
2.411220 47.053795
2.411234 47.053770
2.411271 47.053736
2.411307 47.053718
2.411373 47.053704
2.411395 47.053704
2.411397 47.053490
2.411398 47.053322
2.411400 47.053258
2.411533 47.053158
2.412194 47.053162
2.412266 47.053117
2.412372 47.053184
2.412558 47.053300
2.412711 47.053300
2.413109 47.053044
