1.464340 43.642815
1.464966 43.642653
1.465344 43.642534
1.466173 43.642253
1.466714 43.642064
1.466805 43.642029
1.466917 43.641987
1.466899 43.641951
1.466894 43.641928
1.466894 43.641911
1.466898 43.641890
1.466913 43.641860
1.466936 43.641832
1.466959 43.641814
1.466997 43.641795
1.467030 43.641784
1.467073 43.641778
1.467104 43.641777
1.467149 43.641783
1.467183 43.641793
1.467220 43.641811
1.467252 43.641837
1.467271 43.641860
1.467288 43.641909
1.467287 43.641938
1.467277 43.641970
1.467269 43.641982
1.467257 43.641998
1.467236 43.642017
1.467210 43.642035
1.467182 43.642047
1.467326 43.642296
1.467603 43.642801
1.467857 43.643208
1.468131 43.643494
1.468170 43.643515
1.468238 43.643558
1.468298 43.643600
1.468386 43.643648
1.468457 43.643679
1.468509 43.643694
1.468550 43.643699
1.468598 43.643699
1.468692 43.643683
1.468905 43.643621
1.469280 43.643460
1.469646 43.643325
1.469833 43.643287
1.470023 43.643272
1.470229 43.643266
1.470438 43.643287
1.470834 43.643326
1.471065 43.643337
1.471313 43.643319
1.471998 43.643113
1.472967 43.642393
1.474017 43.641500
1.474913 43.640600
1.475907 43.639327
1.476549 43.638275
1.476594 43.638183
1.476605 43.638035
1.477034 43.637021
1.477116 43.636720
1.477101 43.636562
1.477019 43.636449
1.476881 43.636351
1.476730 43.636295
1.476556 43.636289
1.476391 43.636312
1.476262 43.636379
1.476136 43.636465
1.476034 43.636626
1.476005 43.636772
1.476005 43.636955
1.476058 43.637182
1.476182 43.637403
1.476367 43.637572
1.476562 43.637676
1.476889 43.637796
1.477264 43.637860
1.477532 43.637881
1.477833 43.637886
1.478004 43.637878
1.478450 43.637837
1.478941 43.637783
1.479531 43.637706
1.479900 43.637662
1.480226 43.637639
1.480625 43.637626
1.480936 43.637632
1.481153 43.637643
1.481362 43.637662
1.481591 43.637689
1.481803 43.637721
1.482242 43.637802
1.482594 43.637879
1.482952 43.637970
1.483315 43.638069
1.483675 43.638177
1.484424 43.638412
1.484647 43.638496
1.485147 43.638696
1.485650 43.638930
1.486226 43.639210
1.487434 43.639831
1.488404 43.640333
1.490450 43.641400
1.491642 43.642015
1.492150 43.642253
1.492693 43.642487
1.493928 43.642963
1.494315 43.643093
1.494768 43.643235
1.495817 43.643573
1.496429 43.643769
1.500103 43.644924
1.500352 43.645002
1.500966 43.645196
1.502601 43.645705
1.503540 43.646003
1.504474 43.646288
1.504888 43.646392
1.507240 43.646987
1.507823 43.647153
1.508688 43.647445
1.510322 43.648100
1.510953 43.648316
1.511630 43.648561
1.512329 43.648802
1.512891 43.649000
1.513217 43.649123
1.513753 43.649338
1.514636 43.649711
1.515357 43.650027
1.515764 43.650217
1.515882 43.650274
1.517046 43.650865
1.517867 43.651303
1.519678 43.652204
1.520481 43.652582
1.521153 43.652874
1.522122 43.653258
1.522621 43.653429
1.523230 43.653627
1.523739 43.653774
1.524376 43.653930
1.525232 43.654119
1.526109 43.654291
1.526763 43.654394
1.527472 43.654488
1.528216 43.654558
1.528930 43.654613
1.531169 43.654722
1.531284 43.654724
1.533197 43.654766
1.535529 43.654831
1.536561 43.654866
1.536990 43.654896
1.537581 43.654947
1.538220 43.655021
1.539073 43.655158
1.539847 43.655307
1.540673 43.655505
1.541510 43.655739
1.543070 43.656300
1.543965 43.656708
1.544748 43.657075
1.545516 43.657527
1.546248 43.658003
1.547346 43.658914
1.547924 43.659445
1.548377 43.659862
1.550164 43.661608
1.551090 43.662510
1.552319 43.663713
1.552828 43.664202
1.553626 43.664980
1.554549 43.665882
1.555443 43.666799
1.555926 43.667318
1.556448 43.667917
1.556654 43.668177
1.557073 43.668703
1.557518 43.669306
1.557924 43.669896
1.558283 43.670457
1.558705 43.671173
1.559003 43.671726
1.559229 43.672183
1.559551 43.672879
1.559796 43.673482
1.560062 43.674212
1.560281 43.674897
1.560524 43.675761
1.560635 43.676253
1.560762 43.676956
1.560899 43.678022
1.561051 43.679611
1.561146 43.680364
1.561260 43.680936
1.561420 43.681611
1.561563 43.682054
1.561787 43.682637
1.562035 43.683205
1.562380 43.683863
1.562733 43.684477
1.563037 43.684937
1.563500 43.685553
1.563805 43.685931
1.564172 43.686339
1.564480 43.686661
1.564966 43.687132
1.565989 43.688106
1.566442 43.688581
1.566735 43.688920
1.567081 43.689366
1.567270 43.689638
1.567628 43.690283
1.567867 43.690813
1.568056 43.691347
1.568185 43.691855
1.568258 43.692293
1.568301 43.692825
1.568319 43.693210
1.568321 43.693602
1.568312 43.696363
1.568295 43.699176
1.568294 43.700384
1.568295 43.701195
1.568321 43.701945
1.568356 43.702454
1.568414 43.702912
1.568508 43.703520
1.568622 43.704094
1.568843 43.705030
1.568954 43.705578
1.569019 43.706041
1.569045 43.706451
1.569042 43.706781
1.569011 43.707121
1.568978 43.707356
1.568883 43.707723
1.568831 43.707891
1.568717 43.708211
1.568584 43.708535
1.568506 43.708712
1.568418 43.708886
1.568210 43.709241
1.567889 43.709700
1.567256 43.710541
1.566837 43.711113
1.566462 43.711737
1.566119 43.712486
1.565841 43.713266
1.565738 43.713697
1.565646 43.714172
1.565603 43.714533
1.565574 43.715099
1.565616 43.715711
1.565675 43.716214
1.565800 43.716637
1.565971 43.717196
1.566189 43.717796
1.566481 43.718385
1.566872 43.719042
1.567303 43.719665
1.568275 43.721068
1.569180 43.722340
1.570069 43.723585
1.570949 43.724846
1.571853 43.726091
1.572464 43.726862
1.573164 43.727673
1.573779 43.728367
1.574419 43.729045
1.575203 43.729826
1.575925 43.730508
1.576532 43.731070
1.577178 43.731650
1.577757 43.732141
1.578416 43.732680
1.579664 43.733661
1.580906 43.734568
1.581879 43.735222
1.582721 43.735785
1.583519 43.736295
1.584451 43.736847
1.584800 43.737048
1.585238 43.737299
1.586249 43.737862
1.587430 43.738481
1.588607 43.739063
1.589636 43.739547
1.590102 43.739759
1.590583 43.739969
1.591624 43.740411
1.592484 43.740760
1.593191 43.741036
1.594088 43.741368
1.595026 43.741708
1.596068 43.742064
1.597290 43.742448
1.598356 43.742769
1.599510 43.743095
1.600569 43.743379
1.601687 43.743676
1.604261 43.744374
1.606791 43.745044
1.609366 43.745742
1.610651 43.746091
1.611964 43.746438
1.613545 43.746870
1.614510 43.747112
1.615197 43.747276
1.615833 43.747402
1.616517 43.747525
1.617233 43.747629
1.617861 43.747706
1.618777 43.747780
1.619236 43.747808
1.619749 43.747832
1.620216 43.747841
1.620754 43.747839
1.621701 43.747817
1.622347 43.747780
1.623009 43.747718
1.623831 43.747625
1.624583 43.747513
1.625496 43.747351
1.626508 43.747125
1.627143 43.746979
1.627563 43.746889
1.628038 43.746798
1.628486 43.746729
1.628946 43.746672
1.629544 43.746618
1.630103 43.746589
1.630671 43.746578
1.631296 43.746585
1.631880 43.746620
1.632402 43.746659
1.632866 43.746717
1.633278 43.746776
1.633708 43.746850
1.634463 43.747011
1.635181 43.747194
1.635876 43.747393
1.636574 43.747629
1.637246 43.747870
1.638581 43.748382
1.639931 43.748948
1.642885 43.750174
1.644371 43.750788
1.645120 43.751092
1.645906 43.751376
1.646497 43.751572
1.647117 43.751765
1.647863 43.751975
1.648507 43.752136
1.649476 43.752350
1.650136 43.752477
1.654578 43.753238
1.656802 43.753624
1.658072 43.753839
1.659480 43.754080
1.662708 43.754633
1.662893 43.754664
1.664635 43.754965
1.665527 43.755114
1.666257 43.755225
1.667073 43.755323
1.667932 43.755409
1.669009 43.755471
1.669802 43.755497
1.670610 43.755503
1.671224 43.755488
1.671865 43.755466
1.672389 43.755436
1.672965 43.755393
1.673585 43.755333
1.674219 43.755262
1.675502 43.755081
1.677997 43.754717
1.680540 43.754355
1.682248 43.754106
1.683692 43.753901
1.686601 43.753482
1.687808 43.753304
1.689058 43.753138
1.689842 43.753058
1.690405 43.753015
1.690973 43.752978
1.691838 43.752943
1.692668 43.752938
1.693478 43.752947
1.694263 43.752980
1.695059 43.753034
1.695839 43.753107
1.696682 43.753206
1.697469 43.753323
1.698246 43.753458
1.699043 43.753622
1.700201 43.753899
1.700969 43.754113
1.701717 43.754342
1.702641 43.754658
1.703539 43.755001
1.704263 43.755312
1.704754 43.755527
1.705214 43.755754
1.705753 43.756029
1.706331 43.756336
1.707060 43.756766
1.708228 43.757516
1.709146 43.758084
1.711800 43.759850
1.715673 43.762383
1.717413 43.763522
1.718819 43.764443
1.720162 43.765411
1.720395 43.765591
1.721322 43.766392
1.722000 43.767049
1.722603 43.767695
1.723146 43.768338
1.723227 43.768439
1.723801 43.769230
1.724398 43.770102
1.724908 43.770856
1.725862 43.772244
1.726730 43.773516
1.727824 43.774977
1.728389 43.775628
1.728954 43.776259
1.730171 43.777378
1.732328 43.779121
1.734834 43.781697
1.737550 43.784164
1.741459 43.787726
1.742925 43.788759
1.744182 43.789459
1.744487 43.789606
1.746179 43.790425
1.748346 43.791186
1.750832 43.791749
1.752443 43.791994
1.753005 43.792082
1.753569 43.792186
1.754130 43.792300
1.754634 43.792409
1.754977 43.792494
1.755410 43.792609
1.756205 43.792841
1.757120 43.793145
1.757930 43.793451
1.758446 43.793667
1.758931 43.793881
1.759505 43.794161
1.760261 43.794563
1.760941 43.794949
1.767300 43.798688
1.775464 43.803480
1.777229 43.804432
1.777759 43.804676
1.779255 43.805365
1.781162 43.806002
1.783129 43.806537
1.784841 43.806990
1.790930 43.808600
1.793337 43.809376
1.795692 43.810362
1.801925 43.813135
1.805853 43.814885
1.809753 43.816727
1.811437 43.817803
1.811848 43.818091
1.812272 43.818422
1.813100 43.819023
1.817026 43.822144
1.823370 43.827167
1.824979 43.828417
1.830734 43.832965
1.831133 43.833280
1.833007 43.834747
1.835056 43.836175
1.835954 43.836734
1.836904 43.837288
1.837857 43.837815
1.838855 43.838331
1.839807 43.838777
1.840822 43.839234
1.842908 43.840078
1.843957 43.840425
1.846456 43.841188
1.852136 43.842841
1.855800 43.843898
1.865844 43.846779
1.875880 43.849649
1.885187 43.852316
1.886681 43.852897
1.887845 43.853452
1.890307 43.854924
1.892451 43.856719
1.893660 43.858303
1.894237 43.859124
1.894670 43.859892
1.895019 43.860686
1.895148 43.861030
1.895377 43.861743
1.895703 43.862813
1.896349 43.864947
1.896856 43.866615
1.897065 43.867305
1.897488 43.868693
1.897675 43.869218
1.897988 43.869923
1.898369 43.870578
1.899010 43.871447
1.899813 43.872291
1.901009 43.873279
1.902218 43.874141
1.905690 43.876596
1.905900 43.876745
1.906319 43.877057
1.906719 43.877343
1.907536 43.877932
1.908756 43.878808
1.909372 43.879250
1.909683 43.879470
1.910028 43.879702
1.910588 43.880064
1.910737 43.880157
1.910916 43.880263
1.911015 43.880320
1.911106 43.880370
1.911579 43.880628
1.912086 43.880897
1.912590 43.881146
1.913089 43.881382
1.913352 43.881506
1.913650 43.881633
1.914229 43.881873
1.914492 43.881979
1.914798 43.882092
1.915409 43.882312
1.915956 43.882496
1.916552 43.882674
1.917126 43.882836
1.917711 43.882992
1.918022 43.883070
1.918360 43.883147
1.919003 43.883286
1.919644 43.883412
1.920307 43.883524
1.923066 43.883839
1.940804 43.885664
1.942099 43.885803
1.943335 43.885981
1.944508 43.886199
1.945737 43.886483
1.948635 43.887283
1.951556 43.888091
1.952818 43.888408
1.954079 43.888659
1.955040 43.888824
1.956051 43.888957
1.957179 43.889061
1.957986 43.889112
1.958879 43.889139
1.959731 43.889144
1.960581 43.889129
1.961398 43.889098
1.967071 43.888881
1.967435 43.888868
1.970170 43.888767
1.972933 43.888655
1.973725 43.888601
1.974495 43.888519
1.975418 43.888405
1.976352 43.888255
1.981477 43.887343
1.984102 43.886874
1.986758 43.886400
1.992078 43.885455
1.993671 43.885166
1.995269 43.884894
1.996696 43.884709
1.998115 43.884576
1.998754 43.884533
1.999409 43.884505
2.000723 43.884463
2.001398 43.884469
2.002064 43.884483
2.002734 43.884504
2.003407 43.884541
2.004233 43.884606
2.004997 43.884674
2.005793 43.884769
2.006583 43.884880
2.007395 43.885010
2.008212 43.885156
2.009011 43.885323
2.009809 43.885501
2.010700 43.885727
2.011586 43.885973
2.012471 43.886250
2.013331 43.886537
2.014237 43.886878
2.015131 43.887242
2.016882 43.888046
2.017668 43.888447
2.018518 43.888926
2.019297 43.889390
2.020081 43.889895
2.023120 43.891890
2.028077 43.895274
2.029062 43.896031
2.029718 43.896578
2.030426 43.897258
2.031587 43.898496
2.033937 43.901086
2.034982 43.902237
2.035978 43.903166
2.037188 43.904172
2.038557 43.905110
2.039791 43.905837
2.044315 43.908313
2.051211 43.912100
2.053031 43.913094
2.053435 43.913313
2.053860 43.913525
2.054261 43.913698
2.054670 43.913865
2.054844 43.913932
2.055002 43.913993
2.055151 43.914049
2.055482 43.914159
2.055832 43.914270
2.056176 43.914371
2.056394 43.914432
2.056605 43.914484
2.056730 43.914515
2.056872 43.914548
2.057135 43.914609
2.057405 43.914666
2.057542 43.914693
2.057670 43.914716
2.057955 43.914766
2.058241 43.914811
2.058584 43.914857
2.058929 43.914898
2.059161 43.914921
2.059382 43.914940
2.059587 43.914955
2.059845 43.914972
2.063788 43.915214
2.064306 43.915245
2.068871 43.915531
2.070462 43.915630
2.072265 43.915740
2.075388 43.915926
2.077355 43.916051
2.078326 43.916109
2.079321 43.916161
2.080590 43.916194
2.081336 43.916187
2.082085 43.916162
2.083517 43.916090
2.084549 43.916033
2.087222 43.915880
2.089213 43.915766
2.090015 43.915724
2.090880 43.915718
2.091226 43.915730
2.091565 43.915753
2.092180 43.915820
2.092715 43.915904
2.093285 43.916023
2.094000 43.916210
2.095107 43.916546
2.095667 43.916722
2.096888 43.917084
2.097426 43.917237
2.097737 43.917318
2.098169 43.917416
2.098422 43.917467
2.098731 43.917522
2.099062 43.917572
2.099384 43.917617
2.099701 43.917650
2.100456 43.917712
2.101236 43.917758
2.102851 43.917856
2.104699 43.917966
2.106238 43.918064
2.107009 43.918111
2.107736 43.918144
2.108414 43.918161
2.109118 43.918159
2.109997 43.918132
2.110842 43.918096
2.111435 43.918082
2.112104 43.918094
2.113075 43.918142
2.113505 43.918165
2.115200 43.918070
2.116302 43.917912
2.117224 43.917731
2.117353 43.917633
2.117369 43.917571
2.117389 43.917490
2.117322 43.917434
2.117277 43.917397
2.117291 43.917262
2.117316 43.917220
2.117380 43.917163
2.117428 43.917138
2.117525 43.917113
2.117668 43.917121
2.117758 43.917156
2.117849 43.917242
2.117871 43.917315
2.117863 43.917374
2.117821 43.917442
2.117787 43.917472
2.117791 43.917562
2.117974 43.917827
2.118125 43.917961
2.118202 43.917960
2.118304 43.917982
2.118368 43.918013
2.118435 43.918072
2.118459 43.918113
2.118473 43.918188
2.118459 43.918245
2.118410 43.918312
2.118624 43.918414
2.118842 43.918530
2.119113 43.918642
2.119297 43.918739
2.119542 43.918750
2.120585 43.918798
2.121120 43.918830
2.122144 43.918891
2.122306 43.918901
2.123240 43.918962
2.125844 43.919134
2.126129 43.919148
2.126215 43.919154
2.126348 43.919162
2.126360 43.919209
2.126627 43.919559
2.126883 43.919767
2.127849 43.920510
2.127967 43.920590
2.128046 43.920660
2.129656 43.921756
2.131285 43.922989
2.131346 43.923049
2.131430 43.923095
2.131714 43.923304
2.132159 43.923733
2.132176 43.923748
2.132506 43.924096
2.132690 43.924290
2.133056 43.924713
2.133110 43.924811
2.133230 43.925016
2.133839 43.925485
2.134545 43.925927
2.135158 43.926197
2.135365 43.926295
2.135419 43.926373
2.135510 43.926351
2.136496 43.926268
2.136960 43.926210
2.137150 43.926205
2.137135 43.926311
2.137112 43.926671
2.137101 43.926713
2.137091 43.926961
2.137035 43.927013
2.136970 43.927085
2.136773 43.927050
2.136682 43.927042
2.135480 43.926917
2.135392 43.926898
2.134483 43.926710
