2.391419 51.015325
2.390033 51.015074
2.388739 51.014838
2.387247 51.014569
2.385861 51.014316
2.384718 51.014112
2.384462 51.014067
2.383938 51.013971
2.382307 51.013674
2.381376 51.013511
2.380720 51.013401
2.380391 51.013351
2.380040 51.013306
2.379404 51.013238
2.378805 51.013187
2.378156 51.013140
2.377525 51.013107
2.376864 51.013077
2.375141 51.012994
2.374413 51.012961
2.371823 51.012834
2.370536 51.012775
2.369831 51.012739
2.369152 51.012701
2.368133 51.012658
2.367473 51.012635
2.366861 51.012612
2.365880 51.012587
2.364918 51.012569
2.363774 51.012567
2.362371 51.012567
2.361391 51.012570
2.360803 51.012568
2.359195 51.012616
2.358264 51.012617
2.358110 51.012622
2.357951 51.012634
2.357607 51.012678
2.357265 51.012737
2.356939 51.012815
2.356721 51.012887
2.356533 51.012960
2.356360 51.013042
2.356186 51.013139
2.355266 51.013701
2.355062 51.013839
2.354954 51.013929
2.354913 51.013972
2.354874 51.014019
2.354825 51.014083
2.354792 51.014147
2.354770 51.014199
2.354754 51.014246
2.354733 51.014328
2.354719 51.014418
2.354703 51.014491
2.354691 51.014530
2.354674 51.014567
2.354652 51.014606
2.354626 51.014645
2.354543 51.014743
2.354488 51.014796
2.354452 51.014833
2.354431 51.014860
2.354417 51.014893
2.354401 51.014961
2.354412 51.015101
2.354352 51.015229
2.354291 51.015287
2.354273 51.015358
2.354267 51.015397
2.354266 51.015449
2.354288 51.015513
2.354337 51.015602
2.354414 51.015719
2.354494 51.015825
2.354586 51.015933
2.354811 51.016184
2.354923 51.016312
2.355097 51.016516
2.355238 51.016639
2.355370 51.016738
2.355488 51.016811
2.355659 51.016919
2.356015 51.017106
2.356560 51.017362
2.356852 51.017520
2.357458 51.017829
2.357838 51.018044
2.358150 51.018220
2.358316 51.018326
2.358502 51.018479
2.358643 51.018618
2.358654 51.018636
2.358790 51.018788
2.358918 51.018949
2.359005 51.019106
2.359051 51.019253
2.359140 51.019509
2.359329 51.020156
2.359420 51.020498
2.359316 51.020529
2.359306 51.020533
2.359255 51.020546
2.359180 51.020553
2.359102 51.020554
2.358815 51.020531
2.358163 51.020477
2.357504 51.020426
2.357158 51.020398
2.356852 51.020382
2.356677 51.020378
2.355224 51.020425
2.355024 51.020432
2.354441 51.020450
2.354038 51.020465
2.353296 51.020486
2.351744 51.020456
2.351289 51.020442
2.350790 51.020430
2.350502 51.020403
2.350335 51.020381
2.349889 51.020325
2.349759 51.020309
2.349662 51.020297
2.348976 51.020211
2.348768 51.020185
2.348452 51.020127
2.348242 51.020092
2.348053 51.020055
2.347902 51.020026
2.347756 51.019990
2.347459 51.019920
2.346987 51.019807
2.346586 51.019717
2.345802 51.019548
2.345698 51.019527
2.345566 51.019499
2.345382 51.019459
2.345163 51.019412
2.344612 51.019294
2.344351 51.019241
2.343014 51.018949
2.342750 51.018896
2.341338 51.018594
2.340965 51.018513
2.340681 51.018452
2.339478 51.018201
2.339406 51.018351
2.338996 51.019209
2.338966 51.019269
2.338790 51.019613
2.338793 51.019694
2.338803 51.019788
2.338825 51.019909
2.338873 51.020014
2.338935 51.020093
2.338969 51.020145
2.338985 51.020168
2.339000 51.020190
2.339014 51.020207
2.339025 51.020221
2.339035 51.020232
2.339049 51.020245
2.339062 51.020253
2.339082 51.020267
2.339113 51.020295
2.339135 51.020328
2.339145 51.020359
2.339145 51.020400
2.339128 51.020442
2.339114 51.020461
2.339098 51.020478
2.339091 51.020484
2.339079 51.020493
2.339067 51.020507
2.339060 51.020554
2.339042 51.020629
2.338954 51.020861
2.338892 51.021037
2.338855 51.021140
2.338838 51.021188
2.338821 51.021232
2.338808 51.021259
2.338796 51.021282
2.338778 51.021312
2.338760 51.021339
2.338673 51.021492
2.338509 51.021780
2.338450 51.021877
2.338427 51.021916
2.338293 51.021886
2.338143 51.021852
2.338023 51.021825
2.337875 51.021791
2.337248 51.021652
2.336264 51.021428
2.335540 51.021267
2.335003 51.021147
2.334820 51.021108
2.334652 51.021071
2.334500 51.021038
2.334034 51.020937
2.333980 51.020925
2.333640 51.020850
2.333578 51.020836
2.333527 51.020825
2.333243 51.020763
2.332666 51.020636
2.332200 51.020526
2.332025 51.020789
2.331886 51.020998
2.331828 51.021093
2.331755 51.021211
2.331723 51.021275
2.331704 51.021326
2.331647 51.021498
2.331636 51.021549
2.331597 51.021674
2.331580 51.021786
2.331572 51.021898
2.331593 51.022041
2.331599 51.022069
2.331614 51.022133
2.331643 51.022225
2.331680 51.022327
2.331723 51.022417
2.331776 51.022528
2.331794 51.022557
2.331869 51.022674
2.331968 51.022803
2.332025 51.022890
2.332207 51.023149
2.332386 51.023429
2.332519 51.023639
2.332685 51.023909
2.332768 51.024052
2.332815 51.024128
2.332934 51.024312
2.333002 51.024418
2.333264 51.024843
2.333433 51.025093
2.333483 51.025083
2.334120 51.024954
2.334138 51.024950
2.334185 51.024940
2.334238 51.024929
2.334262 51.024924
2.334295 51.024918
2.334988 51.024778
2.335154 51.024744
2.335218 51.024731
2.335354 51.024700
2.335497 51.024666
2.335607 51.024634
2.335735 51.024589
2.335842 51.024545
2.336005 51.024473
2.336217 51.024379
2.336626 51.024204
2.336858 51.024106
2.336950 51.024074
2.337069 51.024043
2.337198 51.024014
2.337326 51.023993
2.337464 51.023974
2.337557 51.023967
2.337657 51.023968
2.337736 51.023971
2.337827 51.023977
2.337915 51.023987
2.337988 51.023997
2.338112 51.024006
2.338192 51.024015
2.338268 51.024023
2.338331 51.024027
2.338387 51.024028
2.338433 51.024025
2.338457 51.024022
2.338474 51.024018
2.338482 51.024014
2.338505 51.024007
2.338544 51.023985
2.338575 51.023962
2.338598 51.023939
2.338618 51.023910
2.338642 51.023866
2.338658 51.023834
2.338666 51.023815
2.338676 51.023793
2.338707 51.023452
2.338702 51.023383
2.338692 51.023334
2.338663 51.023266
2.338629 51.023214
2.338584 51.023160
2.338556 51.023125
2.338532 51.023105
2.338517 51.023086
2.338508 51.023069
2.338446 51.023041
2.338380 51.023013
2.338309 51.022990
2.338173 51.022954
2.338063 51.022933
2.337976 51.022916
2.337854 51.022910
2.337842 51.022909
2.337743 51.022908
2.337712 51.022907
2.337572 51.022909
2.337712 51.022907
2.337743 51.022908
2.337842 51.022909
2.337854 51.022910
2.337976 51.022916
2.338055 51.022920
2.338184 51.022929
2.338297 51.022942
2.338415 51.022958
2.338499 51.022968
2.338517 51.022970
2.338531 51.022968
2.338558 51.022946
2.338616 51.022919
2.338649 51.022911
2.338636 51.022893
2.338621 51.022875
2.338606 51.022861
2.338586 51.022848
2.338556 51.022835
2.338514 51.022822
2.338466 51.022810
2.337397 51.022593
2.337281 51.022569
2.337159 51.022550
2.336925 51.022520
2.336707 51.022492
2.336624 51.022482
2.335473 51.022257
2.335445 51.022252
2.335480 51.022165
2.335557 51.022172
2.335755 51.022198
2.335839 51.022214
2.336016 51.022246
