12.841672 52.081434
12.841854 52.081153
12.842538 52.081269
12.842566 52.081379
12.842568 52.081522
12.842246 52.082123
12.841954 52.082573
12.841878 52.082587
12.841522 52.082135
12.840278 52.080531
12.840012 52.080190
12.839751 52.079854
12.838859 52.078700
12.838377 52.078067
12.838060 52.077652
12.837426 52.076815
12.834141 52.072564
12.832049 52.069788
12.829251 52.066186
12.827395 52.063812
12.824345 52.059866
12.821908 52.056713
12.821147 52.055740
12.819343 52.053408
12.815753 52.048752
12.810290 52.041623
12.809651 52.040807
12.809337 52.040363
12.807760 52.038387
12.807457 52.037988
12.807340 52.037835
12.806477 52.036712
12.804671 52.034319
12.804602 52.034237
12.804063 52.033521
12.803894 52.033297
12.803764 52.033136
12.803643 52.032943
12.801330 52.029982
12.799791 52.027939
12.799339 52.027333
12.799074 52.026977
12.798825 52.027031
12.797185 52.027401
12.796812 52.027100
12.797185 52.027401
12.798825 52.027031
12.798758 52.026940
12.798677 52.026808
12.798839 52.026681
12.798437 52.026170
12.797189 52.024569
12.790331 52.015567
12.789629 52.014641
12.788190 52.012745
12.784382 52.007820
12.782203 52.004950
12.781789 52.004373
12.781613 52.004128
12.781546 52.004071
