37.385676 55.818031
37.389890 55.817606
37.389944 55.817772
37.390047 55.818145
37.390171 55.818496
37.390316 55.818934
37.390344 55.819019
37.390374 55.819087
37.390530 55.819642
37.390721 55.820338
37.390569 55.820671
37.390689 55.820971
37.390960 55.821033
37.391244 55.821069
37.391526 55.821023
37.391680 55.820979
37.391798 55.820915
37.391840 55.820823
37.391860 55.820503
37.391478 55.819294
37.390482 55.816162
37.390064 55.814813
37.389885 55.814251
37.389777 55.813910
37.389752 55.813830
37.389221 55.812160
37.388948 55.811303
37.388692 55.810496
37.388372 55.809489
37.388199 55.808930
37.388010 55.808376
37.387909 55.808080
37.387827 55.807869
37.387717 55.807590
37.387571 55.807386
37.387627 55.807372
37.387498 55.807061
37.387276 55.806577
37.387158 55.806341
37.387011 55.806055
37.386676 55.805449
37.386582 55.805279
37.386492 55.805133
37.385789 55.803998
37.384829 55.802660
37.384259 55.801969
37.383810 55.801494
37.383180 55.800806
37.378742 55.796124
37.378309 55.795665
37.377370 55.794679
37.376965 55.794283
37.376480 55.793926
37.375875 55.793376
37.374726 55.792341
37.374574 55.792208
37.374140 55.791949
37.373938 55.791840
37.373661 55.791723
37.373277 55.791575
37.372890 55.791459
37.371918 55.791246
37.369741 55.790820
37.369269 55.790755
37.368841 55.790736
37.368322 55.790762
37.367911 55.790787
37.367192 55.790880
37.365823 55.791168
37.364215 55.791492
37.362119 55.791938
37.361187 55.792179
37.358944 55.792837
37.358682 55.792921
37.357628 55.793271
37.357179 55.793420
37.356807 55.793560
37.355459 55.794094
37.355106 55.794243
37.351150 55.796029
37.349597 55.796703
37.347986 55.797381
37.347302 55.797657
37.346636 55.797899
37.346007 55.798101
37.345348 55.798302
37.344651 55.798496
37.343975 55.798667
37.343444 55.798794
37.342821 55.798935
37.342194 55.799070
37.341561 55.799191
37.340928 55.799295
37.340778 55.799320
37.340107 55.799421
37.339453 55.799515
37.338761 55.799616
37.337787 55.799744
37.336736 55.799869
37.335802 55.799981
37.334408 55.800144
37.331920 55.800414
37.331850 55.800421
37.331429 55.800512
37.330918 55.800598
37.329360 55.800771
37.328966 55.800825
37.327784 55.801037
37.326550 55.801248
37.324931 55.801522
37.324427 55.801619
37.324102 55.801697
37.323772 55.801785
37.323433 55.801889
37.323225 55.801960
37.323025 55.802038
37.322910 55.802103
37.322825 55.802170
37.322744 55.802251
37.322675 55.802348
37.322586 55.802486
37.322544 55.802621
37.322532 55.802721
37.322494 55.802909
37.322491 55.802993
37.322513 55.803085
37.322564 55.803163
37.322656 55.803250
37.322764 55.803321
37.323056 55.803464
37.324107 55.803922
37.325167 55.804396
37.326280 55.804875
37.326466 55.804952
37.329134 55.806074
37.329187 55.806097
37.329261 55.806130
37.329464 55.806219
37.330357 55.806613
37.333278 55.807865
37.333343 55.807892
37.333491 55.807957
37.333913 55.808139
37.334048 55.808197
37.336000 55.809028
37.336646 55.809307
37.338504 55.810093
37.338645 55.810153
37.338793 55.810216
37.339209 55.810393
37.341996 55.811601
37.344596 55.812712
37.344722 55.812765
37.344833 55.812812
37.344869 55.812827
37.347669 55.814023
37.349904 55.815003
37.350026 55.815056
37.351241 55.815583
37.351417 55.815645
37.351575 55.815690
37.351690 55.815716
37.351810 55.815731
37.351980 55.815743
37.352207 55.815747
37.352771 55.815732
37.353227 55.815728
37.353672 55.815739
37.353972 55.815756
37.354119 55.815769
37.354296 55.815791
37.354467 55.815824
37.354672 55.815876
37.354868 55.815942
37.355140 55.816066
37.355366 55.816169
37.355545 55.816275
37.355995 55.816565
37.356406 55.816753
37.356906 55.817061
37.357410 55.817374
37.357869 55.817671
37.357951 55.817762
37.358068 55.817841
37.358535 55.818054
37.359611 55.818721
37.359670 55.818765
37.360405 55.818545
37.360934 55.818376
37.361168 55.818352
37.361325 55.818230
37.362495 55.817317
37.362713 55.817399
37.364402 55.818106
37.364484 55.818140
37.364528 55.818155
37.364571 55.818160
37.364658 55.818166
37.365663 55.818078
37.365644 55.818001
37.365626 55.817935
37.365979 55.817907
37.366252 55.817885
37.365721 55.817725
37.365592 55.817686
