135.799330 34.933432
135.799149 34.933302
135.798864 34.933114
135.798795 34.933068
135.798758 34.933044
135.798401 34.932808
135.798700 34.932508
135.798791 34.932402
135.799062 34.932088
135.799275 34.931848
135.799396 34.931711
135.799555 34.931416
135.799773 34.930899
135.799847 34.930470
135.799854 34.930431
135.799864 34.930011
135.799860 34.929870
135.799831 34.929145
135.799820 34.928929
135.800231 34.928851
135.800269 34.928843
135.800537 34.928797
135.800633 34.928782
135.800718 34.928781
135.800804 34.928792
135.800879 34.928807
135.800939 34.928827
135.801222 34.928947
135.801623 34.929130
135.801813 34.929219
135.801882 34.929246
135.801962 34.929269
135.802063 34.929288
135.802158 34.929297
135.802266 34.929294
135.802340 34.929279
135.802417 34.929254
135.802487 34.929222
135.802637 34.929151
135.802820 34.929058
135.803035 34.928946
135.803280 34.928789
135.803490 34.928650
135.804016 34.928290
135.804647 34.927872
135.804855 34.927724
135.805047 34.927593
135.805219 34.927477
135.805422 34.927360
135.805612 34.927257
135.805749 34.927189
135.805851 34.927145
135.806124 34.927040
135.806421 34.926921
135.806710 34.926810
135.807041 34.926679
135.807350 34.926563
135.807519 34.926503
135.807639 34.926454
135.807954 34.926342
135.808113 34.926286
135.808260 34.926250
135.808428 34.926219
135.808655 34.926195
135.808903 34.926185
135.809155 34.926181
135.809446 34.926164
135.809551 34.926148
135.809651 34.926127
135.809843 34.926075
135.809935 34.926032
135.810038 34.925982
135.810140 34.925920
135.810395 34.925741
135.810666 34.925538
135.810716 34.925500
135.810934 34.925340
135.811111 34.925241
135.811309 34.925167
135.811453 34.925131
135.811662 34.925115
135.811904 34.925125
135.812255 34.925160
135.812631 34.925202
135.812830 34.925241
135.813027 34.925301
135.813231 34.925410
135.813392 34.925538
135.813507 34.925683
135.813598 34.925835
135.813628 34.925888
135.813832 34.926345
135.813982 34.926657
135.814052 34.926817
135.814194 34.927113
135.814229 34.927190
135.814304 34.927357
135.814488 34.927746
135.814535 34.927858
135.814569 34.927962
135.814581 34.928056
135.814571 34.928152
135.814540 34.928275
135.814502 34.928372
135.814447 34.928452
135.814371 34.928541
135.814159 34.928720
135.814054 34.928801
135.814161 34.928861
135.814316 34.928956
135.814601 34.929111
135.814719 34.929172
135.814875 34.929252
135.814994 34.929296
135.815125 34.929320
135.815287 34.929320
135.815383 34.929313
135.815564 34.929241
135.815706 34.929129
135.815838 34.928981
135.815898 34.928920
135.816108 34.928640
135.816159 34.928573
135.816229 34.928466
135.816404 34.928201
135.816474 34.928093
135.816630 34.927848
135.816678 34.927774
135.816833 34.927538
135.816857 34.927500
135.817092 34.927169
135.817330 34.926854
135.817396 34.926753
135.817445 34.926646
135.817540 34.926379
135.817633 34.926062
135.817736 34.925715
135.817812 34.925477
135.817870 34.925275
135.817883 34.925141
135.817898 34.924992
135.817934 34.924874
135.818005 34.924773
135.818109 34.924689
135.818393 34.924533
135.818912 34.924253
135.819087 34.924187
135.819284 34.924154
135.819404 34.924078
135.819590 34.923957
135.819863 34.923760
135.820205 34.923576
135.820651 34.923358
135.820817 34.923349
135.820966 34.923331
135.821097 34.923279
135.821211 34.923191
135.821351 34.923060
135.821736 34.922631
135.822016 34.922220
135.822393 34.921835
135.822515 34.921669
135.822611 34.921607
135.822760 34.921537
135.822891 34.921450
135.823049 34.921353
135.823198 34.921283
135.823382 34.921100
135.823819 34.920785
135.824134 34.920653
135.824537 34.920373
135.824826 34.920154
135.825079 34.920023
135.825360 34.919857
135.825561 34.919804
135.825841 34.919778
135.826103 34.919752
135.826305 34.919673
135.826532 34.919480
135.826848 34.919139
135.827014 34.918929
135.827198 34.918684
135.827303 34.918553
135.827469 34.918456
135.827679 34.918413
135.827915 34.918395
135.828169 34.918421
135.828405 34.918509
135.828642 34.918640
135.828825 34.918833
135.828887 34.919034
135.828957 34.919297
135.829071 34.919542
135.829149 34.919594
135.829307 34.919550
135.829421 34.919463
135.829456 34.919358
135.829412 34.919200
135.829316 34.919069
135.829299 34.918991
135.829349 34.918879
135.829461 34.918727
135.829646 34.918548
135.829870 34.918430
135.830066 34.918369
135.830268 34.918324
135.830425 34.918307
135.830598 34.918324
135.830738 34.918374
135.830861 34.918380
135.830940 34.918296
135.831007 34.918206
135.831074 34.918089
135.831198 34.918010
135.831394 34.917971
135.831590 34.917999
135.831814 34.918038
135.831920 34.918111
135.832010 34.918223
135.832094 34.918290
135.832211 34.918307
135.832346 34.918290
135.832564 34.918246
135.832710 34.918201
135.832816 34.918089
135.832917 34.917921
135.833040 34.917814
135.833332 34.917702
135.833651 34.917613
135.833970 34.917495
135.834166 34.917456
135.834278 34.917518
135.834340 34.917663
135.834273 34.917798
135.834138 34.917865
135.833976 34.917949
135.833948 34.918050
135.834037 34.918156
135.834222 34.918173
135.834357 34.918145
135.834452 34.918061
135.834514 34.917960
135.834579 34.917841
135.834677 34.917758
135.834797 34.917689
135.834883 34.917646
135.834958 34.917574
135.835001 34.917465
135.835015 34.917359
135.835050 34.917256
135.835133 34.917124
135.835179 34.917012
135.835210 34.916906
135.835202 34.916791
135.835156 34.916694
135.835107 34.916605
135.835090 34.916513
135.835121 34.916435
135.835201 34.916363
135.835308 34.916391
135.835690 34.916458
135.835790 34.916447
135.835902 34.916397
135.835971 34.916321
135.836136 34.915996
135.836666 34.915338
135.836681 34.915096
135.836616 34.914859
135.836531 34.914720
135.836452 34.914633
135.836426 34.914418
135.836451 34.914268
135.836550 34.914179
135.836836 34.914075
135.837125 34.914144
135.837978 34.913975
135.838727 34.914328
135.839639 34.914553
135.840428 34.914737
135.840966 34.914948
135.841320 34.915329
135.841646 34.915492
135.841973 34.915737
135.842334 34.915839
135.842919 34.915839
135.843402 34.915615
135.844001 34.915574
135.844457 34.915411
135.845043 34.915227
135.845567 34.915227
135.846057 34.915349
135.846261 34.915581
135.846445 34.915805
135.846588 34.916030
135.846894 34.915594
135.847180 34.915247
135.847432 34.915111
135.847520 34.915268
135.847139 34.915628
135.846928 34.915955
135.846860 34.916227
135.847044 34.916316
135.847268 34.915771
135.847656 34.915554
135.848105 34.915390
135.848208 34.915533
135.848466 34.915662
135.848732 34.915676
135.849045 34.915656
135.849507 34.915567
135.849746 34.915581
135.850161 34.915309
135.850494 34.915104
135.850481 34.914846
135.850399 34.914608
135.850433 34.914431
135.850658 34.914390
135.850991 34.914267
135.851236 34.914152
135.851454 34.914165
135.851570 34.914029
135.851542 34.913818
135.851393 34.913736
135.851182 34.913757
135.850889 34.913689
135.850800 34.913512
135.850957 34.913376
135.851236 34.913144
135.851331 34.912981
135.851291 34.912736
135.851359 34.912613
135.851563 34.912457
135.851767 34.912402
135.851896 34.912239
135.851842 34.912103
135.851917 34.911933
135.852040 34.911840
135.852084 34.911809
135.852128 34.911783
135.852352 34.911538
135.852536 34.911354
135.852563 34.911136
135.852563 34.910898
135.852686 34.910755
135.852931 34.910578
135.853081 34.910292
135.853421 34.910224
135.853754 34.910320
135.853986 34.910422
135.854067 34.910612
135.854163 34.910851
135.854067 34.911055
135.854095 34.911211
135.854272 34.911109
135.854367 34.910796
135.854231 34.910565
135.854156 34.910401
135.854285 34.910320
135.854544 34.910272
135.854918 34.910163
135.855388 34.909966
135.855694 34.909973
135.855932 34.910047
135.856136 34.910252
135.856232 34.910456
135.856490 34.910612
135.856783 34.910633
135.857137 34.910735
135.857532 34.910891
135.858341 34.911327
135.858906 34.911592
135.859505 34.911729
135.859555 34.911727
135.859703 34.911722
135.859948 34.911531
135.860268 34.911477
135.860717 34.911477
135.861071 34.911484
135.861404 34.911341
135.861561 34.911055
135.861710 34.910674
135.861949 34.910313
135.862330 34.910000
135.862725 34.909755
135.863099 34.909632
135.863358 34.909483
135.863596 34.909197
135.863861 34.908822
135.864058 34.908543
135.864263 34.908339
135.864589 34.908251
135.864896 34.908292
135.865127 34.908339
135.865216 34.908407
135.865433 34.908468
135.865624 34.908441
135.865753 34.908441
135.865801 34.908550
135.865855 34.908720
135.865971 34.908686
135.865957 34.908496
135.865910 34.908203
135.866019 34.907999
135.866223 34.907781
135.866434 34.907604
135.866652 34.907529
135.866903 34.907584
135.867101 34.907679
135.867264 34.907747
135.867434 34.907740
135.867511 34.907728
135.867831 34.907750
135.867909 34.907561
135.868274 34.906813
135.868351 34.906643
135.868682 34.906741
135.868864 34.906726
135.868928 34.906689
135.869092 34.906473
135.869246 34.906376
135.869419 34.906331
135.869784 34.906376
135.870148 34.906368
135.870521 34.906331
135.870822 34.906271
135.871077 34.906174
135.871256 34.906026
135.871432 34.905853
135.871678 34.905651
135.872197 34.905464
135.872898 34.905203
135.873544 34.904904
135.874118 34.904621
135.874246 34.904565
135.874519 34.904449
135.874901 34.904404
135.875224 34.904446
135.875617 34.904491
135.876085 34.904538
135.876613 34.904568
135.876918 34.904529
135.876982 34.904521
135.877086 34.904494
135.877351 34.904404
135.877761 34.904202
135.878152 34.904068
135.878498 34.903911
135.878890 34.903859
135.879336 34.903784
135.879809 34.903590
135.879941 34.903487
135.880046 34.903411
135.880265 34.903045
135.880383 34.902836
135.880520 34.902634
135.880829 34.902388
135.881303 34.902074
135.881603 34.901880
135.881884 34.901739
135.882050 34.901656
135.882148 34.901624
135.882478 34.901514
135.882714 34.901462
135.883186 34.901280
135.883569 34.901018
135.883912 34.900695
135.884194 34.900544
135.884618 34.900322
135.884863 34.900252
135.885212 34.900150
135.885344 34.900110
135.885878 34.900009
135.886493 34.899878
135.887057 34.899667
135.887416 34.899518
135.887693 34.899405
135.888197 34.899314
135.888610 34.899354
135.889034 34.899536
135.889457 34.899798
135.889870 34.900019
135.890072 34.900282
135.890102 34.900856
135.890193 34.902137
135.890190 34.902297
135.890314 34.902584
135.890403 34.902748
135.890485 34.902821
135.890737 34.902900
135.890826 34.902945
135.890881 34.903018
135.890936 34.903226
135.891024 34.903711
135.891072 34.903824
135.891106 34.903909
135.891284 34.904123
135.891339 34.904196
135.891387 34.904303
135.891421 34.904827
135.891428 34.905103
135.891414 34.905182
135.891339 34.905351
135.891154 34.905701
135.891113 34.905808
135.891079 34.905960
135.890997 34.906455
135.890940 34.906707
135.890889 34.907127
135.890884 34.907170
135.890828 34.907853
135.890919 34.908347
135.891232 34.908549
135.891554 34.908660
135.891937 34.908660
135.892653 34.908559
135.893036 34.908478
135.893288 34.908509
135.893631 34.908650
135.893853 34.908660
135.894296 34.908519
135.894669 34.908428
135.894992 34.908257
135.895355 34.907974
135.895829 34.907702
135.896474 34.907490
135.897049 34.907420
135.897724 34.907359
135.898178 34.907470
135.898843 34.907722
135.899146 34.907894
135.899398 34.908055
135.899600 34.908075
135.899902 34.907974
135.900094 34.907884
135.900346 34.907884
135.900628 34.907954
135.900850 34.908166
135.901132 34.908388
135.901535 34.908599
135.901818 34.908730
135.902080 34.908912
135.902352 34.909235
135.902554 34.909557
135.902683 34.909653
135.902836 34.909759
135.903300 34.909799
135.904066 34.909759
135.904782 34.909771
135.904883 34.909769
135.905498 34.909729
135.905901 34.909648
135.906314 34.909416
135.906879 34.908952
135.907131 34.908690
135.907383 34.908458
135.907605 34.908347
135.907948 34.908105
135.908069 34.908001
135.908301 34.907793
135.908704 34.907541
135.909319 34.907390
135.909641 34.907319
135.909870 34.907302
135.910105 34.907369
135.910664 34.907653
135.911090 34.907847
135.911194 34.907894
135.911360 34.908103
135.911466 34.908237
135.912051 34.909003
135.912515 34.909527
135.912928 34.909940
135.913309 34.910304
135.913384 34.910437
135.913532 34.910684
135.913557 34.910731
135.913641 34.910836
135.914055 34.911254
135.914542 34.911698
135.914718 34.911867
135.914809 34.912012
135.914858 34.912139
135.914876 34.912238
135.914817 34.912664
135.914798 34.912709
135.914694 34.913106
135.914671 34.913189
135.914464 34.913697
135.914681 34.913779
135.914919 34.913824
135.915630 34.914018
135.915678 34.914035
135.916115 34.914115
135.916471 34.914188
135.917168 34.914328
135.917284 34.914351
135.917346 34.914351
135.917844 34.914352
135.918267 34.914335
135.918767 34.914306
135.919067 34.914285
135.919450 34.914250
135.920202 34.914250
135.920359 34.914290
135.920625 34.914402
135.920824 34.914498
135.920954 34.914571
135.921166 34.914757
135.921207 34.914802
135.921576 34.915366
135.921740 34.915619
135.921844 34.915770
135.921918 34.915918
135.922082 34.916166
135.922410 34.916566
135.922690 34.916843
135.922861 34.916961
135.922963 34.917006
135.923263 34.917097
135.923875 34.917284
135.924466 34.917415
135.924692 34.917459
135.924965 34.917488
135.925187 34.917394
135.925260 34.917334
135.925401 34.917219
135.925491 34.917139
135.925682 34.916978
135.925782 34.916892
135.926098 34.916648
135.926392 34.916447
135.926679 34.916290
135.926994 34.916089
135.927224 34.915852
135.927511 34.915551
135.927833 34.915243
135.928285 34.914956
135.928880 34.914597
135.929189 34.914181
135.929318 34.913801
135.929469 34.913364
135.929497 34.912948
135.929540 34.912661
135.929763 34.912116
135.929920 34.911908
135.930136 34.911858
135.930358 34.911893
135.930580 34.911980
135.930767 34.912087
135.930896 34.912209
135.931125 34.912281
135.931520 34.912238
135.931728 34.912180
135.931893 34.912080
135.932201 34.911836
135.932560 34.911628
135.932839 34.911434
135.933126 34.911219
135.933169 34.911026
135.933162 34.910767
135.933054 34.910416
135.932975 34.910222
135.932947 34.910014
135.933004 34.909713
135.933105 34.909347
135.933320 34.908817
135.933600 34.908300
135.933922 34.907676
135.934188 34.907146
135.934360 34.906816
135.934561 34.906572
135.934998 34.906285
135.935299 34.906091
135.935474 34.906054
135.935683 34.906002
135.935904 34.906023
135.936092 34.906070
135.936490 34.906271
135.936687 34.906381
135.937040 34.906557
135.937345 34.906676
135.937805 34.906831
135.939058 34.907179
135.939434 34.907242
135.939667 34.907242
135.939988 34.907184
135.940536 34.907041
135.940791 34.906941
135.941051 34.906776
135.941959 34.906284
135.942392 34.906213
135.942873 34.906185
135.943282 34.906091
135.943583 34.905905
135.943862 34.905639
135.944056 34.905510
135.944300 34.905482
135.944522 34.905568
135.944816 34.905797
135.945153 34.906041
135.945347 34.906228
135.945519 34.906271
135.945741 34.906278
135.945907 34.906231
135.946315 34.906093
135.946523 34.906020
135.946832 34.905876
135.947083 34.905704
135.947170 34.905643
135.947434 34.905460
135.947897 34.905034
135.947956 34.904969
135.948201 34.904692
135.948689 34.904133
135.949586 34.903187
135.949966 34.902742
135.950310 34.902305
135.950475 34.901846
135.950468 34.901344
135.950375 34.901014
135.950217 34.900728
135.950152 34.900612
135.949801 34.900196
135.949621 34.899890
135.949540 34.899743
135.949473 34.899596
135.949441 34.899477
135.949435 34.899369
135.949443 34.899167
135.949442 34.899135
135.949477 34.898643
135.949500 34.898246
135.949522 34.897991
135.949636 34.896746
135.949746 34.895526
135.949806 34.894853
135.949815 34.894753
135.949865 34.894100
135.952809 34.885681
135.953056 34.885315
135.953154 34.885184
135.953165 34.885154
135.953184 34.885099
135.953256 34.884914
135.953316 34.884201
135.953327 34.883920
135.953361 34.883467
135.953446 34.882806
135.953511 34.882345
135.953556 34.882024
135.953641 34.881537
135.953726 34.880415
135.953993 34.879901
135.954095 34.879810
135.954355 34.879512
135.954426 34.879471
135.954498 34.879447
135.954693 34.879379
135.954773 34.879338
135.954990 34.879263
135.955227 34.879210
135.955474 34.879146
135.955705 34.879051
135.955818 34.879010
135.956019 34.878899
135.956187 34.878807
135.956433 34.878627
135.956563 34.878526
135.956781 34.878311
135.956964 34.878114
135.957143 34.877891
135.957262 34.877701
135.957314 34.877556
135.957349 34.877404
135.957360 34.876928
135.957367 34.876833
135.957381 34.876684
135.957396 34.876473
135.957411 34.876288
135.957458 34.875933
135.957528 34.875698
135.957561 34.875603
135.957679 34.875225
135.957902 34.874608
135.958088 34.874143
135.958159 34.873943
135.958237 34.873763
135.958326 34.873615
135.958470 34.873453
135.958668 34.873284
135.959119 34.872995
135.959440 34.872815
135.959632 34.872720
135.959857 34.872624
135.960076 34.872574
135.960383 34.872574
135.960445 34.872579
135.960804 34.872690
135.961045 34.872777
135.961292 34.872884
135.961479 34.872984
135.961982 34.873272
135.962201 34.873374
135.962358 34.873424
135.962385 34.873430
135.962732 34.873460
135.963322 34.873490
135.963745 34.873509
135.964290 34.873530
135.965495 34.873594
135.965823 34.873594
135.966088 34.873599
135.966283 34.873585
135.966478 34.873544
135.966647 34.873497
135.966775 34.873462
135.967484 34.873201
135.967570 34.873168
135.968037 34.873010
135.968105 34.872987
135.968580 34.872814
135.968742 34.872758
135.969172 34.872596
135.969303 34.872548
135.969446 34.872486
135.969610 34.872409
135.969929 34.872233
135.969989 34.872174
135.970062 34.872087
135.970124 34.872011
135.970247 34.871830
135.970329 34.871656
135.970431 34.871374
135.970483 34.871207
135.970508 34.870947
135.970499 34.870809
135.970463 34.870633
135.970419 34.870500
135.970309 34.870304
135.970144 34.870079
135.969643 34.869419
135.969475 34.869197
135.969232 34.868851
135.968892 34.868267
135.968775 34.868058
135.968692 34.867848
135.968630 34.867599
135.968583 34.867228
135.968568 34.867056
135.968573 34.866951
135.968585 34.866722
135.968657 34.866278
135.968667 34.866202
135.968672 34.866090
135.968704 34.865900
135.968724 34.865823
135.968778 34.865697
135.968872 34.865556
135.968973 34.865456
135.969163 34.865282
135.969254 34.865173
135.969338 34.865057
135.969370 34.864932
135.969390 34.864711
135.969370 34.864366
135.969363 34.864100
135.969373 34.864049
135.969410 34.863871
135.969548 34.863421
135.969575 34.863310
135.969637 34.863095
135.969642 34.862941
135.969575 34.862737
135.969499 34.862637
135.969398 34.862562
135.969304 34.862510
135.969171 34.862453
135.968919 34.862350
135.968689 34.862263
135.968536 34.862194
135.968403 34.862101
135.968324 34.862007
135.968275 34.861908
135.968260 34.861762
135.968299 34.861604
135.968410 34.861370
135.968467 34.861187
