3.595657 44.322213
3.595965 44.321911
3.596450 44.322108
3.596344 44.322561
3.596274 44.322862
3.596196 44.323260
3.596093 44.323394
3.595998 44.323523
3.595793 44.323793
3.595559 44.324101
3.595219 44.324537
3.595204 44.324556
3.595122 44.324656
3.594989 44.324827
3.594718 44.325172
3.594658 44.325247
3.594251 44.325756
3.594512 44.325879
3.595112 44.326215
3.595538 44.326460
3.595596 44.326443
3.595658 44.326401
3.595722 44.326357
3.595768 44.326322
3.595811 44.326361
3.595870 44.326388
3.595890 44.326354
3.595912 44.326336
3.595969 44.326313
3.596016 44.326309
3.596055 44.326314
3.596114 44.326338
3.596140 44.326362
3.596156 44.326393
3.596159 44.326421
3.596148 44.326454
3.596124 44.326483
3.596086 44.326506
3.596036 44.326519
3.595984 44.326562
3.595938 44.326606
3.595686 44.326844
3.595619 44.326947
3.595383 44.327272
3.595276 44.327495
3.595134 44.327694
3.595021 44.327855
3.594890 44.328057
3.594740 44.328205
3.594598 44.328394
3.594190 44.328872
3.593667 44.329379
3.592653 44.330263
3.592318 44.330557
3.592288 44.330588
3.592012 44.330879
3.591728 44.331148
3.591424 44.331418
3.591349 44.331489
3.591266 44.331566
3.591086 44.331699
3.590964 44.331776
3.590800 44.331844
3.590526 44.331960
3.590223 44.332067
3.589978 44.332171
3.589673 44.332295
3.589426 44.332388
3.589220 44.332459
3.588895 44.332577
3.588515 44.332718
3.588222 44.332832
3.587936 44.332959
3.587661 44.333094
3.587380 44.333266
3.587185 44.333396
3.586978 44.333563
3.586745 44.333779
3.586595 44.333962
3.586449 44.334167
3.586370 44.334312
3.586288 44.334496
3.586218 44.334694
3.586169 44.334886
3.586141 44.335072
3.586131 44.335233
3.586136 44.335377
3.586183 44.335572
3.586209 44.335690
3.586241 44.335800
3.586259 44.335853
3.586301 44.335875
3.586393 44.335905
3.586543 44.335946
3.586977 44.335952
3.587140 44.335957
3.587311 44.335952
3.587672 44.335883
3.589401 44.335574
3.589759 44.335555
3.592080 44.335723
3.592363 44.335759
3.593483 44.336099
3.593849 44.336283
3.595526 44.336643
3.596073 44.336871
3.596772 44.337584
3.596895 44.337936
3.596989 44.339032
3.597021 44.339902
3.596812 44.340953
3.596614 44.341307
3.596198 44.342001
3.595664 44.342681
3.595586 44.342843
3.595626 44.343018
3.595764 44.343166
3.595986 44.343243
3.596328 44.343281
3.597916 44.343502
3.598932 44.343605
3.599395 44.343758
3.600510 44.343719
3.600777 44.343633
3.601113 44.343447
3.601322 44.343368
3.601684 44.343304
3.602161 44.343235
3.602420 44.343212
3.602767 44.343233
3.603595 44.343431
3.603818 44.343483
3.604475 44.343635
3.604648 44.343682
3.604850 44.343750
3.605427 44.344029
3.605481 44.344057
3.605724 44.344165
3.605859 44.344218
3.606108 44.344259
3.606649 44.344262
3.607648 44.344480
3.608242 44.344569
3.608315 44.344561
3.608438 44.344535
3.608608 44.344482
3.608862 44.344448
3.609469 44.344435
3.609740 44.344431
3.609936 44.344451
3.610034 44.344502
3.610437 44.344856
3.610585 44.344985
3.610774 44.345061
3.610859 44.345071
3.611039 44.345074
3.612375 44.344924
3.612946 44.344854
3.613186 44.344839
3.613386 44.344836
3.613538 44.344869
3.614106 44.345056
3.614965 44.345262
3.615559 44.345402
3.615843 44.345485
3.616092 44.345579
3.618158 44.346447
3.618423 44.346606
3.618724 44.346878
3.618920 44.347069
3.619071 44.347146
3.619681 44.347390
3.620682 44.347918
3.621218 44.348168
3.621973 44.348481
3.622285 44.348568
3.623198 44.348755
3.623559 44.348795
3.624002 44.348813
3.624778 44.348771
3.625078 44.348731
3.625290 44.348712
3.625480 44.348747
3.625624 44.348823
3.625866 44.348870
3.626108 44.348916
3.626229 44.348917
3.626397 44.348887
3.626486 44.348918
3.626564 44.348959
3.626688 44.349029
3.626835 44.349049
3.626996 44.349042
3.627226 44.348986
3.627446 44.348954
3.627773 44.348942
3.627905 44.348944
3.628026 44.348980
3.628224 44.349102
3.628387 44.349207
3.628513 44.349248
3.628997 44.349292
3.629308 44.349314
3.629812 44.349299
3.630429 44.349276
3.630872 44.349309
3.631048 44.349363
3.631140 44.349439
3.631289 44.349668
3.631363 44.349820
3.631369 44.350028
3.631341 44.350202
3.631183 44.350509
3.631057 44.350660
3.630866 44.350829
3.630571 44.351083
3.630340 44.351263
3.630051 44.351517
3.629912 44.351749
3.629746 44.352383
3.629769 44.352627
3.629823 44.352815
3.630000 44.353114
3.630069 44.353280
3.630055 44.353369
3.629976 44.353504
3.629941 44.353606
3.629965 44.353695
3.630176 44.353828
3.630525 44.354030
3.630701 44.354118
3.630799 44.354140
3.630953 44.354131
3.631792 44.354105
3.632028 44.354128
3.632237 44.354178
3.632416 44.354180
3.632665 44.354145
3.633208 44.354092
3.633605 44.354069
3.633945 44.354086
3.634801 44.354211
3.636206 44.354374
3.636903 44.354420
3.637212 44.354476
3.637366 44.354548
3.637500 44.354674
3.637648 44.354876
3.637841 44.355069
3.638083 44.355230
3.638359 44.355440
3.638428 44.355510
3.638534 44.355684
3.638975 44.356038
3.639138 44.356121
3.639632 44.356268
3.640134 44.356450
3.640475 44.356514
3.640679 44.356585
3.641103 44.356800
3.641317 44.356982
3.641458 44.357188
3.641541 44.357434
3.641603 44.357728
3.641674 44.357885
3.641786 44.358005
3.641969 44.358132
3.642259 44.358290
3.642442 44.358349
3.642617 44.358356
3.642627 44.358357
3.642758 44.358310
3.642837 44.358238
3.642896 44.358129
3.642873 44.357989
3.642689 44.357698
3.642586 44.357477
3.642558 44.357363
3.642507 44.356982
3.642355 44.356624
3.642335 44.356468
3.642412 44.356365
3.642604 44.356268
3.643085 44.356110
3.644047 44.355802
3.644752 44.355582
3.645329 44.355317
3.645695 44.355133
3.646154 44.354784
3.646302 44.354731
3.646505 44.354700
3.646724 44.354681
3.646962 44.354606
3.647121 44.354537
3.647477 44.354436
3.648010 44.354364
3.648704 44.354297
3.649370 44.354179
3.649745 44.354189
3.650567 44.354245
3.650964 44.354284
3.651212 44.354352
3.651400 44.354464
3.651713 44.354727
3.651836 44.354839
3.651970 44.355014
3.652000 44.355228
3.651933 44.355352
3.651803 44.355596
3.651759 44.355695
3.651731 44.355852
3.651765 44.355991
3.651836 44.356097
3.651995 44.356194
3.652205 44.356260
3.652434 44.356268
3.652896 44.356147
3.653259 44.356131
3.653556 44.356181
3.653897 44.356279
3.655386 44.356714
3.655575 44.356739
3.655829 44.356700
3.656337 44.356581
3.656597 44.356482
3.657109 44.356289
3.657544 44.356117
3.657842 44.355972
3.658180 44.355761
3.658564 44.355467
3.658706 44.355379
3.658873 44.355320
3.659205 44.355244
3.659651 44.355185
3.659801 44.355206
3.659938 44.355274
3.660020 44.355375
3.660092 44.355500
3.660176 44.355590
3.660288 44.355671
3.660425 44.355783
3.660576 44.355988
3.660909 44.356516
3.660903 44.356994
3.660959 44.357149
3.661036 44.357225
3.661136 44.357266
3.661300 44.357264
3.661576 44.357205
3.662402 44.357084
3.662696 44.357047
3.663245 44.357044
3.663568 44.357047
3.664038 44.357014
3.665014 44.356928
3.665749 44.357058
3.666303 44.357084
3.666959 44.357034
3.667535 44.357066
3.667869 44.357326
3.668205 44.357804
3.668593 44.358286
3.668736 44.358490
3.668790 44.358815
3.668974 44.359247
3.669398 44.359503
3.669767 44.360427
3.669750 44.360689
3.669821 44.361025
3.670164 44.361442
3.670984 44.362163
3.672275 44.362644
3.672746 44.362628
3.673269 44.362284
3.673965 44.361999
3.674727 44.361891
3.676035 44.361423
3.676678 44.361201
3.677560 44.360658
3.678041 44.360626
3.679101 44.360948
3.679429 44.361191
3.679946 44.361244
3.680177 44.361484
3.680352 44.361880
3.680833 44.362093
3.682337 44.362095
3.682839 44.361916
3.683367 44.361692
3.684250 44.361360
3.685260 44.361259
3.685552 44.361532
3.685480 44.361928
3.684942 44.362437
3.684293 44.363094
3.684266 44.363437
3.684461 44.363757
3.684430 44.364143
3.684244 44.364569
3.684397 44.364793
3.684659 44.364794
3.684860 44.364679
3.685577 44.363514
3.686347 44.363319
3.686618 44.363439
3.686894 44.364032
3.687369 44.364314
3.688551 44.364402
3.688924 44.364339
3.689928 44.363880
3.690427 44.363746
3.692027 44.363584
3.692537 44.363701
3.692950 44.363683
3.694727 44.364524
3.695472 44.364826
3.698154 44.365355
3.698289 44.365585
3.698535 44.365706
3.698990 44.365849
3.699172 44.366012
3.699355 44.366357
3.699583 44.366742
3.699716 44.367141
3.699974 44.367219
3.700544 44.366797
3.701267 44.366698
3.702093 44.366835
3.703489 44.366584
3.704340 44.366334
3.705051 44.366203
3.705232 44.366252
3.705350 44.366394
3.705218 44.366704
3.705329 44.366888
3.705715 44.366913
3.706056 44.366733
3.706721 44.366263
3.707278 44.365865
3.707365 44.365722
3.707217 44.365569
3.707198 44.365279
3.707411 44.364882
3.708316 44.364133
3.708643 44.364009
3.709381 44.363930
3.709942 44.363751
3.710469 44.363719
3.710947 44.363439
3.711668 44.363390
3.712216 44.363034
3.714002 44.362488
3.714438 44.362145
3.715085 44.361170
3.715289 44.361073
3.715781 44.361187
3.716635 44.361283
3.717324 44.361413
3.718494 44.361246
3.719383 44.361047
3.719703 44.361060
3.719877 44.361274
3.719854 44.361697
3.719683 44.362117
3.719690 44.362419
3.719959 44.362567
3.720379 44.362471
3.721955 44.361968
3.722541 44.362010
3.723926 44.362474
3.724287 44.362467
3.725025 44.362192
3.725900 44.362039
3.726376 44.362197
3.726658 44.362180
3.727134 44.361897
3.727431 44.361904
3.727661 44.362349
3.728337 44.362559
3.729763 44.362335
3.730303 44.362347
3.731205 44.362683
3.732234 44.362675
3.732788 44.362482
3.733372 44.362161
3.734259 44.361425
3.734695 44.361399
3.734967 44.361670
3.735024 44.362831
3.734935 44.363078
3.734799 44.363590
3.734094 44.365072
3.734068 44.365171
3.734174 44.365435
3.734149 44.366008
3.733865 44.366610
3.733732 44.366824
3.733742 44.366940
3.733830 44.367039
3.734111 44.367187
3.734346 44.367276
3.734599 44.367302
3.735466 44.367040
3.735592 44.367001
3.736069 44.366799
3.736415 44.366680
3.736986 44.366646
3.737526 44.366842
3.737683 44.366888
3.737794 44.366856
3.738389 44.366437
3.738724 44.366342
3.739220 44.366231
3.740118 44.365756
3.740753 44.365283
3.741244 44.364896
3.741592 44.364666
3.741678 44.364598
3.742259 44.364131
3.742663 44.363806
3.742771 44.363746
3.743177 44.363744
3.743351 44.363673
3.743509 44.363439
3.743566 44.363372
3.743578 44.363309
3.743959 44.363259
3.744755 44.363039
3.744926 44.363018
3.745954 44.363053
3.746238 44.363062
3.747057 44.363367
3.747438 44.363425
3.747712 44.363388
3.748045 44.363343
3.748742 44.363291
3.749260 44.363133
3.749603 44.363056
3.750465 44.363048
3.750945 44.363089
3.751309 44.363172
3.751798 44.363350
3.752201 44.363432
3.752814 44.363465
3.753212 44.363420
3.753402 44.363347
3.754162 44.363023
3.754384 44.362858
3.754737 44.362237
3.755021 44.361815
3.755188 44.361502
3.755355 44.361180
3.755520 44.360958
3.755793 44.360671
3.756298 44.360261
3.756614 44.359906
3.756829 44.359802
3.757099 44.359743
3.757368 44.359747
3.757605 44.359807
3.758024 44.359963
3.758502 44.360077
3.759129 44.360188
3.759446 44.360187
3.759852 44.360120
3.760092 44.360104
3.760741 44.360213
3.761463 44.360253
3.761900 44.360258
3.762471 44.360305
3.763687 44.360316
3.764295 44.360437
3.764701 44.360485
3.765083 44.360471
3.765449 44.360429
3.765681 44.360443
3.765877 44.360485
3.766045 44.360620
3.766125 44.360814
3.766133 44.360996
3.766071 44.361171
3.766028 44.361320
3.766082 44.361450
3.766167 44.361520
3.766315 44.361538
3.766605 44.361543
3.766739 44.361499
3.766851 44.361406
3.766979 44.361243
3.767181 44.360602
3.767324 44.360070
3.767420 44.359922
3.767662 44.359768
3.767831 44.359706
3.768140 44.359558
3.768342 44.359372
3.768503 44.359141
3.768606 44.358812
3.768710 44.358380
3.768876 44.358130
3.769120 44.357873
3.769433 44.357599
3.769604 44.357490
3.769825 44.357433
3.770205 44.357442
3.770640 44.357506
3.770828 44.357563
3.770942 44.357661
3.770975 44.357829
3.770898 44.358220
3.770789 44.358642
3.770785 44.358807
3.770923 44.358953
3.771101 44.359049
3.771355 44.359071
3.771810 44.359031
3.772493 44.358918
3.772897 44.358826
3.773068 44.358786
3.773628 44.358618
3.774037 44.358427
3.774666 44.358011
3.775034 44.357848
3.775199 44.357740
3.775426 44.357361
3.775512 44.357267
3.775683 44.357151
3.775815 44.357091
3.776106 44.356999
3.776376 44.356925
3.776528 44.356828
3.776641 44.356709
3.776800 44.356515
3.777119 44.356253
3.777577 44.356052
3.777941 44.355840
3.778263 44.355585
3.778477 44.355369
3.778662 44.355138
3.778872 44.354969
3.779035 44.354852
3.779166 44.354670
3.779359 44.354366
3.779553 44.354165
3.779825 44.353954
3.780438 44.353491
3.781351 44.352776
3.781503 44.352623
3.781790 44.352232
3.782148 44.351821
3.782740 44.351148
3.783107 44.350725
3.783271 44.350571
3.783430 44.350493
3.783846 44.350395
3.784218 44.350194
3.784805 44.349817
3.785035 44.349568
3.785667 44.348677
3.786076 44.348260
3.786322 44.348065
3.786683 44.347842
3.787489 44.347468
3.787586 44.347381
3.787621 44.347255
3.787634 44.347005
3.787638 44.346603
3.787572 44.346421
3.787481 44.346191
3.787444 44.346029
3.787454 44.345750
3.787641 44.344968
3.787656 44.344767
3.787692 44.344589
3.787796 44.344389
3.787830 44.344192
3.787793 44.343963
3.787768 44.343659
3.787856 44.343009
3.787910 44.342808
3.788136 44.342404
3.788481 44.341829
3.788865 44.341382
3.789150 44.341074
3.789500 44.340769
3.789909 44.340477
3.790004 44.340326
3.790087 44.340147
3.790231 44.339768
3.790413 44.339396
3.790530 44.339269
3.791054 44.338853
3.791225 44.338745
3.791367 44.338703
3.791652 44.338626
3.791875 44.338524
3.792124 44.338352
3.792677 44.337953
3.792850 44.337830
3.792959 44.337679
3.793545 44.336752
3.795408 44.335529
3.795668 44.335337
3.795885 44.335058
3.796054 44.334697
3.796051 44.334437
3.795893 44.333843
3.795848 44.333561
3.795897 44.333340
3.795961 44.333147
3.796190 44.332875
3.796400 44.332778
3.796633 44.332764
3.797317 44.332802
3.797923 44.332822
3.798672 44.332789
3.799364 44.332697
3.799914 44.332564
3.801321 44.331959
3.801737 44.331937
3.802296 44.331962
3.803149 44.332201
3.803678 44.332358
3.803975 44.332503
3.804249 44.332685
3.804702 44.333054
3.805161 44.333351
3.805400 44.333456
3.805899 44.333559
3.806470 44.333605
3.806955 44.333682
3.807241 44.333747
3.807819 44.333835
3.808041 44.333931
3.808557 44.334188
3.809297 44.334514
3.809710 44.334646
3.809874 44.334658
3.810044 44.334639
3.811035 44.334234
3.811346 44.334098
3.811583 44.334066
3.811808 44.334118
3.812116 44.334223
3.812304 44.334253
3.813943 44.333961
3.814408 44.333838
3.814949 44.333656
3.815627 44.333253
3.816010 44.332914
3.816031 44.332894
3.816281 44.332614
3.816587 44.332344
3.816847 44.332142
3.817091 44.331901
3.817295 44.331728
3.817428 44.331552
3.817453 44.331487
3.817407 44.331378
3.817341 44.331329
3.817203 44.331326
3.816633 44.331407
3.816399 44.331377
3.816252 44.331240
3.816182 44.330940
3.816025 44.330117
3.815938 44.329749
3.815726 44.329142
3.815613 44.328823
3.815600 44.328682
3.815675 44.328467
3.815744 44.328193
3.815743 44.328046
3.815780 44.327818
3.815887 44.327503
3.816152 44.327061
3.816399 44.326763
3.816491 44.326591
3.816552 44.326531
3.816619 44.326465
3.816710 44.326374
3.816904 44.326252
3.817420 44.326049
3.817950 44.325716
3.818593 44.325116
3.819517 44.323638
3.820330 44.322793
3.820675 44.322079
3.820929 44.321781
3.820994 44.321582
3.820965 44.321276
3.820888 44.320751
3.820870 44.319187
3.820929 44.319059
3.821111 44.319066
3.821902 44.319644
3.822999 44.320376
3.823481 44.320602
3.824777 44.321045
3.825166 44.321266
3.825428 44.321307
3.825879 44.321294
3.826685 44.321006
3.827171 44.320792
3.827473 44.320535
3.827547 44.320171
3.827547 44.319510
3.827641 44.319359
3.828403 44.318546
3.828758 44.318246
3.829542 44.317873
3.829968 44.317818
3.831584 44.317814
3.832030 44.317848
3.832303 44.317822
3.832709 44.317567
3.833126 44.317420
3.833456 44.317414
3.833828 44.317500
3.834370 44.317660
3.834609 44.317658
3.835361 44.317269
3.836161 44.316935
3.837298 44.316700
3.838051 44.316618
3.838666 44.316491
3.839384 44.316244
3.840444 44.315960
3.842257 44.315363
3.842583 44.315284
3.842745 44.315151
3.842984 44.314956
3.844276 44.314031
3.847233 44.312256
3.847597 44.312088
3.847737 44.312024
3.850024 44.310096
3.850804 44.309438
3.851723 44.308552
3.851827 44.308331
3.851797 44.308141
3.851573 44.308009
3.851426 44.307734
3.851379 44.307350
3.851702 44.306756
3.852040 44.306282
3.852353 44.305661
3.852596 44.305410
3.852928 44.305282
3.853455 44.305217
3.853880 44.305298
3.854213 44.305328
3.855074 44.305282
3.855655 44.305275
3.855935 44.305366
3.856138 44.305550
3.856220 44.306112
3.856364 44.306260
3.857242 44.306797
3.857517 44.307052
3.857782 44.307195
3.859181 44.307470
3.860269 44.307769
3.861131 44.308114
3.861640 44.308194
3.862036 44.308202
3.863149 44.308021
3.863901 44.307781
3.864568 44.307643
3.865325 44.307646
3.867147 44.307472
3.868212 44.307195
3.868892 44.307107
3.869334 44.307115
3.869768 44.307197
3.870178 44.307359
3.870765 44.307798
3.871125 44.308026
3.871355 44.308130
3.871738 44.308214
3.872079 44.308218
3.872352 44.308044
3.872581 44.307933
3.872933 44.307851
3.873162 44.307786
3.873242 44.307674
3.873293 44.307242
3.873361 44.306884
3.873626 44.306692
3.874270 44.306326
3.874660 44.306273
3.875035 44.306358
3.875223 44.306528
3.875291 44.306852
3.875297 44.307172
3.875466 44.307578
3.876082 44.308243
3.876584 44.309003
3.876810 44.309408
3.877162 44.309647
3.877383 44.309701
3.877694 44.309636
3.877972 44.309548
3.878210 44.309598
3.878644 44.309781
3.878964 44.309988
3.879861 44.310344
3.880422 44.310481
3.881359 44.310585
3.882160 44.310690
3.882872 44.310684
3.883410 44.310610
3.884541 44.310579
3.885858 44.310509
3.886791 44.310304
3.887249 44.310251
3.887843 44.310251
3.888648 44.310175
3.889371 44.310260
3.890030 44.310526
3.890701 44.310989
3.891789 44.311445
3.892525 44.311843
3.893008 44.312241
3.893721 44.312593
3.894480 44.312859
3.895168 44.312955
3.895330 44.312939
3.895544 44.312786
3.896526 44.312306
3.896995 44.312193
3.897426 44.312180
3.897540 44.312177
3.897856 44.312092
3.898693 44.311689
3.899045 44.311363
3.899176 44.311158
3.899790 44.310643
3.900476 44.310210
3.901131 44.310052
3.901982 44.309777
3.902792 44.309379
3.904264 44.308507
3.904639 44.308366
3.904847 44.308185
3.904952 44.307874
3.904998 44.307263
3.904765 44.306484
3.904723 44.306112
3.904755 44.305819
3.904941 44.305688
3.905208 44.305693
3.906187 44.305977
3.907157 44.306390
3.907340 44.306545
3.907528 44.306709
3.907699 44.306851
3.907904 44.306881
3.908158 44.306779
3.908420 44.306785
3.908821 44.306856
3.909541 44.306832
3.910297 44.306657
3.911063 44.306639
3.911616 44.306540
3.912074 44.306245
3.912815 44.305349
3.912999 44.305263
3.914301 44.305526
3.915052 44.305605
3.915691 44.305486
3.916006 44.305368
3.916562 44.304700
3.916883 44.304507
3.917213 44.304426
3.917832 44.304450
3.918479 44.304440
3.918892 44.304385
3.919205 44.304300
3.919651 44.304179
3.920489 44.304090
3.921091 44.304057
3.921242 44.304026
3.921301 44.304015
3.921402 44.303830
3.921644 44.303406
3.922027 44.303195
3.922200 44.303058
3.922226 44.302828
3.922011 44.302440
3.921700 44.302077
3.921454 44.301544
3.921438 44.301415
3.921774 44.301087
3.921921 44.300883
3.921855 44.300795
3.921544 44.300408
3.920976 44.299405
3.920735 44.298640
3.920602 44.298113
3.920702 44.297861
3.921008 44.297669
3.921550 44.297532
3.922289 44.297604
3.923189 44.297768
3.924113 44.297897
3.924954 44.297954
3.925332 44.297990
3.925839 44.297955
3.926128 44.298071
3.926428 44.298207
3.926548 44.298228
3.926706 44.298160
3.926821 44.298096
3.927140 44.298096
3.927369 44.298236
3.927451 44.298388
3.927631 44.298447
3.927852 44.298359
3.928205 44.298115
3.928465 44.297850
3.928645 44.297709
3.928792 44.297434
3.929839 44.296966
3.930597 44.296571
3.931377 44.296257
3.931701 44.296194
3.932114 44.296210
3.932451 44.296094
3.932834 44.295877
3.933377 44.295728
3.933922 44.295379
3.934005 44.295310
3.934289 44.295077
3.934429 44.294892
3.934909 44.294552
3.935441 44.293721
3.935595 44.293560
3.935899 44.293477
3.936085 44.293332
3.936174 44.293054
3.936074 44.292756
3.936047 44.292677
3.935967 44.292396
3.936025 44.291988
3.935875 44.291664
3.935926 44.291445
3.936128 44.291263
3.936745 44.291093
3.937450 44.290881
3.937603 44.290705
3.937717 44.290411
3.937900 44.290281
3.937982 44.289988
3.937936 44.289605
3.937931 44.289556
3.938197 44.289110
3.938626 44.288641
3.938918 44.288483
3.939042 44.288416
3.939219 44.288319
3.939465 44.288100
3.939700 44.287799
3.940139 44.287525
3.941091 44.286738
3.941254 44.286416
3.941530 44.286226
3.941868 44.285838
3.942215 44.285647
3.942737 44.285237
3.943586 44.284827
3.944721 44.284088
3.944895 44.283883
3.944976 44.283327
3.945600 44.283005
3.946285 44.282587
3.946899 44.282243
3.947277 44.282199
3.947850 44.282126
3.947921 44.282016
3.947952 44.281789
3.948085 44.281716
3.948617 44.281702
3.949148 44.281804
3.949561 44.282017
3.949701 44.282214
3.949905 44.282273
3.950375 44.282221
3.951398 44.281943
3.951819 44.281880
3.952860 44.282060
3.953467 44.282210
3.953693 44.282226
3.954322 44.281801
3.955517 44.281597
3.955691 44.281603
3.956033 44.281706
3.956327 44.281683
3.956818 44.281495
3.957162 44.281273
3.957841 44.281032
3.958152 44.280822
3.958790 44.280611
3.959082 44.280417
3.959289 44.280259
3.959400 44.280063
3.959526 44.279779
3.959780 44.279434
3.959837 44.279000
3.959992 44.278742
3.960197 44.278731
3.960393 44.278795
3.960500 44.279246
3.960377 44.279721
3.959952 44.280395
3.959731 44.280845
3.959739 44.281478
3.959919 44.282034
3.959935 44.282473
3.959984 44.282742
3.960213 44.282918
3.960540 44.283024
3.960958 44.282989
3.961416 44.282819
3.961743 44.282819
3.962315 44.283024
3.962602 44.283194
3.962618 44.283398
3.962667 44.283674
3.962831 44.283767
3.963150 44.283709
3.963428 44.283603
3.963665 44.283609
3.963862 44.283756
3.963813 44.283943
3.963575 44.284125
3.963559 44.284253
3.963731 44.284341
3.964140 44.284347
3.964672 44.284224
3.965146 44.283943
3.965760 44.283387
3.966136 44.283029
3.966504 44.282930
3.966889 44.283018
3.967289 44.283099
3.967698 44.283135
3.968007 44.283353
3.968910 44.283604
3.969533 44.283928
3.970456 44.284574
3.971031 44.284854
3.971361 44.284889
3.971931 44.284757
3.972373 44.284445
3.972642 44.284409
3.973217 44.284427
3.973711 44.284338
3.974035 44.284098
3.974361 44.283653
3.974626 44.283573
3.974777 44.283686
3.974981 44.284171
3.975177 44.284334
3.975505 44.284391
3.975927 44.284427
3.976124 44.284648
3.976413 44.284903
3.976873 44.285132
3.977282 44.285571
3.977534 44.285978
3.977653 44.286587
3.977832 44.286953
3.977932 44.287045
3.978156 44.287078
3.978368 44.286898
3.978756 44.285898
3.978931 44.285681
3.978944 44.285388
3.978752 44.285132
3.978650 44.284830
3.978854 44.284575
3.978841 44.284336
3.979017 44.284216
3.979698 44.284162
3.980286 44.283915
3.980618 44.283768
3.981219 44.283578
3.981263 44.283435
3.981155 44.283265
3.980810 44.283046
3.980521 44.282688
3.980449 44.282456
3.980541 44.282240
3.980989 44.282103
3.981157 44.281978
3.981191 44.281689
3.981270 44.281517
3.981692 44.281298
3.981819 44.281188
3.981858 44.280877
3.982082 44.280793
3.982753 44.280520
3.982919 44.280364
3.982993 44.280092
3.983123 44.280017
3.983443 44.280035
3.983629 44.280045
3.983784 44.279940
3.983993 44.279862
3.984182 44.279970
3.984322 44.280217
3.984719 44.280391
3.984817 44.280549
3.984831 44.281328
3.985128 44.281713
3.985146 44.281971
3.985562 44.282326
3.985898 44.282839
3.986240 44.282966
3.986738 44.283140
3.986918 44.283350
3.987070 44.283689
3.987275 44.283808
3.987837 44.283753
3.988160 44.283657
3.988630 44.283442
3.989001 44.283406
3.989253 44.283236
3.989231 44.282747
3.989358 44.282152
3.989516 44.282036
3.989793 44.282161
3.990368 44.282390
3.991425 44.282578
3.992057 44.282488
3.992682 44.282042
3.993110 44.281640
3.993308 44.281237
3.993476 44.281155
3.993832 44.281182
3.994113 44.281429
3.994344 44.281537
3.995277 44.281726
3.995509 44.281804
3.996340 44.282143
3.996463 44.282203
3.996530 44.282188
3.996460 44.282011
3.996445 44.281929
3.996442 44.281844
3.996516 44.281696
3.997078 44.281070
3.997153 44.280922
3.997148 44.280536
3.997501 44.279650
3.997458 44.279164
3.997687 44.278876
3.998210 44.278647
3.998483 44.278652
3.998823 44.278784
3.999174 44.278851
4.001268 44.278947
4.001670 44.278987
4.001855 44.279164
4.002209 44.279619
4.002351 44.279766
4.003049 44.280061
4.003433 44.280042
4.003740 44.279882
4.003945 44.279550
4.003860 44.279351
4.003491 44.278960
4.003497 44.278746
4.003949 44.277985
4.004207 44.277789
4.004524 44.277678
4.005170 44.277618
4.005714 44.277521
4.006836 44.277168
4.007096 44.277007
4.007270 44.276701
4.007513 44.276491
4.008738 44.276277
4.009466 44.276018
4.010516 44.275489
4.011242 44.274792
4.011619 44.274389
4.012189 44.274006
4.012587 44.273775
4.015575 44.272816
4.016091 44.272575
4.016522 44.272188
4.017134 44.271491
4.017421 44.270970
4.017854 44.270452
4.018208 44.270230
4.018431 44.270175
4.018688 44.270161
4.020910 44.270314
4.021331 44.270318
4.021694 44.270304
4.021856 44.270270
4.022030 44.270234
4.022239 44.270145
4.023050 44.269462
4.023803 44.269018
4.024416 44.268661
4.024498 44.268603
4.024541 44.268557
4.024967 44.268117
4.024970 44.268114
4.025195 44.267953
4.025508 44.267812
4.026542 44.267589
4.027026 44.267377
4.028570 44.266474
4.029095 44.266041
4.029767 44.265212
4.030266 44.264760
4.031247 44.264095
4.033105 44.263395
4.033749 44.262984
4.036248 44.260793
4.038210 44.259548
4.038997 44.259211
4.039754 44.259031
4.040154 44.258869
4.041117 44.258279
4.041674 44.258177
4.042058 44.258327
4.042647 44.258859
4.043064 44.259113
4.044546 44.259473
4.044790 44.259475
4.045028 44.259426
4.045303 44.259273
4.045471 44.258898
4.045764 44.257657
4.045762 44.256857
4.045807 44.256534
4.046238 44.255727
4.047287 44.252761
4.047336 44.252303
4.047207 44.252010
4.046909 44.251866
4.046460 44.251831
4.046148 44.251935
4.045886 44.252138
4.045615 44.252581
4.045462 44.252975
4.045309 44.253666
4.045055 44.254203
4.044925 44.254534
4.044856 44.254637
4.044729 44.254658
4.044601 44.254584
4.044584 44.254438
4.044755 44.254150
4.044901 44.253760
4.044861 44.253459
4.044748 44.253084
4.044701 44.252798
4.044700 44.252488
4.044783 44.252290
4.044968 44.252048
4.045193 44.251850
4.045358 44.251624
4.045558 44.251326
4.045771 44.251188
4.046441 44.250880
4.046611 44.250767
4.046886 44.250431
4.047018 44.250358
4.047106 44.250310
4.047450 44.250290
4.047866 44.250224
4.048075 44.250111
4.048223 44.249956
4.048787 44.248512
4.048972 44.247947
4.049335 44.246838
4.049478 44.246692
4.049939 44.246315
4.050078 44.246125
4.050295 44.244629
4.050349 44.244502
4.050394 44.244448
4.050431 44.244434
4.050470 44.244420
4.050581 44.244401
4.050755 44.244392
4.051400 44.244396
4.051527 44.244346
4.051628 44.244283
4.051737 44.244233
4.051844 44.244207
4.052003 44.244197
4.052355 44.244186
4.052575 44.244108
4.052640 44.244148
4.052694 44.244219
4.052650 44.244306
4.052539 44.244342
4.052413 44.244342
4.052129 44.244318
4.051928 44.244306
4.051791 44.244332
4.051660 44.244389
4.051541 44.244483
4.051501 44.244567
4.051478 44.244614
4.051461 44.244739
4.051527 44.244840
4.051701 44.245036
4.051914 44.245230
4.051927 44.245235
4.052321 44.245376
4.052415 44.245428
4.052556 44.245520
4.052732 44.245709
4.052887 44.245855
4.053025 44.245945
4.053246 44.246032
4.053844 44.246300
4.054084 44.246406
4.054371 44.246493
4.054680 44.246564
4.055187 44.246645
4.055686 44.246695
4.056047 44.246753
4.056249 44.246760
4.056421 44.246758
4.057202 44.246678
4.057523 44.246654
4.057737 44.246700
4.057947 44.246782
4.058281 44.246972
4.058443 44.247078
4.058581 44.247197
4.058807 44.247398
4.059091 44.247676
4.059470 44.248047
4.059872 44.248430
4.060211 44.248808
4.060530 44.249150
4.060591 44.249236
4.060628 44.249356
4.060683 44.249689
4.060736 44.249825
4.060804 44.249935
4.060874 44.249992
4.061383 44.250298
4.061644 44.250480
4.061944 44.250656
4.062269 44.250844
4.062646 44.251020
4.062974 44.251127
4.063320 44.251207
4.063733 44.251267
4.063995 44.251297
4.064172 44.251283
4.064445 44.251245
4.064665 44.251251
4.064820 44.251283
4.064894 44.251306
4.065014 44.251363
4.065140 44.251472
4.065194 44.251557
4.065213 44.251607
4.065225 44.251664
4.065229 44.251767
4.065196 44.251897
4.065162 44.251976
4.065109 44.252064
4.064922 44.252375
4.064722 44.252787
4.064680 44.253069
4.064684 44.253199
4.064724 44.253338
4.064790 44.253472
4.064933 44.253692
4.064989 44.253828
4.065047 44.254187
4.065061 44.254332
4.065097 44.254435
4.065198 44.254697
4.065253 44.254843
4.065303 44.254931
4.065411 44.255007
4.065501 44.255074
4.065704 44.255191
4.066078 44.255353
4.066396 44.255484
4.066676 44.255643
4.066759 44.255787
4.066833 44.255969
4.066877 44.256207
4.066909 44.256380
4.066985 44.256557
4.067107 44.256717
4.067316 44.256895
4.067459 44.257066
4.067553 44.257274
4.067644 44.257517
4.067806 44.257733
4.068021 44.257906
4.068192 44.257975
4.068389 44.258034
4.068698 44.258107
4.069171 44.258212
4.069927 44.258368
4.070737 44.258503
4.071041 44.258548
4.071324 44.258545
4.071778 44.258535
4.072053 44.258512
4.072229 44.258482
4.072353 44.258443
4.072645 44.258368
4.072890 44.258264
4.073294 44.257967
4.073625 44.257732
4.073927 44.257534
4.074059 44.257423
4.074234 44.257256
4.074439 44.257010
4.074729 44.256606
4.074919 44.256398
4.075131 44.256254
4.075247 44.256203
4.075357 44.256172
4.075521 44.256162
4.075975 44.256147
4.076936 44.256144
4.078234 44.256176
4.079192 44.256205
4.080004 44.256191
4.080285 44.256173
4.080703 44.256147
4.080948 44.256109
4.081387 44.256010
4.081684 44.255921
4.081927 44.255828
4.082102 44.255744
4.082285 44.255641
4.082665 44.255376
4.083240 44.254902
4.083452 44.254657
4.083708 44.254360
4.083930 44.254088
4.084209 44.253747
4.084398 44.253360
4.084595 44.252958
4.085225 44.252652
4.085582 44.252345
4.085699 44.252245
4.086146 44.251907
4.087172 44.251134
4.087414 44.250984
4.087718 44.250776
4.087935 44.250474
4.087998 44.250169
4.088130 44.249873
4.088980 44.249140
4.089912 44.248543
4.090502 44.248257
4.090949 44.248101
4.090976 44.248035
4.091049 44.247993
4.091111 44.247985
4.091194 44.248004
4.091247 44.248045
4.091344 44.247996
4.092908 44.247207
4.093572 44.246869
4.094283 44.246599
4.095913 44.246124
4.096001 44.246105
4.096995 44.245826
4.097512 44.245723
4.098033 44.245665
4.098348 44.245598
4.098612 44.245516
4.099120 44.245333
4.099598 44.245103
4.100509 44.244653
4.101355 44.244098
4.101897 44.243644
4.102177 44.243362
4.102379 44.243218
4.102595 44.243137
4.102853 44.243091
4.103350 44.243098
4.103663 44.243059
4.104106 44.242886
4.104856 44.242522
4.105235 44.242248
4.105555 44.242001
4.106308 44.241648
4.106404 44.241603
4.106624 44.241511
4.106790 44.241332
4.106912 44.241146
4.107260 44.240614
4.107618 44.240268
4.108028 44.239971
4.108688 44.239747
4.109232 44.239525
4.110107 44.239177
4.111162 44.238869
4.112045 44.238587
4.112915 44.238398
4.112964 44.238388
4.115573 44.237924
4.116806 44.237651
4.118288 44.237338
4.118897 44.237306
4.120561 44.237340
4.121474 44.237359
4.122159 44.237305
4.122570 44.237346
4.122917 44.237460
4.123471 44.237869
4.123783 44.238059
4.124176 44.238160
4.125201 44.238419
4.125667 44.238494
4.125977 44.238489
4.126284 44.238438
4.128496 44.237587
4.129215 44.237312
4.129864 44.237024
4.130724 44.236503
4.131128 44.236194
4.131639 44.235964
4.131911 44.235930
4.132089 44.235976
4.133222 44.236504
4.133499 44.236602
4.134377 44.236494
4.134834 44.236463
4.135383 44.236225
4.136001 44.235956
4.136653 44.235729
4.137232 44.235566
4.137922 44.235242
4.138471 44.235013
4.138966 44.234865
4.140289 44.234629
4.140525 44.234587
4.141661 44.234321
4.142556 44.233942
4.143430 44.233384
4.144174 44.232741
4.145180 44.232058
4.145439 44.231914
4.145827 44.231698
4.146553 44.231330
4.147382 44.230733
4.148071 44.230215
4.148304 44.230019
4.148873 44.229621
4.149119 44.229396
4.149229 44.229336
4.149277 44.229316
4.149524 44.229214
4.150291 44.229163
4.151230 44.229204
4.153136 44.229285
4.153461 44.229268
4.155791 44.228805
4.156980 44.228310
4.157587 44.227938
4.158067 44.227502
4.158424 44.227238
4.158555 44.227176
4.158701 44.227106
4.159148 44.226968
4.159385 44.226944
4.159629 44.226953
4.160521 44.227188
4.161377 44.227378
4.161733 44.227402
4.162070 44.227402
4.162144 44.227324
4.162231 44.227288
4.162330 44.227277
4.162498 44.227325
4.162568 44.227398
4.162585 44.227483
4.162551 44.227563
4.162424 44.227645
4.162324 44.227660
4.162315 44.227930
4.162210 44.229325
4.162150 44.230420
4.162180 44.231005
4.162210 44.231230
4.162330 44.231530
4.162540 44.231800
4.163200 44.232430
4.163905 44.233090
4.164580 44.233750
4.165375 44.234605
4.165765 44.235055
4.166320 44.235685
4.166605 44.236075
4.167175 44.236489
4.167557 44.236687
4.167864 44.236840
4.168034 44.236895
4.168779 44.237139
4.169513 44.237278
4.169814 44.237335
4.170879 44.237605
4.171989 44.238054
4.172333 44.238274
4.172691 44.238503
4.172875 44.238661
4.173027 44.238808
4.173038 44.238818
4.173161 44.238964
4.173200 44.239010
4.173430 44.239263
4.174239 44.240154
4.175844 44.241819
4.176639 44.242389
4.177183 44.242661
4.177509 44.242824
4.178049 44.243064
4.178449 44.243413
4.178495 44.243467
4.178686 44.243671
4.178839 44.243869
4.178939 44.244020
4.179430 44.244607
4.179801 44.245009
4.179953 44.245134
4.180958 44.245944
4.181175 44.246285
4.181363 44.247744
4.181348 44.249109
4.181288 44.249679
4.181633 44.250264
4.182128 44.251179
4.182293 44.251582
4.182968 44.253233
4.183298 44.253938
4.184813 44.254823
4.186943 44.256248
4.187678 44.256623
4.188443 44.256983
4.188833 44.257298
4.189993 44.257712
4.190768 44.257988
4.191466 44.258235
4.192180 44.258488
4.192463 44.258588
4.194031 44.259137
4.194257 44.259210
4.194399 44.259256
4.194478 44.259282
4.196315 44.259905
4.196433 44.259946
4.196266 44.260047
