37.365663 55.818078
37.364658 55.818166
37.364571 55.818160
37.364528 55.818155
37.364484 55.818140
37.364402 55.818106
37.362713 55.817399
37.362495 55.817317
37.361325 55.818230
37.361168 55.818352
37.360959 55.818524
37.360418 55.818914
37.360079 55.819062
37.360469 55.819407
37.360747 55.819663
37.361043 55.820031
37.361451 55.820604
37.361627 55.821016
37.361871 55.821587
37.362200 55.822382
37.362541 55.823112
37.362804 55.823490
37.362936 55.823650
37.363066 55.823843
37.363581 55.824348
37.364356 55.825043
37.365485 55.826080
37.366366 55.826786
37.366581 55.826983
37.366826 55.827159
37.367272 55.827434
37.367641 55.827612
37.368103 55.827784
37.368563 55.827955
37.369100 55.828114
37.369784 55.828291
37.371093 55.828658
37.371272 55.828722
37.371642 55.828856
37.371717 55.828875
37.374274 55.829497
37.377656 55.830341
37.378001 55.830416
37.381100 55.831243
37.381460 55.831333
37.382632 55.831582
37.382984 55.831648
37.383513 55.831716
37.385326 55.831855
37.385968 55.831915
37.386316 55.831956
37.386656 55.832001
37.387040 55.831980
37.387124 55.831948
37.387429 55.831833
37.387906 55.831585
37.388299 55.831718
37.387999 55.831950
37.387974 55.832179
37.387960 55.832302
37.388216 55.832350
37.388440 55.832419
37.388644 55.832483
37.389444 55.832655
37.389770 55.832680
37.390029 55.832671
37.390205 55.832656
37.390366 55.832631
37.390606 55.832593
37.391018 55.832527
37.391398 55.832479
37.392097 55.832421
37.392251 55.832400
37.392426 55.832365
37.392593 55.832322
37.392761 55.832268
37.392897 55.832215
37.393024 55.832163
37.393213 55.832061
37.394004 55.831632
37.394572 55.831266
37.394643 55.831175
37.394678 55.831053
37.394668 55.830872
37.394593 55.830510
37.394558 55.830401
37.394537 55.830334
37.393871 55.828176
37.393755 55.827817
37.393642 55.827426
37.393555 55.827020
37.393474 55.826576
37.393251 55.825141
37.393172 55.824784
37.393049 55.824301
37.392865 55.823687
37.392204 55.821593
37.391860 55.820503
37.391478 55.819294
37.390482 55.816162
37.390064 55.814813
37.389885 55.814251
37.389777 55.813910
37.389752 55.813830
37.389649 55.813621
37.389531 55.813434
37.389435 55.813313
37.389319 55.813225
37.389211 55.813159
37.388372 55.812772
37.388160 55.812697
37.387996 55.812652
37.387871 55.812650
37.387783 55.812650
37.387731 55.812657
37.387652 55.812664
37.387571 55.812673
37.386714 55.812755
37.385131 55.812900
37.384731 55.812936
37.384591 55.812947
37.384495 55.812962
37.384429 55.812981
37.384384 55.813018
37.384332 55.813046
37.384241 55.813076
37.384116 55.813089
37.383997 55.813078
37.383888 55.813044
37.383807 55.812992
37.383341 55.812581
37.382847 55.812136
37.381327 55.810701
37.381232 55.810599
37.381177 55.810513
37.381125 55.810396
37.381100 55.810319
37.381028 55.810082
37.381009 55.809986
37.381001 55.809904
37.380989 55.809830
37.380960 55.809750
37.380922 55.809680
37.380880 55.809607
37.380896 55.809531
37.379633 55.809686
37.379265 55.809753
37.378966 55.809839
37.378739 55.809900
37.378042 55.810165
37.377400 55.810291
37.376279 55.810559
37.375932 55.810616
37.375412 55.810707
37.375240 55.810687
37.375121 55.810622
37.375087 55.810412
37.374908 55.809213
37.374874 55.808725
37.374716 55.807372
37.374683 55.807154
37.374591 55.806528
37.374517 55.806028
37.374423 55.805390
37.374069 55.804411
37.373928 55.804103
37.373724 55.803656
37.373502 55.803173
37.373391 55.802909
37.373318 55.802738
37.373240 55.802534
37.372981 55.801949
37.372394 55.800448
37.372135 55.800160
37.370192 55.798452
37.367145 55.797043
37.363609 55.795432
37.362836 55.795085
37.362032 55.794787
37.361578 55.794650
37.361046 55.794522
37.360393 55.794344
37.359754 55.794101
37.359344 55.793907
37.358867 55.793668
37.358367 55.793336
37.357812 55.792646
37.358269 55.792478
37.359073 55.792260
37.360000 55.792010
37.360543 55.791883
37.361122 55.791760
37.361461 55.791695
37.362136 55.791646
37.362814 55.791619
37.364124 55.791327
37.365730 55.790989
37.366813 55.790754
37.372187 55.789713
37.373299 55.789488
37.376967 55.788807
37.378987 55.788441
37.381365 55.788013
37.383497 55.787656
37.384274 55.787518
37.386501 55.787103
37.387949 55.786668
37.388298 55.786543
37.389171 55.786197
37.389875 55.785800
37.390507 55.785365
