-1.531413 48.734820
-1.531812 48.734845
-1.531881 48.734965
-1.531812 48.734845
-1.531743 48.734655
-1.531788 48.734555
-1.531690 48.734527
-1.530777 48.734080
-1.530722 48.734025
-1.530706 48.733949
-1.530810 48.733806
-1.531268 48.733395
-1.531447 48.733137
-1.531468 48.733005
-1.531409 48.732798
-1.530952 48.731985
-1.530773 48.731808
-1.530627 48.731737
-1.530491 48.731701
-1.530107 48.731648
-1.529396 48.731612
-1.528687 48.731617
-1.528041 48.731656
-1.526578 48.731844
-1.525424 48.731862
-1.524895 48.731988
-1.524421 48.732023
-1.522652 48.731612
-1.521933 48.731604
-1.521727 48.731603
-1.521461 48.731547
-1.520943 48.731207
-1.520534 48.731048
-1.518807 48.730502
-1.518668 48.730349
-1.518831 48.730336
-1.519837 48.730505
-1.519951 48.730510
-1.520353 48.730524
-1.520572 48.730534
-1.520965 48.730531
-1.521396 48.730513
-1.522174 48.730479
-1.522226 48.730465
-1.522871 48.730289
-1.523104 48.730208
-1.523184 48.730202
-1.523382 48.730186
-1.524316 48.730255
-1.524595 48.730310
-1.524855 48.730494
-1.525146 48.730584
-1.527633 48.730445
-1.527875 48.730404
-1.528578 48.730228
-1.528637 48.730174
-1.528623 48.730071
-1.527556 48.729212
-1.525470 48.727795
-1.525228 48.727593
-1.523677 48.726293
-1.522843 48.725438
-1.522311 48.724891
-1.521676 48.724256
-1.521499 48.724048
-1.520880 48.723295
-1.520674 48.723056
-1.519614 48.721407
-1.519133 48.720398
-1.518247 48.719250
-1.517073 48.718335
-1.516094 48.717100
-1.515222 48.716327
-1.513939 48.714625
-1.513736 48.714127
-1.513496 48.713535
-1.512102 48.711461
-1.510574 48.710135
-1.509619 48.710266
-1.508605 48.707798
-1.508444 48.706987
-1.508414 48.705714
-1.508173 48.703979
-1.507866 48.701761
-1.503799 48.694901
-1.503572 48.694252
-1.503342 48.693900
-1.501944 48.692898
-1.501828 48.692801
-1.499834 48.691070
-1.498506 48.689842
-1.498008 48.689309
-1.497820 48.689122
-1.497244 48.688553
-1.496349 48.687454
-1.496297 48.687431
-1.495465 48.687491
-1.494678 48.687590
-1.491262 48.688480
-1.490874 48.688553
-1.490544 48.688570
-1.490228 48.688514
-1.490043 48.688460
-1.489948 48.688485
-1.489761 48.688536
-1.489715 48.688553
-1.487740 48.689709
-1.487608 48.689760
-1.487488 48.689734
-1.487365 48.689653
-1.486783 48.689175
-1.485878 48.688467
-1.484405 48.687644
-1.483377 48.687260
-1.481890 48.686726
-1.481231 48.686439
-1.480959 48.686323
-1.480934 48.686317
-1.480679 48.686258
-1.480524 48.686255
-1.480362 48.686267
-1.480263 48.686271
-1.479860 48.686300
-1.479819 48.685956
-1.479693 48.685755
-1.479305 48.685462
-1.478843 48.685117
-1.478567 48.684938
-1.478317 48.684681
-1.478162 48.684537
-1.478134 48.684511
-1.478057 48.684439
-1.477918 48.684311
-1.477461 48.684257
-1.477068 48.684284
-1.476901 48.684128
-1.476788 48.684029
-1.476299 48.683661
-1.476206 48.683588
-1.475967 48.683384
-1.475453 48.683082
-1.475413 48.683056
-1.475400 48.683042
-1.475402 48.682979
-1.475953 48.682496
-1.475402 48.682979
-1.475381 48.682937
-1.475239 48.682850
-1.474672 48.682242
-1.474441 48.681892
