60.294444 57.272866
60.294430 57.272669
60.294416 57.272480
60.294444 57.272866
60.294430 57.272669
60.294416 57.272480
60.294228 57.271693
60.293962 57.270892
60.293563 57.270113
60.293048 57.269429
60.292628 57.268964
60.292209 57.268646
60.291265 57.267897
60.286575 57.264668
60.284703 57.263429
60.283142 57.262406
60.282084 57.261655
60.281613 57.261204
60.281033 57.260548
60.280759 57.260199
60.280577 57.259764
60.280539 57.258719
60.280609 57.257672
60.280842 57.257029
60.281135 57.256485
60.281502 57.255929
60.281812 57.255388
60.282012 57.254787
60.282077 57.254280
60.282036 57.253822
60.281928 57.253355
60.281733 57.253012
60.281464 57.252622
60.281344 57.252500
60.281115 57.252266
60.276077 57.248088
60.275623 57.247679
60.272564 57.244715
60.271763 57.243964
60.270775 57.242992
60.270315 57.242451
60.269740 57.241342
60.268078 57.238260
60.264706 57.231793
60.264260 57.230937
60.260099 57.222780
60.259363 57.221676
60.258799 57.221083
60.258629 57.220920
60.253741 57.215840
60.253018 57.215103
60.252191 57.214049
60.251733 57.213254
60.251510 57.212692
60.251324 57.212129
60.251231 57.211460
60.251282 57.210331
60.251309 57.210046
60.252186 57.204352
60.253369 57.196015
60.253464 57.195287
60.253582 57.194621
60.253853 57.194078
60.254315 57.193280
60.254565 57.192752
60.254788 57.192149
60.254918 57.191553
60.255009 57.190776
60.255366 57.188684
60.255436 57.188204
60.255472 57.187786
60.255707 57.185713
60.256225 57.182733
60.256513 57.180242
60.256706 57.178836
60.257239 57.175034
60.257437 57.173283
60.257825 57.170496
60.258292 57.166978
60.258466 57.165971
60.258666 57.165143
60.258935 57.164284
60.259541 57.162614
60.260032 57.161393
60.260430 57.160494
60.261004 57.159478
60.261346 57.158837
60.261919 57.157889
60.262486 57.157136
60.263383 57.155867
60.264547 57.154437
60.267742 57.150864
60.268106 57.150491
60.268745 57.149926
60.269317 57.149491
60.271043 57.148245
60.274725 57.145713
60.275664 57.145044
60.288459 57.135897
60.291161 57.134014
60.292045 57.133404
60.294049 57.132155
60.297266 57.130347
60.299700 57.129096
60.304263 57.126951
60.314605 57.122152
60.337950 57.111314
60.340843 57.109971
60.345527 57.107757
60.346680 57.107169
60.348496 57.106155
60.350090 57.105168
60.351340 57.104353
60.354664 57.101907
60.355426 57.101327
60.360034 57.097822
60.360462 57.097413
60.360747 57.097081
60.360977 57.096737
60.361073 57.096477
60.361652 57.094706
60.361719 57.094560
60.361919 57.094305
60.362230 57.093981
60.362618 57.093622
60.363172 57.093189
60.364655 57.092054
60.365306 57.091577
60.365892 57.091188
60.366436 57.090888
60.367139 57.090579
60.367881 57.090334
60.373346 57.088678
60.378437 57.087115
60.390686 57.083401
60.391640 57.083002
60.392557 57.082464
60.393336 57.081868
60.394096 57.080965
60.394363 57.080539
60.395107 57.078683
60.396033 57.076920
60.396774 57.075451
60.397615 57.073927
60.397723 57.073731
60.397863 57.073529
60.397987 57.073391
60.398170 57.073245
60.398307 57.073118
60.398459 57.073012
60.398921 57.072729
60.399302 57.072527
60.399530 57.072406
60.399875 57.072250
60.400248 57.072108
60.400966 57.071877
60.401794 57.071618
60.403868 57.070992
60.405301 57.070547
60.406815 57.070102
60.408307 57.069643
60.409059 57.069413
60.409851 57.069156
60.410837 57.068848
60.411295 57.068681
60.412003 57.068375
60.414022 57.067403
60.414792 57.067026
60.415095 57.066878
60.415592 57.066618
60.416024 57.066372
60.417531 57.065522
60.417859 57.065329
60.419214 57.064574
60.419921 57.064200
60.421060 57.063638
60.421381 57.063486
60.422281 57.063084
60.423205 57.062700
60.423817 57.062455
60.424477 57.062221
60.425808 57.061740
60.427128 57.061281
60.427857 57.061039
60.428464 57.060814
60.430555 57.060188
60.431536 57.059879
60.432677 57.059555
60.433685 57.059248
60.434635 57.058985
60.435480 57.058782
60.436263 57.058595
60.437058 57.058434
60.437659 57.058329
60.438155 57.058259
60.438987 57.058153
60.439859 57.058084
60.441339 57.057994
60.442138 57.057953
60.442883 57.057935
60.443607 57.057926
60.444124 57.057938
60.445033 57.057974
60.446484 57.058045
60.447956 57.058100
60.448858 57.058109
60.449768 57.058103
60.450689 57.058079
60.451525 57.058034
60.452485 57.057969
60.453316 57.057900
60.455097 57.057721
60.458662 57.057361
60.462861 57.056962
60.464655 57.056792
60.466394 57.056612
60.467432 57.056494
60.469305 57.056252
60.470276 57.056111
60.472314 57.055783
60.473387 57.055584
60.474321 57.055399
60.475633 57.055118
60.476834 57.054825
60.477764 57.054592
60.478655 57.054338
60.480003 57.053962
60.481878 57.053389
60.483053 57.052985
60.484372 57.052511
60.484926 57.052304
60.485501 57.052100
60.486009 57.051895
60.486814 57.051542
60.487620 57.051202
60.488424 57.050823
60.489211 57.050463
60.490375 57.049895
60.491287 57.049428
60.492279 57.048874
60.493113 57.048388
60.494678 57.047462
60.496239 57.046572
60.497783 57.045615
60.500677 57.043862
60.501532 57.043321
60.502455 57.042786
60.503369 57.042204
60.505094 57.041179
60.505758 57.040667
60.505901 57.040554
60.506119 57.040350
60.506373 57.040096
60.506598 57.039823
60.506848 57.039492
60.506992 57.039276
60.507132 57.039009
60.507352 57.038519
60.507971 57.037076
60.508307 57.036443
60.508733 57.035888
60.509302 57.035307
60.509704 57.034987
60.510014 57.034773
60.510362 57.034586
60.510840 57.034331
60.511350 57.034094
60.511895 57.033858
60.512482 57.033640
60.513097 57.033448
60.513689 57.033288
60.514947 57.032999
60.516486 57.032648
60.518372 57.032184
60.519104 57.031966
60.519565 57.031817
60.520352 57.031546
60.521156 57.031256
60.521928 57.030948
60.522754 57.030560
60.523260 57.030290
60.523766 57.030025
60.524885 57.029327
60.525296 57.029021
60.527657 57.027449
60.527956 57.027240
60.529468 57.026188
60.530970 57.025160
60.537252 57.020867
60.538448 57.020085
60.538681 57.019915
60.539765 57.019168
60.541627 57.017883
60.542912 57.017013
60.543182 57.016829
60.546457 57.014608
60.549604 57.012423
60.551981 57.010792
60.554110 57.009392
60.556842 57.007517
60.559972 57.005343
60.561292 57.004508
60.562479 57.003865
60.564689 57.002783
60.564761 57.002746
60.567353 57.001426
60.572477 56.998906
60.575957 56.997221
60.577989 56.996210
60.580004 56.995211
60.580250 56.995088
60.580881 56.994798
60.588712 56.990962
60.592231 56.989238
60.595248 56.987782
60.597118 56.986806
60.600333 56.985252
60.601220 56.984850
60.602348 56.984278
60.603220 56.983834
60.607631 56.981691
60.612946 56.979063
60.614775 56.978037
60.616839 56.976774
60.618685 56.975383
60.620041 56.974154
60.620446 56.973760
60.621385 56.972787
60.622270 56.971791
60.623110 56.970590
60.623953 56.969084
60.624207 56.968620
60.624389 56.968149
60.625076 56.966363
60.625475 56.964508
60.625638 56.957617
60.625692 56.954429
60.625883 56.953463
60.626189 56.952576
60.626448 56.951971
60.626751 56.951365
60.627258 56.950484
60.628136 56.948963
60.629633 56.946296
60.629798 56.945994
60.630749 56.944344
60.631204 56.943562
60.632119 56.941989
60.633685 56.939297
60.633891 56.939053
60.633994 56.938991
60.634226 56.938852
60.634552 56.938730
60.634861 56.938692
60.635179 56.938716
60.635414 56.938775
60.635685 56.938950
60.635843 56.939135
60.635877 56.939369
60.635796 56.939620
60.634851 56.941268
60.634873 56.941884
60.635021 56.942344
60.635188 56.942597
60.635512 56.942906
60.635985 56.943214
60.636736 56.943421
60.637515 56.943568
60.638875 56.943622
60.639029 56.943611
60.646721 56.943385
60.653797 56.943159
60.656086 56.943073
60.656976 56.943045
60.657938 56.943009
60.660520 56.942804
60.662595 56.942582
60.664669 56.942301
60.666782 56.941985
60.668386 56.941705
60.670971 56.941233
60.671467 56.941134
60.674073 56.940657
60.676689 56.940192
60.677570 56.940051
60.678499 56.939907
60.680373 56.939661
60.681676 56.939532
60.683185 56.939414
60.685128 56.939311
60.686765 56.939293
60.687980 56.939309
60.689216 56.939339
60.690483 56.939411
60.692059 56.939515
60.698013 56.940001
60.701080 56.940169
60.704609 56.940294
60.707807 56.940298
60.708619 56.940278
60.711728 56.940203
60.713999 56.940085
60.716176 56.939923
60.717710 56.939779
60.719049 56.939630
60.720416 56.939459
60.721682 56.939307
60.723128 56.939076
60.725175 56.938704
60.725983 56.938557
60.728615 56.937963
60.731193 56.937315
60.733764 56.936544
60.735479 56.935951
60.737654 56.935146
60.739667 56.934305
60.741463 56.933467
60.744142 56.932083
60.745844 56.931060
60.747639 56.929881
60.749316 56.928649
60.750655 56.927537
60.751836 56.926464
60.752854 56.925443
60.753695 56.924461
60.754689 56.923173
60.755550 56.921874
60.756299 56.920561
60.756875 56.919322
60.757143 56.918647
60.757373 56.917963
60.757590 56.917284
60.757756 56.916604
60.757860 56.916040
60.757954 56.915510
60.758075 56.914482
60.758141 56.913805
60.758158 56.913434
60.758161 56.912903
60.758133 56.912456
60.758026 56.911701
60.757949 56.910955
60.757812 56.909761
60.757640 56.908715
60.757513 56.908209
60.757338 56.907191
60.757212 56.906404
60.757172 56.906012
60.757163 56.904950
60.757193 56.904511
60.757262 56.904023
60.757339 56.903600
60.757483 56.903085
60.757736 56.902370
60.758104 56.901642
60.758512 56.900939
60.758987 56.900236
60.759320 56.899814
60.759572 56.899471
60.759951 56.899044
60.760366 56.898625
60.760902 56.898150
60.761947 56.897330
60.762531 56.896920
60.763257 56.896433
60.764009 56.895972
60.764805 56.895538
60.765376 56.895243
60.766100 56.894905
60.766767 56.894617
60.768138 56.894071
60.771264 56.892916
60.772182 56.892584
60.773683 56.891978
60.774426 56.891683
60.776115 56.890929
60.777574 56.890218
60.779508 56.889172
60.781259 56.888120
60.782023 56.887625
60.782710 56.887181
60.784014 56.886248
60.785489 56.885074
60.786292 56.884366
60.787065 56.883641
60.788061 56.882639
60.788862 56.881729
60.790030 56.880365
60.791262 56.878910
60.793194 56.876685
60.793870 56.875891
60.795085 56.874468
60.796691 56.872638
60.797816 56.871315
60.798939 56.870000
60.799727 56.869063
60.801121 56.867443
60.802189 56.865998
60.802968 56.864747
60.803606 56.863526
60.804299 56.861956
60.804780 56.860605
60.805159 56.859297
60.805411 56.857927
60.805487 56.857004
60.805502 56.856079
60.805453 56.855121
60.805363 56.854484
60.805319 56.854171
60.805132 56.853280
60.804899 56.852387
60.804416 56.850601
60.804041 56.849208
60.803679 56.847815
60.803539 56.847304
60.802182 56.842158
60.801904 56.841088
60.801609 56.840022
60.801470 56.839518
60.801341 56.839001
60.800927 56.837390
60.800742 56.836666
60.800364 56.835235
60.800056 56.834081
60.799906 56.833590
60.799371 56.831538
60.799255 56.831060
60.798869 56.829690
60.798439 56.828325
60.797624 56.826073
60.797239 56.825086
60.795898 56.821728
60.794989 56.819397
60.794861 56.819069
60.794463 56.818085
60.794088 56.817157
60.793786 56.816411
60.792757 56.813869
60.791867 56.811713
60.791787 56.811518
60.791656 56.811185
60.791133 56.809848
60.790765 56.808788
60.790545 56.807885
60.790427 56.807360
60.790405 56.807258
60.790295 56.806772
60.790106 56.806356
60.789982 56.806122
60.789797 56.805910
60.789501 56.805697
60.789171 56.805516
60.788461 56.805234
60.788060 56.805084
60.787651 56.804923
60.787267 56.804783
60.787043 56.804729
60.786841 56.804685
60.786599 56.804649
60.786397 56.804622
60.786204 56.804619
60.785840 56.804623
60.784729 56.804765
60.780438 56.805761
60.776651 56.806639
60.776190 56.806830
60.775981 56.807033
60.775875 56.807250
60.775934 56.807491
60.776190 56.807717
60.776598 56.807893
60.776974 56.807920
60.777407 56.807890
60.777796 56.807760
60.778051 56.807526
60.778159 56.807259
60.778073 56.807030
60.777737 56.806638
60.777362 56.806129
60.777054 56.805740
60.776831 56.805252
60.776848 56.804688
60.777003 56.804284
60.777340 56.803902
60.778420 56.803014
60.779344 56.802183
60.779538 56.802033
60.779896 56.801756
60.780077 56.801616
60.780679 56.801187
60.780969 56.800979
60.782455 56.799886
60.783288 56.799198
60.784026 56.798523
60.784804 56.797739
60.785058 56.797441
60.785832 56.796519
60.786425 56.795668
60.787101 56.794405
60.787240 56.794099
60.787749 56.792985
60.788402 56.791478
60.788454 56.791344
60.788908 56.790362
60.789388 56.789337
60.789536 56.789004
60.789701 56.788661
60.789780 56.788499
60.790058 56.787974
60.790854 56.786456
60.790971 56.786232
60.791148 56.785896
60.792040 56.784184
60.792585 56.783146
60.792736 56.782859
60.793238 56.781820
60.793456 56.781349
60.793440 56.781137
60.793426 56.780939
60.793327 56.780473
60.793286 56.780403
60.793127 56.780305
60.792879 56.780228
60.792528 56.780204
60.791616 56.780158
60.790990 56.780127
60.790913 56.780396
60.790816 56.780522
60.790695 56.780633
60.790665 56.780661
60.790444 56.780779
60.789437 56.781091
60.789220 56.781183
60.788847 56.781434
60.788543 56.781686
60.788304 56.781838
60.787950 56.782008
60.787573 56.782166
60.787133 56.782443
60.786605 56.782832
60.786251 56.783079
60.785868 56.783321
60.784963 56.783828
60.783970 56.784322
60.782981 56.784768
60.782004 56.785137
60.781923 56.785212
60.781907 56.785264
60.781917 56.785315
60.782015 56.785440
60.783412 56.786854
60.783527 56.786970
60.783626 56.787074
60.783458 56.787116
60.781869 56.787575
60.781106 56.787816
60.779654 56.788245
60.779518 56.788284
60.779386 56.788321
60.777074 56.789021
60.776923 56.789065
60.776785 56.789108
60.775547 56.789490
60.775380 56.789541
60.775233 56.789584
60.774747 56.789727
60.772658 56.790337
60.773322 56.790962
60.775039 56.791291
60.774619 56.792079
60.774223 56.792960
60.773538 56.794245
