37.818438 55.706423
37.818550 55.706961
37.818641 55.707396
37.818365 55.707544
37.818168 55.707674
37.818182 55.707755
37.818306 55.708093
37.818424 55.708526
37.818541 55.708956
37.818954 55.710228
37.819040 55.710462
37.819091 55.710591
37.819137 55.710713
37.819206 55.710858
37.819277 55.711001
37.819344 55.711136
37.819386 55.711223
37.819407 55.711273
37.819446 55.711345
37.819825 55.711251
37.823049 55.710482
37.825978 55.709749
37.826684 55.709579
37.826999 55.709503
37.829391 55.708980
37.829603 55.708933
37.830160 55.708812
37.831167 55.708597
37.832083 55.708413
37.832831 55.708262
37.834234 55.708018
37.836007 55.707728
37.836912 55.707544
37.837678 55.707341
37.838403 55.707112
37.839651 55.706647
37.840850 55.706176
37.841453 55.705939
37.841908 55.705764
37.842666 55.705471
37.843738 55.705054
37.843934 55.704976
37.844791 55.704636
37.845027 55.704536
37.846202 55.704036
37.846444 55.703929
37.848246 55.703108
37.848953 55.702767
37.850079 55.702257
37.850764 55.701923
37.851334 55.701593
37.852394 55.701033
37.853029 55.700661
37.853696 55.700290
37.853951 55.700150
37.855644 55.699227
37.857112 55.698424
37.857980 55.697953
37.858385 55.697728
37.858989 55.697378
37.859712 55.696912
37.860222 55.696562
37.860708 55.696232
37.861742 55.695552
37.862261 55.695187
37.862992 55.694700
37.863599 55.694286
37.864190 55.693880
37.864389 55.693744
37.864581 55.693620
37.865599 55.692930
37.865858 55.692747
37.866713 55.692168
37.867766 55.691453
37.868652 55.690853
37.868750 55.690786
37.869144 55.690516
37.869608 55.690199
37.870712 55.689450
37.871619 55.688840
37.872512 55.688285
37.872970 55.688026
37.873539 55.687732
37.874157 55.687435
37.875219 55.686981
37.876552 55.686446
37.877093 55.686227
37.879030 55.685441
37.881225 55.684551
37.882372 55.684086
37.882609 55.683993
37.883040 55.683824
37.883578 55.683607
37.883986 55.683441
37.884343 55.683288
37.884673 55.683134
37.885023 55.682954
37.885599 55.682636
37.886764 55.681966
37.887063 55.681791
37.887253 55.681674
37.887531 55.681502
37.887909 55.681286
37.888062 55.681196
37.888498 55.680941
37.888603 55.680876
37.888997 55.680633
37.889487 55.680354
37.889656 55.680258
37.889946 55.680108
37.890313 55.679942
37.890616 55.679819
37.893331 55.678847
37.893455 55.678805
37.895398 55.678095
37.896725 55.677622
37.897268 55.677424
37.897991 55.677149
37.898673 55.676895
37.899206 55.676663
37.900104 55.676219
37.901091 55.675765
37.901863 55.675348
37.902810 55.674692
37.902953 55.674588
37.903054 55.674496
37.903247 55.674332
37.903483 55.674133
37.903666 55.673969
37.903848 55.673776
37.903955 55.673643
37.904277 55.673225
37.904513 55.672898
37.904781 55.672481
37.905017 55.672057
37.905167 55.671798
37.905296 55.671573
37.905608 55.671065
37.905426 55.671027
37.904703 55.670879
37.904587 55.671047
37.903950 55.670922
37.903337 55.670802
37.902861 55.671562
