49.510337 53.398245
49.509993 53.397707
49.509890 53.397600
49.509504 53.396709
49.509513 53.396389
49.509490 53.396004
49.509645 53.394786
49.509816 53.393808
49.510083 53.391659
49.510057 53.391254
49.509877 53.390922
49.507697 53.388495
49.506761 53.387466
49.505971 53.386596
49.505722 53.386161
49.505654 53.385608
49.505508 53.385229
49.505122 53.384799
49.504546 53.384328
49.503122 53.383156
49.501259 53.381723
49.500101 53.380816
49.499139 53.380048
49.498633 53.379777
49.497972 53.379547
49.496624 53.379188
49.495964 53.378999
49.495560 53.378692
49.495045 53.377581
49.494204 53.375758
49.493809 53.375133
49.492547 53.373669
49.491500 53.372414
49.490908 53.371728
49.490591 53.371354
49.490290 53.371047
49.489981 53.370801
49.489397 53.370427
49.488616 53.369976
49.487518 53.369347
49.486170 53.368578
49.484848 53.367805
49.483750 53.367165
49.482419 53.366381
49.481226 53.365680
49.480171 53.365065
49.478814 53.364276
49.477536 53.363529
49.476883 53.363201
49.476094 53.362868
49.475717 53.362735
49.474738 53.362484
49.473802 53.362284
49.473064 53.362171
49.472111 53.362105
49.471158 53.362084
49.467305 53.362125
49.460108 53.362218
49.459245 53.362229
49.457876 53.362247
49.457857 53.361872
49.457834 53.361442
49.457765 53.360590
49.457595 53.359896
49.457275 53.358965
49.457190 53.358792
49.456642 53.357679
49.454934 53.354632
49.452673 53.350614
49.450787 53.347261
49.450200 53.346358
49.449384 53.344942
49.449128 53.344530
49.448871 53.344094
49.448512 53.343630
49.448287 53.343358
49.448049 53.343069
49.447624 53.342591
49.446919 53.341880
49.445779 53.340978
49.443797 53.339665
49.440849 53.337996
49.434303 53.334337
49.431905 53.332951
49.426963 53.330128
49.425984 53.329571
49.425117 53.329121
49.424231 53.328700
49.423847 53.328558
49.422851 53.328190
49.421679 53.327878
49.421400 53.327804
49.418441 53.327156
49.416826 53.326803
49.416049 53.326633
49.412933 53.325995
49.411389 53.325679
49.408784 53.325136
49.402926 53.323877
49.399547 53.323184
49.399152 53.323103
49.396801 53.322613
49.396469 53.322558
49.395765 53.322440
49.394991 53.322329
49.394929 53.322320
49.394070 53.322310
49.391364 53.322402
49.390136 53.322441
49.388461 53.322495
49.383150 53.322705
49.380485 53.322823
49.379239 53.322828
49.378235 53.322781
49.377368 53.322699
49.376329 53.322566
49.375354 53.322431
49.374268 53.322226
49.373374 53.321980
49.372239 53.321618
49.371406 53.321291
49.370346 53.320850
49.369565 53.320470
49.368385 53.319717
49.363640 53.316254
49.362220 53.315226
49.361917 53.315006
49.360290 53.313802
49.356544 53.311028
49.354947 53.309884
49.354136 53.309230
49.352324 53.307603
49.349814 53.305234
49.348462 53.304036
49.347699 53.303370
49.346918 53.302735
49.345141 53.301517
49.341564 53.299138
49.336857 53.296057
49.332145 53.292907
49.331402 53.292399
49.330734 53.291961
49.330073 53.291461
49.329556 53.291123
49.329047 53.290729
49.328542 53.290265
49.328093 53.289756
49.327715 53.289310
49.327324 53.288850
49.326606 53.287963
49.324468 53.285475
49.323253 53.283969
49.322100 53.282713
49.320233 53.280854
49.319013 53.279792
49.318677 53.279516
49.317678 53.278781
49.316249 53.277925
49.315105 53.277286
49.313961 53.276699
49.312802 53.276196
49.311667 53.275756
49.310758 53.275402
49.309226 53.274905
49.307897 53.274484
49.306670 53.274129
49.305268 53.273794
49.303583 53.273478
49.300625 53.273050
49.300108 53.272981
49.292713 53.271964
49.290895 53.271728
49.290541 53.271674
49.289586 53.271513
49.288942 53.271334
49.287968 53.271012
49.286649 53.270364
49.282158 53.267850
49.279671 53.266460
49.277844 53.265461
49.277166 53.265179
49.276522 53.264932
49.275750 53.264660
49.275321 53.264547
49.274611 53.264348
49.273352 53.264017
49.270689 53.263300
49.264566 53.261616
49.264314 53.261550
49.262667 53.261120
49.258841 53.260122
49.253588 53.258730
49.247306 53.257031
49.244937 53.256394
49.242413 53.255824
49.239221 53.255054
49.238397 53.254849
49.236294 53.254268
49.232920 53.253298
49.231324 53.252908
49.230088 53.252641
49.228260 53.252302
49.226797 53.252101
49.224398 53.251773
49.221599 53.251470
49.217969 53.251295
49.214956 53.251434
49.212913 53.251547
49.211789 53.251552
49.210544 53.251516
49.209609 53.251449
49.207699 53.251214
49.205755 53.250946
49.200469 53.250243
49.198262 53.249950
49.196559 53.249754
49.194044 53.249413
49.187354 53.248502
49.186035 53.248332
49.185759 53.248294
49.185529 53.248263
49.183969 53.248062
49.183316 53.247989
49.183012 53.247954
49.182366 53.247952
49.182108 53.247956
49.181499 53.247966
49.179747 53.248032
49.178233 53.248100
49.175209 53.248249
49.172461 53.248363
49.172044 53.248382
49.170146 53.248485
49.168245 53.248600
49.166937 53.248717
49.165729 53.248893
49.164992 53.249054
49.163058 53.249528
49.162772 53.249602
49.161048 53.250050
49.159310 53.250533
49.158912 53.250643
49.157240 53.251085
49.155991 53.251372
49.154496 53.251716
49.149828 53.252790
49.139551 53.254992
49.137100 53.255522
49.135809 53.255764
49.134470 53.255941
49.133008 53.256042
49.130307 53.256231
49.128612 53.256357
49.125330 53.256627
49.119873 53.256988
49.114920 53.257331
49.106827 53.257914
49.104870 53.258042
49.102371 53.258213
49.099480 53.258443
49.096724 53.258628
49.088974 53.259193
49.085927 53.259403
49.084373 53.259454
49.083223 53.259454
49.082022 53.259383
49.080949 53.259234
49.077859 53.258849
49.074998 53.258448
49.071121 53.257965
49.059577 53.256528
49.058019 53.256312
49.046453 53.254880
49.041896 53.254243
49.040754 53.254073
49.039647 53.253832
49.038239 53.253524
49.030884 53.251558
49.029552 53.251202
49.027563 53.250670
49.026823 53.250473
49.025579 53.250140
49.019288 53.248450
49.018996 53.248374
49.018344 53.248204
49.017434 53.248008
49.016413 53.247854
49.014533 53.247613
49.013543 53.247492
49.011494 53.247242
49.008360 53.246859
49.007641 53.246771
48.994448 53.245137
48.993904 53.245072
48.987153 53.244264
48.984930 53.243972
48.983840 53.243817
48.982364 53.243561
48.981213 53.243350
48.979814 53.243021
48.976819 53.242323
48.961292 53.238881
48.960116 53.238645
48.957558 53.238142
48.956338 53.238003
48.954237 53.237623
48.951904 53.237219
48.942950 53.235671
48.928556 53.233230
48.915604 53.231037
48.901382 53.228663
48.891280 53.226921
48.883487 53.225580
48.869539 53.223150
48.866533 53.222454
48.862645 53.221280
48.853809 53.218734
48.850420 53.217686
48.849335 53.217358
48.840751 53.214743
48.836901 53.213527
48.827997 53.210851
48.824521 53.209787
48.821697 53.209160
48.819045 53.208666
48.816487 53.208348
48.812857 53.208070
48.809183 53.208127
48.799470 53.208738
48.791662 53.209193
48.788472 53.209376
48.785577 53.209618
48.782347 53.210106
48.779142 53.210856
48.777117 53.211463
48.774954 53.212275
48.762288 53.217420
48.753169 53.221129
48.751279 53.221780
48.749679 53.222082
48.748223 53.222130
48.745882 53.221911
48.744369 53.221493
48.743216 53.220992
48.741903 53.219958
48.735641 53.213856
48.723177 53.201464
48.708889 53.187389
48.707708 53.186240
48.706981 53.185548
48.705803 53.184565
48.704129 53.183639
48.702241 53.182868
48.700327 53.182353
48.698250 53.181891
48.695846 53.181659
48.662560 53.179478
48.652759 53.178830
48.651129 53.178598
48.649498 53.178136
48.647996 53.177441
48.645979 53.176309
48.644520 53.175692
48.643018 53.175229
48.640443 53.174663
48.600284 53.169315
