35.857654 56.799440
35.860419 56.798579
35.861006 56.798415
35.861444 56.798293
35.862242 56.798089
35.863038 56.797916
35.863926 56.797737
35.864396 56.797647
35.864980 56.797432
35.865136 56.797376
35.865231 56.797316
35.865313 56.797256
35.865388 56.797191
35.865456 56.797104
35.865463 56.797073
35.865482 56.796996
35.865474 56.796931
35.865442 56.796852
35.865401 56.796781
35.865340 56.796714
35.865291 56.796667
35.865208 56.796618
35.865110 56.796558
35.864918 56.796478
35.861808 56.795350
35.861592 56.795277
35.861389 56.795220
35.861159 56.795178
35.860982 56.795170
35.860797 56.795175
35.860631 56.795208
35.860468 56.795274
35.860301 56.795360
35.860196 56.795460
35.860124 56.795516
35.860056 56.795638
35.860042 56.795783
35.860040 56.795939
35.860160 56.796204
35.860676 56.797228
35.861103 56.797978
35.861229 56.798145
35.861582 56.798597
35.861838 56.798869
35.862095 56.799115
35.862358 56.799344
35.863150 56.799974
35.864314 56.800908
35.865096 56.801497
35.866175 56.802245
35.866635 56.802571
35.867282 56.803139
35.868062 56.803922
35.868600 56.804426
35.870050 56.805980
35.870964 56.806960
35.871088 56.807093
35.872897 56.808699
35.873439 56.809217
35.874162 56.809967
35.875226 56.810936
35.876193 56.811786
35.877266 56.812598
35.878429 56.813415
35.878887 56.813736
35.879555 56.814199
35.880509 56.814861
35.880933 56.815192
35.881326 56.815551
35.881726 56.815889
35.883706 56.817582
35.884284 56.818035
35.884511 56.818214
35.885748 56.819150
35.886055 56.819385
35.887819 56.820766
35.891156 56.823380
35.891346 56.823338
35.891571 56.823326
35.891831 56.823358
35.892065 56.823441
35.892126 56.823477
35.892158 56.823500
35.892238 56.823576
35.892302 56.823735
35.892251 56.823896
35.892148 56.823998
35.891942 56.824101
35.892623 56.824625
35.892746 56.824720
35.892826 56.824781
35.893918 56.825622
35.896171 56.827355
35.896560 56.827642
35.896592 56.827664
35.896723 56.827761
