18.718697 50.018439
18.715283 50.019734
18.714785 50.019916
18.714447 50.020025
18.714319 50.020059
18.714227 50.020077
18.713514 50.020207
18.713208 50.020270
18.712999 50.020321
18.712784 50.020407
18.712586 50.020504
18.712404 50.020632
18.712243 50.020721
18.712094 50.020825
18.712049 50.020859
18.711851 50.020986
18.711642 50.021090
18.711583 50.021117
18.711167 50.021306
18.710874 50.021439
18.710832 50.021459
18.710203 50.021726
18.709523 50.022027
18.709242 50.022122
18.709229 50.022124
18.709031 50.022164
18.708729 50.022203
18.708260 50.022225
18.707953 50.022261
18.707717 50.022289
18.707732 50.022773
18.707708 50.023387
18.707615 50.024180
18.707595 50.024358
18.707497 50.025110
18.707205 50.025834
18.706671 50.026852
18.704177 50.031217
18.704179 50.031368
18.704183 50.031557
18.704094 50.031616
18.703536 50.032659
18.703181 50.033301
18.703151 50.033420
18.703149 50.033428
18.703243 50.033608
18.703382 50.033726
18.703669 50.033926
18.703672 50.033998
18.703631 50.034066
18.703548 50.034101
18.703339 50.034191
18.703390 50.034320
18.703402 50.034471
18.703378 50.034689
18.703298 50.034967
18.703151 50.035193
18.703134 50.035219
18.702982 50.035428
18.702869 50.035637
18.702763 50.035896
18.702752 50.036066
18.702748 50.036121
18.702747 50.036141
18.702790 50.036445
18.702937 50.036726
18.703007 50.036860
18.703231 50.037314
18.703373 50.037603
18.703379 50.037614
18.703400 50.037657
18.703598 50.038060
18.703865 50.038603
18.704161 50.039204
18.703080 50.039429
18.702535 50.038281
18.702341 50.037903
18.702316 50.037855
18.702124 50.037482
18.702084 50.037404
18.701423 50.037363
18.701228 50.037342
18.701037 50.037322
18.700911 50.037332
18.700794 50.037354
18.700685 50.037414
18.700577 50.037606
18.699979 50.038462
18.699269 50.039678
18.698915 50.040606
18.698822 50.041251
18.698886 50.042078
18.699031 50.042506
18.699059 50.042588
18.699150 50.042857
18.699368 50.043278
18.699597 50.043652
18.699910 50.044038
18.700121 50.044250
18.700292 50.044418
18.700527 50.044648
18.700657 50.044765
18.700753 50.044838
18.700681 50.044898
18.700474 50.045040
18.700318 50.045029
18.700159 50.044999
18.699848 50.044853
18.698854 50.044406
18.698733 50.044353
18.698543 50.044293
18.698421 50.044319
18.698321 50.044304
18.698252 50.044270
18.698220 50.044238
18.698201 50.044190
18.698051 50.044082
18.697787 50.043944
18.697443 50.043818
18.696724 50.043550
18.696694 50.043560
18.696653 50.043564
18.696606 50.043559
18.696580 50.043554
18.696532 50.043527
18.696507 50.043493
18.696505 50.043459
18.696524 50.043424
18.696564 50.043396
18.696580 50.043390
18.696604 50.043384
18.696666 50.043380
18.696687 50.043383
18.696806 50.043302
18.696891 50.043241
18.697533 50.042475
18.697632 50.042356
18.697645 50.042334
18.697514 50.042222
18.697449 50.042055
18.696413 50.039192
18.696403 50.039158
18.696249 50.038657
18.695839 50.037319
18.695667 50.036805
18.695573 50.036482
18.695492 50.036216
18.695422 50.035945
18.695317 50.035595
18.695050 50.034712
18.694740 50.033687
18.694637 50.033346
18.694599 50.033218
18.694582 50.033163
18.694533 50.032999
18.694506 50.032906
18.694441 50.032681
18.694182 50.031776
18.694285 50.031759
18.695528 50.031503
18.696736 50.031375
18.697387 50.031284
18.697516 50.031236
18.697564 50.031163
18.697623 50.030979
18.697500 50.030156
18.697564 50.031163
18.697516 50.031236
18.697387 50.031284
18.696736 50.031375
