77.121921 43.388710
77.122525 43.388960
77.122676 43.389023
77.122821 43.389083
77.122982 43.389150
77.123183 43.389233
77.123458 43.389347
77.123999 43.389572
77.124392 43.389735
77.125775 43.390294
77.126470 43.390575
77.126921 43.390757
77.127335 43.390925
77.128201 43.391275
77.129049 43.391611
77.130389 43.392145
77.131635 43.392641
77.131719 43.392665
77.132844 43.392995
77.134906 43.393501
77.138325 43.394226
77.140533 43.394685
77.141608 43.394909
77.143927 43.395392
77.151312 43.396932
77.152704 43.397222
77.155074 43.397716
77.156393 43.397954
77.158091 43.398145
77.160692 43.398364
77.164772 43.398705
77.169665 43.399375
77.170018 43.399417
77.170321 43.399459
77.174640 43.400061
77.177530 43.400579
77.181273 43.401349
77.183763 43.401778
77.186617 43.402187
77.188174 43.402408
77.190138 43.402613
77.194475 43.402917
77.195899 43.403045
77.197780 43.403285
77.202221 43.404035
77.205581 43.404618
77.206753 43.404772
77.207596 43.404857
77.209073 43.404983
77.210754 43.405091
77.213559 43.405133
77.217148 43.404759
77.219801 43.404594
77.221367 43.404591
77.222041 43.404623
77.227890 43.405138
77.229827 43.405425
77.235126 43.406346
77.243803 43.408058
77.251329 43.408555
77.254819 43.408794
77.255010 43.408807
77.256981 43.408971
77.257195 43.408989
77.260647 43.409290
77.261452 43.409345
77.263075 43.409482
77.263363 43.412324
77.263378 43.412788
77.263357 43.413114
77.263270 43.413614
77.262875 43.416523
77.262227 43.421292
77.262097 43.421929
77.261863 43.423169
77.261567 43.425194
77.261542 43.425511
77.261725 43.425834
77.261840 43.426064
77.262103 43.426332
77.262995 43.427151
77.267372 43.431380
77.267704 43.431740
77.267844 43.431982
77.267884 43.432142
77.267894 43.432321
77.267870 43.432531
77.267344 43.440479
77.266979 43.441233
77.265627 43.443040
77.265391 43.443484
77.265263 43.443852
77.263407 43.455529
77.263085 43.457785
77.262141 43.466164
77.262187 43.466616
77.262322 43.466961
77.263364 43.468710
77.263573 43.468905
77.263906 43.469128
77.266372 43.470591
77.266653 43.470821
77.266935 43.471128
77.267379 43.471978
77.267867 43.472998
77.268433 43.473930
77.268803 43.474721
77.269619 43.476472
77.270002 43.476906
77.270741 43.477584
77.270956 43.477840
77.271029 43.478160
77.270927 43.481167
77.270766 43.481665
77.270595 43.482062
77.270423 43.482763
77.270140 43.484821
77.269672 43.485690
77.266765 43.489948
77.265112 43.493248
77.264426 43.494602
77.263685 43.496688
77.263718 43.496828
77.263375 43.498050
