-1.859473 52.964880
-1.859570 52.964020
-1.859920 52.963593
-1.859452 52.963529
-1.859007 52.963522
-1.858272 52.963510
-1.858064 52.963557
-1.857531 52.963678
-1.856759 52.963797
-1.856484 52.963795
-1.855342 52.963781
-1.854763 52.963774
-1.854484 52.963774
-1.854428 52.963749
-1.854201 52.963645
-1.853954 52.963578
-1.853572 52.963490
-1.853368 52.963458
-1.852327 52.963328
-1.852167 52.963180
-1.851974 52.962695
-1.851974 52.962450
-1.852199 52.962198
-1.852511 52.961982
-1.852650 52.961889
-1.853068 52.961480
-1.853862 52.960808
-1.853862 52.960504
-1.853551 52.960214
-1.853283 52.959968
-1.853154 52.959736
-1.852403 52.959778
-1.851910 52.959571
-1.851565 52.959354
-1.851354 52.959273
-1.851112 52.959213
-1.850861 52.959193
-1.850432 52.959192
-1.850129 52.959199
-1.849167 52.958985
-1.848976 52.958930
-1.848661 52.958793
-1.848574 52.958821
-1.848505 52.958824
-1.848241 52.958931
-1.848053 52.959069
-1.848053 52.959109
-1.848031 52.959147
-1.847992 52.959178
-1.847944 52.959198
-1.847901 52.959208
-1.847862 52.959212
-1.847830 52.959211
-1.847784 52.959205
-1.847745 52.959194
-1.847702 52.959173
-1.847678 52.959154
-1.847661 52.959134
-1.847647 52.959094
-1.847650 52.959065
-1.847663 52.959040
-1.847685 52.959017
-1.847410 52.958834
-1.847295 52.958771
-1.846700 52.958509
-1.846062 52.958298
-1.843759 52.957718
-1.842720 52.957445
-1.841750 52.957203
-1.841378 52.957103
-1.841332 52.957093
-1.841182 52.957081
-1.840904 52.957045
-1.840831 52.957069
-1.839135 52.958024
-1.838251 52.958453
-1.837344 52.958803
-1.837047 52.958901
-1.836853 52.958966
-1.835241 52.959501
-1.833868 52.960044
-1.833224 52.961336
-1.833224 52.962197
-1.833224 52.964173
-1.833224 52.964412
-1.835327 52.965989
-1.837001 52.967049
-1.837687 52.968186
-1.837516 52.969530
-1.836571 52.972554
-1.836587 52.972725
-1.836797 52.974952
-1.837427 52.974746
-1.838653 52.974109
-1.839141 52.973759
-1.839406 52.973422
-1.839687 52.973189
-1.839931 52.973030
-1.840339 52.972854
-1.840941 52.972661
-1.841390 52.972476
-1.841924 52.972161
-1.842559 52.971828
-1.843669 52.971377
-1.844108 52.971284
-1.845026 52.971235
-1.846440 52.971199
-1.847326 52.971084
-1.848172 52.970904
-1.849129 52.970559
-1.849904 52.970403
-1.850500 52.970230
-1.850940 52.969984
-1.851153 52.969657
-1.851013 52.969057
-1.851015 52.968785
-1.851077 52.968375
-1.851312 52.968179
-1.851601 52.967938
-1.851901 52.967687
-1.852633 52.966704
-1.852590 52.966578
-1.852478 52.966455
-1.852348 52.966289
-1.851968 52.965803
-1.851195 52.964862
-1.850531 52.963949
-1.851008 52.963773
-1.851451 52.963633
-1.851721 52.963547
-1.852231 52.963386
-1.852327 52.963328
-1.853368 52.963458
-1.853572 52.963490
-1.853954 52.963578
-1.854201 52.963645
-1.854428 52.963749
-1.854484 52.963774
-1.854763 52.963774
-1.855342 52.963781
-1.856484 52.963795
-1.856759 52.963797
-1.857531 52.963678
-1.858064 52.963557
-1.858272 52.963510
-1.859007 52.963522
-1.859452 52.963529
-1.859920 52.963593
-1.859570 52.964020
-1.859473 52.964880
