27.862485 -26.223503
27.862664 -26.224107
27.864055 -26.223699
27.864612 -26.223596
27.865428 -26.223464
27.866449 -26.223281
27.866753 -26.223231
27.868590 -26.222900
27.870459 -26.222562
27.870596 -26.222538
27.871050 -26.222378
27.872270 -26.222142
27.872359 -26.222128
27.872376 -26.222190
27.872809 -26.223785
27.872988 -26.224441
27.873143 -26.225040
27.873171 -26.225250
27.873195 -26.225496
27.873197 -26.225650
27.873193 -26.225816
27.873164 -26.226023
27.873089 -26.226373
27.873042 -26.226538
27.872961 -26.226810
27.872840 -26.227218
27.872804 -26.227399
27.872789 -26.227567
27.872778 -26.227717
27.872777 -26.227857
27.872776 -26.228010
27.872795 -26.228167
27.872802 -26.228269
27.872823 -26.228424
27.872875 -26.228591
27.873081 -26.229069
27.873154 -26.229228
27.873596 -26.230070
27.874197 -26.231108
27.874365 -26.231229
27.874484 -26.231237
27.874640 -26.231175
27.874859 -26.230965
27.874994 -26.230780
27.875258 -26.230476
27.875301 -26.230416
27.875770 -26.229769
27.876089 -26.229330
27.876603 -26.228623
27.877124 -26.227906
27.877966 -26.226719
27.878102 -26.226528
27.878643 -26.225912
27.879192 -26.225458
27.879736 -26.225000
27.879866 -26.224891
27.880025 -26.224757
27.880592 -26.224478
27.880885 -26.224384
27.881183 -26.224314
27.881569 -26.224278
27.881825 -26.224276
27.882103 -26.224299
27.882608 -26.224404
27.883351 -26.224576
27.883892 -26.224680
27.884341 -26.224731
27.884725 -26.224732
27.885106 -26.224711
27.885562 -26.224652
27.885991 -26.224541
27.886515 -26.224360
27.886945 -26.224146
27.887389 -26.223872
27.888179 -26.223132
27.888599 -26.222563
27.888797 -26.222147
27.888857 -26.221963
27.888876 -26.221760
27.888988 -26.221111
27.889170 -26.220486
27.889355 -26.219742
27.889779 -26.218025
27.889937 -26.217349
27.890305 -26.215662
27.890427 -26.215135
27.890449 -26.214945
27.890425 -26.214769
27.890376 -26.214639
27.890304 -26.214553
27.890222 -26.214469
27.890365 -26.214337
27.890500 -26.214201
27.890639 -26.214040
27.890942 -26.213619
27.890988 -26.213559
27.891106 -26.213414
27.891291 -26.213224
27.891439 -26.213097
27.891624 -26.212943
27.891828 -26.212834
27.892216 -26.212635
27.892498 -26.212520
27.892672 -26.212461
27.892887 -26.212430
27.893348 -26.212358
27.893638 -26.212336
27.893960 -26.212368
27.894319 -26.212418
27.894679 -26.212490
27.895271 -26.212683
27.898042 -26.213629
27.899858 -26.214254
27.901155 -26.214703
27.901691 -26.214882
27.903431 -26.215477
27.905916 -26.216330
27.906585 -26.216560
27.907415 -26.216842
27.907870 -26.217000
27.908263 -26.217124
27.908452 -26.217157
27.908553 -26.217141
27.908684 -26.217129
27.908793 -26.217083
27.909413 -26.217048
27.909825 -26.217103
27.910289 -26.217257
27.910761 -26.217488
27.911679 -26.217981
27.912426 -26.218343
27.912881 -26.218566
27.913344 -26.218736
27.913748 -26.218844
27.914143 -26.218913
27.914520 -26.218975
27.914795 -26.218990
27.915138 -26.218990
27.915507 -26.218990
27.915765 -26.218998
27.916276 -26.218948
27.916400 -26.218936
27.917378 -26.218890
27.919095 -26.218851
27.919764 -26.218836
27.920588 -26.218913
27.921739 -26.219129
27.922511 -26.219344
27.923155 -26.219629
27.924090 -26.220083
27.924906 -26.220653
27.925893 -26.221361
27.926854 -26.222324
27.928656 -26.223987
27.929116 -26.224413
27.929306 -26.224139
27.929751 -26.223511
27.929888 -26.223104
27.929952 -26.222520
27.929990 -26.222245
27.930106 -26.221853
27.930341 -26.221491
27.930741 -26.221112
27.931325 -26.220759
27.931809 -26.220633
27.932180 -26.220576
27.933370 -26.220499
27.933962 -26.220433
27.934453 -26.220335
27.934916 -26.220201
27.936303 -26.219725
27.936977 -26.219536
27.937794 -26.219397
27.938597 -26.219315
27.940066 -26.219236
27.941108 -26.219105
27.942027 -26.218947
27.943156 -26.218700
27.944467 -26.218351
27.948107 -26.217359
27.949145 -26.217136
27.950506 -26.216940
27.951771 -26.216854
27.952226 -26.216853
27.953247 -26.216884
27.954197 -26.216969
27.955066 -26.217084
