19.991813 49.507123
19.988499 49.511387
19.988317 49.511616
19.988267 49.511680
19.988064 49.512089
19.988019 49.512281
19.988011 49.512524
19.987989 49.513489
19.987995 49.513823
19.988039 49.516073
19.988025 49.516434
19.987967 49.516680
19.987841 49.516941
19.987780 49.517025
19.987683 49.517159
19.987455 49.517387
19.987207 49.517624
19.986980 49.517794
19.986712 49.517972
19.986088 49.518369
19.985861 49.518513
19.985768 49.518581
19.985645 49.518653
19.985529 49.518736
19.985058 49.519123
19.984998 49.519182
19.984930 49.519245
19.984811 49.519357
19.984545 49.519614
19.984139 49.520015
19.983329 49.520805
19.982966 49.521161
19.982831 49.521294
19.982373 49.521743
19.981291 49.522793
19.980283 49.523775
19.979759 49.524288
19.979485 49.524552
19.979274 49.524779
19.979168 49.524921
19.979086 49.525058
19.979050 49.525117
19.978962 49.525307
19.978902 49.525474
19.978862 49.525627
19.978830 49.525898
19.978803 49.526308
19.978782 49.526720
19.978761 49.527099
19.978725 49.527355
19.978680 49.527500
19.978629 49.527634
19.978561 49.527779
19.978481 49.527908
19.978389 49.528037
19.978301 49.528139
19.978217 49.528236
19.978075 49.528375
19.977847 49.528572
19.977449 49.528915
19.976667 49.529581
19.975096 49.530922
19.973992 49.531868
19.972720 49.532958
19.972559 49.533132
19.972459 49.533294
19.972406 49.533439
19.972377 49.533580
19.972357 49.533738
19.972366 49.533845
19.972401 49.533980
19.972452 49.534110
19.972555 49.534354
19.972761 49.534802
19.973119 49.535564
19.973309 49.535977
19.973482 49.536367
19.973612 49.536657
19.973729 49.536959
19.973758 49.537069
19.973782 49.537157
19.973802 49.537346
19.973803 49.537501
19.973791 49.537647
19.973758 49.537804
19.973706 49.537962
19.973645 49.538094
19.973573 49.538236
19.973341 49.538570
19.973172 49.538826
19.973072 49.539014
19.973039 49.539108
19.973020 49.539221
19.973019 49.539335
19.973034 49.539450
19.973060 49.539577
19.973106 49.539684
19.973170 49.539800
19.973286 49.539967
19.973406 49.540127
19.973675 49.540484
19.974130 49.541085
19.974199 49.541184
19.974266 49.541297
19.974310 49.541406
19.974337 49.541522
19.974341 49.541693
19.974319 49.541810
19.974280 49.541936
19.974230 49.542034
19.974148 49.542150
19.974036 49.542273
19.973930 49.542361
19.973777 49.542461
19.973615 49.542549
19.973005 49.542829
19.972394 49.543106
19.971747 49.543408
19.971165 49.543675
19.970690 49.543892
19.969889 49.544256
19.969207 49.544576
19.967308 49.545442
19.966987 49.545590
19.966606 49.545762
19.965883 49.546092
19.965527 49.546232
19.965232 49.546339
19.964844 49.546453
19.964429 49.546562
19.963923 49.546699
19.963558 49.546794
19.963254 49.546874
19.962730 49.547040
19.962237 49.547199
19.961140 49.547547
19.960414 49.547773
19.960096 49.547873
19.959829 49.547964
19.959520 49.548088
19.959248 49.548219
19.958997 49.548363
19.958688 49.548557
19.958425 49.548725
19.958080 49.548942
19.957891 49.549050
19.957732 49.549126
19.957490 49.549219
19.957241 49.549293
19.957097 49.549324
19.956985 49.549348
19.956694 49.549387
19.956461 49.549396
19.956204 49.549395
19.955980 49.549382
19.955734 49.549360
19.955394 49.549309
19.954730 49.549199
19.953870 49.549052
19.953431 49.548978
19.953215 49.548949
19.953026 49.548931
19.952816 49.548927
19.952584 49.548934
19.952365 49.548960
19.952093 49.549011
19.951823 49.549085
19.951560 49.549173
19.950516 49.549560
19.948523 49.550313
19.946972 49.550908
19.945924 49.551297
19.945484 49.551467
19.942443 49.552617
19.942024 49.552778
19.940916 49.553206
19.940079 49.553523
19.939649 49.553685
19.939445 49.553769
19.939325 49.553827
19.939221 49.553882
19.939063 49.553978
19.938937 49.554079
19.938808 49.554204
19.938715 49.554325
19.938609 49.554499
19.938540 49.554669
19.938508 49.554849
19.938512 49.555000
19.938530 49.555096
19.938567 49.555229
19.938628 49.555359
19.938787 49.555666
19.939258 49.556571
19.939425 49.556882
19.939634 49.557214
19.940100 49.558048
19.940425 49.558649
19.941417 49.560580
19.942044 49.561657
19.942199 49.561954
19.943239 49.563937
19.943501 49.564421
19.943790 49.564979
19.944374 49.566010
19.944942 49.567061
19.945508 49.568128
19.945599 49.568306
19.945693 49.568489
19.945775 49.568638
19.945882 49.568805
19.946055 49.569041
19.946169 49.569164
19.946285 49.569286
19.946475 49.569478
19.946646 49.569660
19.946844 49.569912
19.946957 49.570089
19.947043 49.570229
19.947119 49.570411
19.947181 49.570597
19.947229 49.570841
19.947297 49.571277
19.947374 49.571595
19.947400 49.571715
19.947555 49.572238
19.947657 49.572564
19.947695 49.572742
19.947716 49.572848
19.947721 49.573010
19.947679 49.573167
19.947620 49.573298
19.947555 49.573408
19.947459 49.573524
19.947321 49.573656
19.947112 49.573812
19.946935 49.573907
19.946403 49.574144
19.945831 49.574394
19.944680 49.574888
19.943942 49.575201
19.943621 49.575338
19.943077 49.575567
19.942773 49.575694
19.942470 49.575798
19.942203 49.575882
19.941920 49.575957
19.941606 49.576028
19.941309 49.576088
19.941135 49.576125
19.940415 49.576278
19.939766 49.576417
19.939548 49.576482
19.939283 49.576586
19.939054 49.576697
19.938818 49.576834
19.938648 49.576962
19.938519 49.577076
19.938396 49.577209
19.938225 49.577439
19.938160 49.577562
19.937561 49.578882
19.937228 49.579614
19.937020 49.580058
19.936786 49.580556
19.936507 49.581172
19.936161 49.581961
19.936061 49.582174
19.935987 49.582356
19.935956 49.582455
19.935927 49.582583
19.935905 49.582718
19.935904 49.582888
19.935921 49.583024
19.935960 49.583176
19.936011 49.583299
19.936035 49.583342
19.936126 49.583489
19.936261 49.583668
19.936347 49.583759
19.936546 49.583953
19.936971 49.584363
19.937082 49.584476
19.937264 49.584655
19.937400 49.584766
19.937634 49.584910
19.937826 49.584997
19.938076 49.585101
19.938267 49.585195
19.938409 49.585279
19.938551 49.585398
19.938642 49.585507
19.938696 49.585618
19.938731 49.585725
19.938734 49.585842
19.938720 49.585946
19.938683 49.586041
19.938627 49.586132
19.938545 49.586233
19.938451 49.586313
19.938360 49.586386
19.938218 49.586456
19.938051 49.586511
19.937920 49.586546
19.937771 49.586574
19.937586 49.586591
19.937380 49.586588
19.937180 49.586559
19.936994 49.586514
19.936788 49.586432
19.936355 49.586243
19.935920 49.586059
19.935718 49.585987
19.935547 49.585934
19.935389 49.585891
19.935118 49.585834
19.934780 49.585781
19.934307 49.585709
19.933997 49.585664
19.933792 49.585647
19.933575 49.585647
19.933397 49.585661
19.933238 49.585688
19.933080 49.585729
19.932925 49.585786
19.932796 49.585852
19.932683 49.585922
19.932587 49.585996
19.932500 49.586082
19.932449 49.586151
19.932386 49.586256
19.932347 49.586369
19.932334 49.586461
19.932330 49.586584
19.932340 49.586692
19.932357 49.586768
19.932425 49.586998
19.932530 49.587377
19.932605 49.587641
19.932735 49.588068
19.932938 49.588757
19.933154 49.589608
19.933232 49.589964
19.933377 49.590484
19.933630 49.591332
19.933755 49.591761
19.933878 49.592126
19.933921 49.592295
19.933930 49.592420
19.933915 49.592562
19.933866 49.592716
19.933799 49.592844
19.933702 49.592977
19.933534 49.593136
19.933379 49.593247
19.933241 49.593331
19.933089 49.593399
19.932929 49.593454
19.932739 49.593510
19.932295 49.593632
19.931658 49.593801
19.931524 49.593847
19.931413 49.593892
19.931285 49.593958
19.931153 49.594030
19.931044 49.594117
19.930951 49.594202
19.930929 49.594227
19.930854 49.594312
19.930765 49.594453
19.930708 49.594592
19.930702 49.594616
19.930659 49.594763
19.930208 49.597216
19.929982 49.598405
19.929703 49.599822
19.929551 49.600597
19.929190 49.602378
19.928699 49.604561
19.928155 49.606977
19.928111 49.607336
19.927961 49.608015
19.927901 49.608236
19.927832 49.608532
19.927753 49.608764
19.927710 49.608951
19.927524 49.609772
19.927258 49.610945
19.927142 49.611298
19.927023 49.611525
19.926761 49.611890
19.925984 49.612611
19.925134 49.613401
19.924844 49.613906
19.924794 49.614323
19.924852 49.614797
19.925348 49.615926
19.925651 49.616616
19.925682 49.616884
19.925655 49.617031
19.925541 49.617343
19.925206 49.617672
19.923821 49.618713
19.922779 49.619495
19.921689 49.620314
19.921310 49.620599
19.920772 49.621177
19.919782 49.622243
19.919239 49.622579
19.917462 49.623348
19.917051 49.623601
19.916809 49.623899
19.916168 49.624831
19.916028 49.625188
19.916088 49.625544
19.916318 49.625852
19.916737 49.626127
19.919063 49.627277
19.919942 49.628296
19.921094 49.629759
19.921222 49.630096
19.921101 49.630430
19.920546 49.631389
19.920041 49.632261
19.919466 49.633191
19.919356 49.633387
19.916075 49.639116
19.915743 49.639688
19.915357 49.640356
19.915183 49.640663
19.915085 49.640838
19.914957 49.641066
19.914880 49.641310
19.914670 49.642925
19.914642 49.643140
19.914333 49.643708
19.913865 49.644570
19.913727 49.644819
19.913483 49.644893
19.912525 49.645164
19.911378 49.645491
19.910206 49.645796
19.909045 49.646039
19.908429 49.646225
19.906031 49.647573
19.905199 49.647942
19.904782 49.648103
19.904289 49.648251
19.901696 49.648937
19.900587 49.649202
19.899717 49.649324
19.899234 49.649333
19.898569 49.649219
19.897456 49.648941
19.896656 49.648751
19.895648 49.648585
19.891375 49.647997
19.890437 49.647867
19.890300 49.647846
19.886892 49.647315
19.884308 49.646940
19.884183 49.646921
19.879799 49.646274
19.876293 49.645749
19.871795 49.645086
19.870859 49.644939
19.869210 49.644681
19.868850 49.644632
19.868377 49.644618
19.865605 49.644675
19.865068 49.644686
19.864603 49.644727
19.864106 49.644842
19.863735 49.644985
19.862693 49.645337
19.862247 49.645458
19.861817 49.645509
19.861307 49.645511
19.858556 49.645420
19.857995 49.645416
19.857152 49.645454
19.855898 49.645529
19.854967 49.645545
19.854541 49.645552
19.854077 49.645566
19.853518 49.645605
19.853017 49.645715
19.852488 49.645902
19.851718 49.646265
19.851310 49.646448
19.851179 49.646507
19.850742 49.646646
19.850236 49.646757
19.849097 49.646940
19.847882 49.647176
19.847160 49.647340
19.846617 49.647544
19.846331 49.647667
19.845645 49.648027
19.845037 49.648390
19.844591 49.648533
19.844330 49.648580
19.844234 49.648597
19.843593 49.648640
19.842751 49.648669
19.840804 49.648798
19.839166 49.648977
19.838068 49.649229
19.836733 49.649585
19.836312 49.649776
19.835055 49.650352
19.834838 49.650417
19.834631 49.650408
19.834356 49.650334
19.833631 49.650100
19.832764 49.649822
19.832265 49.649621
19.831534 49.649326
19.831231 49.649204
19.830894 49.649161
19.830492 49.649164
19.830164 49.649161
19.829959 49.649159
19.829733 49.649161
19.829016 49.649167
19.828699 49.649257
19.828464 49.649336
19.828384 49.649404
19.827916 49.649814
19.827770 49.649891
19.827407 49.649962
19.826404 49.650060
19.826144 49.650086
19.825967 49.650132
19.825877 49.650218
19.825898 49.650318
19.825958 49.650402
19.826052 49.650493
19.826481 49.650826
19.826645 49.651005
19.826597 49.651109
19.826501 49.651145
19.826372 49.651158
19.825439 49.650962
19.825244 49.650957
19.825072 49.650997
19.824923 49.651107
19.824806 49.651243
19.824504 49.651671
19.824423 49.651738
19.824251 49.651798
19.823967 49.651817
19.823206 49.651807
19.822640 49.651800
19.821510 49.651820
19.821154 49.651830
19.820809 49.651883
19.820457 49.652049
19.820195 49.652242
19.819651 49.652862
19.819472 49.653052
19.819250 49.653199
19.818964 49.653356
19.814434 49.655453
19.813469 49.655899
19.807632 49.658601
19.806392 49.659158
19.805640 49.659510
19.804373 49.660098
19.803391 49.660555
19.802086 49.661240
19.801325 49.661754
19.800385 49.662656
19.799495 49.663859
19.799115 49.664456
19.798919 49.665047
19.798667 49.666423
19.798577 49.666806
19.798477 49.667234
19.798288 49.667600
19.798258 49.667658
19.797828 49.667991
19.797560 49.668113
19.797290 49.668161
19.796412 49.668223
19.794242 49.668275
19.793826 49.668285
19.793149 49.668288
19.792766 49.668324
19.792265 49.668372
19.790513 49.668620
19.790245 49.668658
19.789641 49.668806
19.789143 49.669009
19.788359 49.669306
19.787744 49.669483
19.784666 49.670237
19.784050 49.670356
19.779546 49.670744
19.778768 49.670755
19.775265 49.670610
19.774660 49.670563
19.774045 49.670447
19.771876 49.669842
19.771327 49.669728
19.770661 49.669702
19.770280 49.669713
19.769811 49.669787
19.769265 49.669905
19.768734 49.670103
19.767862 49.670585
19.767723 49.670675
19.767555 49.670773
19.766294 49.671441
19.765968 49.671598
19.765312 49.671965
19.764461 49.672486
19.764153 49.672663
19.763565 49.673000
19.761841 49.673566
19.760896 49.673877
19.760156 49.674135
19.759706 49.674369
19.759614 49.674417
19.757715 49.675462
19.757288 49.675701
19.755549 49.676668
19.752323 49.678461
19.752182 49.678539
19.751134 49.679094
19.747932 49.680927
19.747822 49.680998
19.747677 49.681092
19.747517 49.681243
19.747348 49.681451
19.746046 49.683344
19.745973 49.683422
19.745878 49.683527
19.745730 49.683668
19.745664 49.683731
19.745479 49.683880
19.745419 49.683923
19.745265 49.684032
19.744912 49.684250
19.744582 49.684429
19.743394 49.685090
19.743039 49.685284
19.742710 49.685443
19.742447 49.685559
19.740483 49.686363
19.739653 49.686703
19.739271 49.686847
19.738984 49.686926
19.738688 49.686996
19.732070 49.688272
19.730175 49.688637
19.727152 49.689220
19.727041 49.689247
19.726651 49.689340
19.726178 49.689497
19.725229 49.689870
19.723944 49.690441
19.723684 49.690549
19.723417 49.690674
19.722938 49.690927
19.719962 49.692704
19.719691 49.692843
19.719490 49.692925
19.719255 49.692989
19.718951 49.693045
19.716449 49.693390
19.715706 49.693504
19.715147 49.693640
19.714654 49.693810
19.712035 49.694828
19.709682 49.695742
19.707983 49.696402
19.707013 49.696778
19.706618 49.696938
19.706374 49.697061
19.706187 49.697156
19.705747 49.697427
19.705459 49.697626
19.705410 49.697660
19.704264 49.698455
19.703771 49.698766
19.703134 49.699244
19.696165 49.704025
19.694167 49.705396
19.693710 49.705709
19.692972 49.706225
19.692660 49.706489
19.691124 49.707791
