39.508660 52.572003
39.500498 52.575737
39.500430 52.575768
39.500353 52.575803
39.500001 52.575964
39.499846 52.576035
39.497253 52.577221
39.495339 52.578096
39.495108 52.578202
39.493835 52.578784
39.493100 52.579107
39.492962 52.579167
39.492562 52.579343
39.492522 52.579360
39.488533 52.581092
39.488351 52.581177
39.488258 52.581215
39.487720 52.581443
39.487448 52.581558
39.487208 52.581680
39.486146 52.582121
39.485461 52.582419
39.484131 52.582923
39.483908 52.582990
39.481575 52.583691
39.479923 52.584202
39.477830 52.584850
39.477677 52.584900
39.477199 52.585056
39.472159 52.586587
39.472037 52.586624
39.471513 52.586784
39.467421 52.588224
39.459751 52.590924
39.458474 52.591360
39.458478 52.592117
39.458435 52.592513
39.458251 52.593621
39.458251 52.594012
39.458310 52.594369
39.458506 52.595154
39.458536 52.595227
39.458708 52.595714
39.458925 52.596209
39.459280 52.596814
39.459693 52.597417
39.460262 52.598103
39.460813 52.598692
39.461536 52.599396
39.462047 52.599807
39.462742 52.600313
39.463366 52.600693
39.464954 52.601611
39.465202 52.601747
39.465695 52.602028
39.466001 52.602196
39.467536 52.603069
39.470220 52.604600
39.472566 52.605903
39.473614 52.606524
39.480293 52.610318
39.482838 52.611774
39.483584 52.612193
39.485570 52.613320
39.487837 52.614605
39.489995 52.615879
39.490552 52.616215
39.491379 52.616759
39.492199 52.617323
39.493262 52.618063
39.497073 52.620787
39.497607 52.621168
39.498756 52.621984
39.499489 52.622495
39.500181 52.622975
39.501167 52.623614
39.501800 52.624009
39.502534 52.624457
39.503265 52.624871
39.504260 52.625403
39.504857 52.625693
39.506014 52.626251
39.506089 52.626285
39.508312 52.627291
39.513475 52.629646
39.516559 52.630973
39.518015 52.631611
39.519609 52.632284
39.522487 52.633386
39.525024 52.634548
39.528325 52.636351
39.528505 52.636450
39.529466 52.636990
39.529783 52.637160
39.530105 52.637186
39.530360 52.637170
39.530577 52.637130
39.530797 52.637039
39.530990 52.636943
39.531118 52.636832
39.531186 52.636700
39.531192 52.636527
39.531136 52.636403
39.531005 52.636310
39.530737 52.636206
39.530383 52.636139
39.529990 52.636152
39.529708 52.636264
39.529269 52.636488
39.528403 52.637321
39.526215 52.639540
39.525919 52.639815
39.523461 52.642253
39.522940 52.642770
39.520556 52.645228
39.519024 52.646806
39.516149 52.649504
39.515451 52.650159
39.511343 52.653768
39.510594 52.654397
39.509263 52.655517
39.507759 52.656726
39.504798 52.659267
39.504382 52.659625
39.499884 52.663500
39.496118 52.666786
39.492428 52.669964
39.490893 52.671223
39.486817 52.674323
39.482968 52.677228
39.482091 52.677784
39.481638 52.678035
39.480497 52.678616
39.478021 52.679831
39.475984 52.680650
39.474095 52.681294
39.472853 52.681629
39.472219 52.681768
39.472008 52.681814
39.471948 52.681827
39.471656 52.681891
39.470115 52.682228
39.469797 52.682291
39.467349 52.682777
39.465739 52.683097
39.465105 52.683214
39.463403 52.683557
39.462597 52.683863
39.460798 52.684917
39.457736 52.686709
39.454391 52.688668
39.451770 52.690347
39.450246 52.691215
39.449606 52.691538
39.449043 52.691820
39.446948 52.692736
39.444577 52.693638
39.442301 52.694393
39.442224 52.694419
39.440028 52.695147
39.438737 52.695648
39.438027 52.695951
39.437384 52.696245
39.437030 52.696423
39.433905 52.697992
39.432006 52.699012
39.430615 52.699825
39.424847 52.703511
39.423629 52.704340
39.423086 52.704741
39.422526 52.705226
39.422173 52.705576
39.421771 52.706028
39.421052 52.706989
39.420547 52.707726
39.420178 52.708178
39.417944 52.711187
39.415997 52.713447
39.415178 52.714354
39.414657 52.714860
39.413562 52.715821
39.412331 52.716751
39.411500 52.717319
39.410343 52.718008
39.408402 52.719186
39.405504 52.720990
39.404011 52.722075
39.403164 52.722731
39.403008 52.722868
39.402079 52.723688
39.400513 52.725068
39.399796 52.725770
39.399101 52.726449
39.398607 52.726812
39.398238 52.727027
39.394335 52.728842
39.393959 52.729025
39.391908 52.730013
39.388396 52.731705
39.387722 52.732032
39.386487 52.732631
39.385961 52.732901
39.385674 52.733051
39.385455 52.733184
39.385210 52.733352
39.384930 52.733550
39.384649 52.733732
39.384515 52.733835
39.384422 52.733911
39.384349 52.733975
39.384197 52.734166
39.383962 52.734418
39.383823 52.734584
39.383694 52.734746
39.383516 52.734985
39.383340 52.735249
39.383303 52.735305
39.383065 52.735661
39.382507 52.736471
39.381452 52.738009
39.380283 52.739637
39.379953 52.740168
39.379608 52.740735
39.379397 52.741157
39.379172 52.741606
39.378838 52.742394
39.378329 52.743593
39.377468 52.745771
39.377366 52.746085
39.376136 52.749165
39.374479 52.752533
39.373742 52.754033
39.373664 52.754193
39.372719 52.756074
39.371022 52.759456
39.369818 52.761802
39.368440 52.764389
39.367556 52.766072
39.365903 52.769531
39.364703 52.771957
39.363419 52.774466
39.360585 52.778851
39.359257 52.780823
39.358693 52.781659
39.358421 52.782150
39.358126 52.782682
39.357688 52.783530
39.357319 52.784310
39.357113 52.784815
39.356896 52.785371
39.356662 52.786082
39.356498 52.786716
39.356429 52.787034
39.356388 52.787265
39.356110 52.788548
39.355894 52.789628
39.355781 52.790193
39.355571 52.791150
39.355517 52.791411
39.355459 52.791608
39.355345 52.791921
39.355249 52.792111
39.355152 52.792279
39.355016 52.792472
39.354932 52.792571
39.354846 52.792656
39.354701 52.792786
39.354236 52.793168
39.353855 52.793428
39.353518 52.793640
39.353217 52.793806
39.352749 52.794050
39.352498 52.794182
39.351932 52.794477
39.351634 52.794643
39.351535 52.794697
39.351189 52.794910
39.350461 52.795364
39.349667 52.795950
39.347717 52.797566
39.346771 52.798387
39.346342 52.798760
39.345629 52.799422
39.344991 52.800034
39.343898 52.801126
39.343598 52.801459
39.342468 52.802707
39.342380 52.802804
39.340843 52.804568
39.340295 52.805188
39.339911 52.805586
39.339373 52.806061
39.338949 52.806405
39.338342 52.806869
39.334756 52.809556
39.332911 52.810956
39.332049 52.811574
39.331617 52.811855
39.331120 52.812156
39.330683 52.812425
39.330208 52.812681
39.329476 52.813047
39.328170 52.813687
39.325347 52.815057
39.322082 52.816637
39.319789 52.817771
39.319035 52.818179
39.311863 52.822539
39.301464 52.828902
39.300367 52.829589
39.299942 52.829895
39.299062 52.830584
39.298613 52.830971
39.297816 52.831742
39.290134 52.838448
39.287500 52.840747
39.281445 52.845962
39.278065 52.848920
39.274804 52.851720
39.269543 52.856346
39.268555 52.857268
39.268091 52.857736
39.267807 52.858063
39.267593 52.858319
39.267203 52.858825
39.266881 52.859242
39.266375 52.860007
39.266021 52.860560
39.265723 52.861129
39.265413 52.861827
39.265158 52.862478
39.264978 52.862950
39.263982 52.865864
39.263441 52.867407
39.262092 52.871340
39.261295 52.873645
39.260841 52.874911
39.260576 52.875569
39.260377 52.876000
39.260157 52.876421
39.259640 52.877182
39.259177 52.877861
39.256195 52.881142
39.256117 52.881211
39.253747 52.883317
39.250440 52.886190
39.249106 52.887221
39.248461 52.887678
39.247546 52.888220
39.246727 52.888661
39.243093 52.890447
39.241601 52.891188
39.241008 52.891518
39.240203 52.891995
39.239225 52.892611
39.238613 52.893037
39.237946 52.893525
39.236934 52.894342
39.236346 52.894848
39.235885 52.895209
39.235520 52.895465
39.235086 52.895736
39.234667 52.895979
39.234172 52.896226
39.233485 52.896553
39.232681 52.896880
39.231581 52.897272
39.230095 52.897784
39.229126 52.898130
39.228647 52.898322
39.228327 52.898457
39.228121 52.898561
39.227190 52.899071
39.225172 52.900210
39.214355 52.906299
39.211790 52.907928
39.210888 52.908500
39.210483 52.908799
39.210115 52.909083
39.209837 52.909347
39.209417 52.909850
39.209257 52.910084
39.209129 52.910337
39.208970 52.910694
39.208887 52.911025
39.208833 52.911267
39.208823 52.911512
39.208832 52.911800
39.208869 52.912040
39.208951 52.912345
39.209220 52.913454
39.209262 52.913630
39.210775 52.919350
39.211150 52.920815
39.211227 52.921245
39.211324 52.921653
39.211421 52.921970
39.211537 52.922332
39.212411 52.925391
39.213195 52.928453
39.213966 52.931340
39.215510 52.937206
39.217992 52.946673
39.220339 52.956143
39.220284 52.957304
39.220103 52.958962
39.219576 52.963264
39.218980 52.968976
39.218645 52.972182
39.218562 52.972802
39.218645 52.972182
