-86.950893 34.808453
-86.950924 34.806922
-86.950919 34.806651
-86.951623 34.806367
-86.952197 34.806178
-86.952805 34.806077
-86.954063 34.805951
-86.956390 34.805700
-86.956525 34.805685
-86.956932 34.805640
-86.957395 34.805589
-86.957573 34.805572
-86.958096 34.805521
-86.958078 34.805084
-86.958071 34.803695
-86.959028 34.803829
-86.959784 34.803921
-86.960212 34.803976
-86.960464 34.804009
-86.962885 34.804323
-86.963603 34.804392
-86.963775 34.804404
-86.964391 34.804410
-86.964444 34.804406
-86.964787 34.804382
-86.965771 34.804343
-86.965825 34.803820
-86.965901 34.803089
-86.965904 34.802700
-86.965928 34.802165
-86.965978 34.801046
-86.966031 34.799854
-86.963297 34.799699
-86.966031 34.799854
-86.966075 34.799107
-86.966078 34.798852
-86.966084 34.798838
-86.966118 34.797085
-86.967990 34.797136
-86.968825 34.797155
-86.969142 34.797148
-86.969374 34.797166
-86.969997 34.797187
-86.970194 34.797197
-86.970601 34.797218
-86.971352 34.797237
-86.972030 34.797263
-86.972214 34.797270
-86.972528 34.797260
-86.973668 34.797239
-86.973805 34.797227
-86.974551 34.797211
-86.974747 34.797201
-86.975815 34.797207
-86.976898 34.797213
-86.978022 34.797219
-86.978031 34.797286
-86.978141 34.797246
-86.978186 34.797203
-86.978232 34.797113
-86.978323 34.796839
-86.978379 34.796702
-86.978449 34.796568
-86.978615 34.796311
-86.978900 34.795935
-86.979307 34.795446
-86.979611 34.795098
-86.979836 34.794842
-86.979983 34.794665
-86.980609 34.793948
-86.980880 34.793627
-86.981197 34.793271
-86.981362 34.793072
-86.981653 34.792749
-86.981781 34.792628
-86.982671 34.791853
-86.983064 34.791511
-86.983458 34.791218
-86.983466 34.790830
-86.983461 34.790394
-86.983475 34.787855
-86.983485 34.785910
-86.983475 34.787855
-86.983461 34.790394
-86.983466 34.790830
-86.983458 34.791218
-86.983466 34.790830
-86.983461 34.790394
-86.984575 34.790430
-86.985739 34.790477
-86.985886 34.790477
-86.986271 34.790497
-86.987038 34.790528
-86.987689 34.790550
-86.987934 34.790566
-86.989485 34.790608
-86.987959 34.792186
-86.989485 34.790608
-86.990021 34.790042
-86.990129 34.789928
-86.990220 34.789831
-86.990387 34.789673
-86.990711 34.789319
-86.991218 34.788804
-86.991340 34.788696
-86.991472 34.788596
-86.991611 34.788503
-86.991906 34.788338
-86.992220 34.788197
-86.992800 34.787965
-86.993466 34.787642
-86.993900 34.787390
-86.994182 34.787197
-86.994879 34.786726
-86.995087 34.786586
-86.995759 34.786132
-86.996045 34.785954
-86.996159 34.785893
-86.996347 34.785792
-86.996650 34.785655
-86.996658 34.785651
-86.996976 34.785525
-86.997386 34.785391
-86.998216 34.785138
-86.998549 34.785042
-86.998616 34.785027
-86.999240 34.784886
-86.999507 34.784845
-86.999828 34.784780
-87.000853 34.784592
-87.001148 34.784552
-87.001445 34.784520
-87.002343 34.784478
-87.002672 34.784463
-87.003198 34.784417
-87.003546 34.784364
-87.004062 34.784249
-87.004553 34.784106
-87.004581 34.784098
-87.004998 34.783946
-87.007242 34.782987
-87.007274 34.782973
-87.007680 34.782809
-87.009092 34.782172
-87.009389 34.782037
-87.009712 34.781881
-87.009823 34.781828
-87.010150 34.781670
-87.010530 34.781478
-87.011245 34.781044
-87.011580 34.780814
-87.011941 34.780534
-87.012201 34.780319
-87.012498 34.780053
-87.012777 34.779771
-87.013333 34.779162
-87.015274 34.776993
-87.015582 34.776615
-87.015894 34.776172
-87.017137 34.774155
-87.017370 34.773793
-87.017773 34.773137
-87.017918 34.772909
-87.019102 34.771000
-87.019498 34.770391
-87.019756 34.770023
-87.020024 34.769661
-87.020313 34.769308
-87.020829 34.768717
-87.020974 34.768551
-87.021259 34.768255
-87.021351 34.768156
-87.022626 34.766781
-87.023256 34.766115
-87.023581 34.765788
-87.023927 34.765481
-87.024305 34.765206
-87.025104 34.764678
-87.026787 34.763590
-87.027203 34.763300
-87.027592 34.762987
-87.027947 34.762657
-87.028133 34.762450
-87.028402 34.762111
-87.028529 34.761939
-87.028778 34.761554
-87.028999 34.761157
-87.029204 34.760751
-87.029386 34.760341
-87.030215 34.758260
-87.030325 34.757962
-87.030528 34.757564
-87.030724 34.757248
-87.030958 34.756932
-87.031214 34.756586
-87.033109 34.754135
-87.033399 34.753781
-87.033714 34.753440
-87.035635 34.751502
-87.035937 34.751206
-87.036239 34.750925
-87.036553 34.750660
-87.036937 34.750391
-87.037229 34.750177
-87.038468 34.749349
-87.038504 34.749325
-87.038529 34.749330
-87.039182 34.749460
-87.040341 34.749734
-87.041290 34.749958
-87.042156 34.750147
-87.042983 34.750293
-87.044456 34.750530
-87.054687 34.752175
-87.055192 34.752256
-87.057883 34.752689
-87.060546 34.753118
-87.061602 34.753273
-87.062674 34.753394
-87.062846 34.753410
-87.065496 34.753658
-87.068747 34.753962
-87.069343 34.754011
-87.069699 34.754027
-87.069849 34.754034
-87.070843 34.754030
-87.071891 34.754012
-87.072321 34.754012
-87.074320 34.753975
-87.075639 34.753920
-87.074320 34.753975
-87.072321 34.754012
-87.072323 34.751374
-87.072328 34.750570
-87.072325 34.750133
-87.072315 34.748871
-87.072317 34.748041
-87.072298 34.746518
-87.072303 34.745736
-87.072290 34.744108
-87.072293 34.743295
-87.072297 34.742464
-87.072284 34.740451
-87.072198 34.738842
-87.072065 34.737054
-87.072059 34.736977
-87.071948 34.735945
-87.072226 34.735832
-87.072486 34.735744
-87.072972 34.735609
-87.073129 34.735565
-87.074015 34.735319
-87.076021 34.734665
-87.077452 34.734186
-87.077904 34.734007
-87.078337 34.733819
-87.078750 34.733623
-87.079762 34.733096
-87.081110 34.732393
-87.081477 34.732225
-87.082293 34.731871
-87.082697 34.731709
-87.085888 34.730540
-87.087106 34.730082
-87.088367 34.729634
-87.089392 34.729263
-87.089879 34.729049
-87.090332 34.728790
-87.090656 34.728577
-87.090759 34.728509
-87.091152 34.728204
-87.091513 34.727878
-87.091836 34.727524
-87.092121 34.727144
-87.093038 34.725824
-87.094156 34.724190
-87.094435 34.723809
-87.094748 34.723443
-87.095102 34.723091
-87.095461 34.722750
-87.095821 34.722422
-87.096510 34.721761
-87.096818 34.721391
-87.097019 34.720964
-87.097092 34.720490
-87.097118 34.716676
-87.097117 34.714823
-87.097119 34.714685
-87.097143 34.712987
-87.097154 34.711806
-87.097170 34.711239
-87.096195 34.711233
-87.094826 34.711244
-87.094389 34.711236
-87.093597 34.711245
-87.092296 34.711250
-87.091971 34.711250
-87.091143 34.711247
-87.090714 34.711256
-87.088815 34.711256
-87.087753 34.711240
-87.086412 34.711209
-87.084787 34.711172
-87.083916 34.711170
-87.082528 34.711168
-87.080279 34.711180
-87.078149 34.711173
-87.074527 34.711047
-87.074029 34.711030
-87.073143 34.711017
-87.072884 34.711182
-87.072745 34.711286
-87.072645 34.711404
-87.072517 34.711652
-87.072497 34.711690
-87.072494 34.711908
-87.072514 34.713391
-87.072518 34.714264
-87.072518 34.714325
-87.072299 34.714335
-87.072178 34.714341
-87.069902 34.714400
-87.069819 34.714402
-87.066085 34.714499
-87.065287 34.714518
-87.064376 34.714540
-87.063806 34.714539
-87.063237 34.714523
-87.062677 34.714489
-87.058401 34.714168
-87.057448 34.714099
-87.055256 34.713940
-87.054903 34.713919
-87.054390 34.713904
-87.053842 34.713926
-87.052771 34.713996
-87.052683 34.714003
-87.052384 34.714026
-87.052289 34.714033
-87.051674 34.714080
-87.051507 34.714093
-87.050788 34.714148
-87.050683 34.714156
-87.050540 34.714174
-87.050175 34.714219
-87.049817 34.714281
-87.049681 34.714304
-87.049400 34.714365
-87.049210 34.714406
-87.047980 34.714691
-87.047056 34.714905
-87.046639 34.715010
-87.046224 34.715105
-87.045900 34.715219
-87.045450 34.715421
-87.045083 34.715626
-87.044739 34.715855
-87.044460 34.716114
-87.044199 34.716399
-87.044180 34.716423
-87.044029 34.716613
-87.043721 34.717000
-87.043243 34.717620
-87.043090 34.717804
-87.043066 34.717827
-87.042908 34.717974
-87.042688 34.718106
-87.042440 34.718200
-87.042177 34.718251
-87.041736 34.718239
-87.041397 34.718202
-87.040951 34.718153
-87.040422 34.718095
-87.039991 34.718056
-87.039524 34.718033
-87.037417 34.718024
-87.036816 34.718022
-87.035754 34.718021
-87.035491 34.718021
-87.028093 34.718008
-87.026712 34.718008
-87.025013 34.718008
-87.024246 34.718006
-87.022375 34.718000
-87.020951 34.718006
-87.020450 34.718022
-87.019942 34.718060
-87.019433 34.718123
-87.018456 34.718289
-87.018419 34.718295
-87.018202 34.718334
-87.017707 34.718423
-87.017211 34.718512
-87.015893 34.718748
-87.015401 34.718820
-87.014899 34.718861
-87.014394 34.718867
-87.012938 34.718786
-87.011446 34.718693
-87.010322 34.718622
-87.010299 34.718621
-87.010253 34.718618
-87.008934 34.718536
-87.007176 34.718432
-87.006895 34.718418
-87.006305 34.718388
-87.004885 34.718389
-87.001827 34.718390
-87.001585 34.718390
-87.001531 34.718390
-87.001441 34.718391
-87.001233 34.718394
-87.000816 34.718376
-87.000591 34.718330
-87.000394 34.718290
-86.999997 34.718147
-86.999553 34.717939
-86.999081 34.717766
-86.998554 34.717670
-86.998044 34.717625
-86.997998 34.717621
-86.989985 34.717324
-86.986991 34.717226
-86.984243 34.717137
-86.984069 34.717141
-86.984012 34.717137
-86.983913 34.717135
-86.978688 34.717047
-86.977938 34.717038
-86.977650 34.717034
-86.975708 34.716993
-86.975313 34.716981
-86.974941 34.716993
-86.973059 34.716960
-86.971659 34.716935
-86.971070 34.716928
-86.970926 34.716927
-86.970301 34.716925
-86.968113 34.716887
-86.966813 34.716871
-86.966385 34.716838
-86.966381 34.716973
-86.966334 34.718411
-86.966229 34.722227
-86.966181 34.723975
-86.966157 34.724296
-86.966105 34.725599
-86.966088 34.726486
-86.966000 34.728999
-86.965958 34.730536
-86.965924 34.731327
-86.965579 34.731330
-86.964235 34.731300
-86.960660 34.731241
-86.959312 34.731213
-86.958997 34.731220
-86.957936 34.731205
-86.957740 34.731202
-86.957276 34.731182
-86.957174 34.731178
-86.957007 34.731176
-86.956909 34.731177
-86.956631 34.731180
-86.956452 34.731173
-86.954211 34.731134
-86.953769 34.731133
-86.947732 34.731028
-86.945293 34.730986
-86.943618 34.730945
-86.943514 34.730943
-86.943407 34.730940
-86.942738 34.730924
-86.942238 34.730912
-86.941488 34.730906
-86.940740 34.730901
-86.938420 34.730848
-86.938026 34.730838
-86.937299 34.730834
-86.937106 34.730830
-86.936928 34.730832
-86.935678 34.730806
-86.934495 34.730804
-86.934065 34.730783
-86.933688 34.730759
-86.933252 34.730763
-86.932489 34.730749
-86.930668 34.730717
-86.926721 34.730648
-86.924407 34.730618
-86.921826 34.730567
-86.921826 34.730573
-86.921811 34.730567
-86.921674 34.730563
-86.921324 34.730553
-86.920724 34.730551
-86.915453 34.730466
-86.915357 34.730465
-86.915261 34.730463
-86.911572 34.730404
-86.910769 34.730391
-86.908654 34.730363
-86.908562 34.730362
-86.908464 34.730361
-86.906325 34.730324
-86.902758 34.730280
-86.902469 34.730268
-86.902177 34.730270
-86.898653 34.730233
-86.897764 34.730224
-86.895209 34.730189
-86.886411 34.730092
-86.884163 34.730063
-86.880515 34.730016
-86.879813 34.730007
-86.877835 34.729990
-86.877541 34.729973
-86.877026 34.729974
-86.873189 34.729917
-86.869013 34.729867
-86.866152 34.729812
-86.864644 34.729783
-86.862410 34.729729
-86.861386 34.729709
-86.860949 34.729700
-86.860817 34.729698
-86.860160 34.729685
-86.859824 34.729673
-86.851126 34.729592
-86.850775 34.729589
-86.850718 34.729589
-86.845679 34.729542
-86.843811 34.729518
-86.843721 34.729517
-86.843635 34.729516
-86.840154 34.729472
-86.839880 34.729447
-86.839487 34.729465
-86.839029 34.729456
-86.838780 34.729467
-86.837642 34.729448
-86.837519 34.729446
-86.831956 34.729380
-86.829473 34.729357
-86.828761 34.729319
-86.827650 34.729325
-86.825315 34.729301
-86.817206 34.729227
-86.817148 34.729227
-86.817089 34.729226
-86.808518 34.729149
-86.806589 34.729119
-86.803670 34.729104
-86.801757 34.729110
-86.801674 34.729106
-86.801477 34.729095
-86.800407 34.729077
-86.796583 34.729069
-86.791480 34.729040
-86.790464 34.729034
-86.790393 34.729034
-86.789767 34.729034
-86.789568 34.729026
-86.789243 34.729022
-86.788405 34.729011
-86.787573 34.729000
-86.787078 34.728994
-86.786374 34.728972
-86.784437 34.728894
-86.782910 34.728892
-86.781749 34.728956
-86.780622 34.729037
-86.779084 34.729126
-86.777920 34.729146
-86.776925 34.729129
-86.775437 34.729052
-86.772698 34.728947
-86.770270 34.728953
-86.767913 34.728938
-86.767781 34.728937
-86.767509 34.728935
-86.765600 34.728919
-86.765293 34.728918
-86.764507 34.728917
-86.764390 34.728915
-86.763572 34.728901
-86.763376 34.728891
-86.763314 34.728888
-86.762656 34.728892
-86.762236 34.728894
-86.761702 34.728893
-86.760208 34.728890
-86.759491 34.728874
-86.759046 34.728859
-86.758447 34.728859
-86.758014 34.728859
-86.757509 34.728860
-86.756249 34.728848
-86.755792 34.728843
-86.755232 34.728839
-86.755041 34.728837
-86.754965 34.728836
-86.754941 34.728835
-86.754626 34.728828
-86.754598 34.728827
-86.754395 34.728823
-86.753873 34.728810
-86.752465 34.728796
-86.752210 34.728794
-86.752075 34.728792
-86.751503 34.728786
-86.750394 34.728765
-86.750150 34.728755
-86.749786 34.728762
-86.749724 34.728764
-86.748705 34.728747
-86.748267 34.728741
-86.747319 34.728735
-86.745816 34.728717
-86.744998 34.728746
-86.744781 34.728753
-86.744740 34.728753
-86.744399 34.728753
-86.743518 34.728752
-86.742995 34.728751
-86.742793 34.728751
-86.742767 34.728751
-86.742064 34.728751
-86.741394 34.728751
