-3.821002 43.402183
-3.821022 43.402211
-3.821057 43.402279
-3.820843 43.402864
-3.820811 43.402959
-3.820690 43.403312
-3.820670 43.403376
-3.820870 43.403399
-3.821213 43.403403
-3.821971 43.403397
-3.822542 43.403393
-3.823147 43.403381
-3.823295 43.403428
-3.823410 43.403466
-3.823516 43.403545
-3.823657 43.403688
-3.823969 43.404393
-3.823986 43.404493
-3.823996 43.404568
-3.823996 43.404688
-3.823969 43.404784
-3.823931 43.404886
-3.823883 43.404989
-3.823794 43.405116
-3.823633 43.405215
-3.823558 43.405236
-3.823482 43.405238
-3.822586 43.404859
-3.821737 43.404506
-3.820972 43.404206
-3.820474 43.403955
-3.819787 43.403565
-3.819026 43.402985
-3.818454 43.402536
-3.817205 43.401518
-3.816840 43.401204
-3.816675 43.401061
-3.816551 43.400951
-3.816433 43.400836
-3.816294 43.400690
-3.816192 43.400569
-3.816155 43.400522
-3.816117 43.400470
-3.816065 43.400399
-3.816019 43.400332
-3.815951 43.400225
-3.815897 43.400141
-3.815839 43.400043
-3.815809 43.399988
-3.815781 43.399933
-3.815744 43.399858
-3.815678 43.399714
-3.815618 43.399574
-3.815538 43.399389
-3.815035 43.398179
-3.814252 43.396293
-3.814150 43.396074
-3.814059 43.395904
-3.813986 43.395793
-3.813879 43.395639
-3.813780 43.395515
-3.813653 43.395371
-3.813573 43.395292
-3.813497 43.395218
-3.813419 43.395148
-3.813289 43.395039
-3.813172 43.394952
-3.813019 43.394850
-3.812881 43.394764
-3.812754 43.394691
-3.812635 43.394628
-3.812498 43.394562
-3.812332 43.394486
-3.812120 43.394401
-3.811935 43.394336
-3.811775 43.394288
-3.811629 43.394248
-3.811434 43.394200
-3.811249 43.394162
-3.811076 43.394132
-3.810836 43.394095
-3.810644 43.394070
-3.810255 43.394019
-3.809918 43.393975
-3.809491 43.393918
-3.808885 43.393839
-3.808021 43.393729
-3.807808 43.393701
-3.807581 43.393675
-3.807324 43.393652
-3.807064 43.393632
-3.806804 43.393618
-3.806581 43.393611
-3.806321 43.393611
-3.806144 43.393617
-3.805921 43.393629
-3.805680 43.393647
-3.805457 43.393674
-3.805269 43.393696
-3.804918 43.393753
-3.804499 43.393830
-3.803947 43.393934
-3.803313 43.394053
-3.802398 43.394228
-3.801823 43.394338
-3.801486 43.394399
-3.801197 43.394450
-3.800879 43.394504
-3.800208 43.394621
-3.799463 43.394754
-3.798451 43.394942
-3.797560 43.395113
-3.795412 43.395521
-3.794621 43.395671
-3.791087 43.396349
-3.790584 43.396447
-3.790128 43.396545
-3.789748 43.396636
-3.789330 43.396742
-3.788052 43.397112
-3.786243 43.397674
-3.782829 43.398735
-3.780166 43.399574
-3.779321 43.399834
-3.778444 43.400063
-3.777754 43.400206
-3.777078 43.400328
-3.776243 43.400447
-3.775365 43.400516
-3.774892 43.400549
-3.774429 43.400565
-3.773761 43.400569
-3.772782 43.400535
-3.772349 43.400505
-3.771909 43.400466
-3.771146 43.400376
-3.770592 43.400289
-3.770066 43.400189
-3.768652 43.399923
-3.767974 43.399827
-3.767301 43.399783
-3.766729 43.399796
-3.766540 43.399808
-3.766011 43.399853
-3.765283 43.399919
-3.764662 43.399984
-3.763844 43.400012
-3.763257 43.399985
-3.762813 43.399933
-3.762401 43.399862
-3.761904 43.399744
-3.761386 43.399579
-3.760772 43.399343
-3.760340 43.399127
-3.759792 43.398807
-3.759316 43.398412
-3.758966 43.398066
-3.758445 43.397441
-3.758017 43.396878
-3.757750 43.396564
-3.757494 43.396301
-3.757115 43.395974
-3.756721 43.395703
-3.756364 43.395492
-3.755982 43.395295
-3.755670 43.395164
-3.755330 43.395029
-3.754588 43.394800
-3.753380 43.394456
-3.752492 43.394203
-3.751804 43.393964
-3.751566 43.393877
-3.751354 43.393793
-3.750909 43.393596
-3.750631 43.393470
-3.750145 43.393227
-3.749478 43.392837
-3.749097 43.392597
-3.748962 43.392517
-3.748716 43.392308
-3.748355 43.392008
-3.747979 43.391699
-3.747715 43.391494
-3.747645 43.391425
-3.747592 43.391369
-3.747466 43.391234
-3.747370 43.391112
-3.747303 43.391018
-3.747260 43.390946
-3.747219 43.390866
-3.747179 43.390765
-3.747152 43.390681
-3.747128 43.390608
-3.747108 43.390535
-3.747089 43.390454
-3.747074 43.390369
-3.747067 43.390279
-3.747067 43.390199
-3.747073 43.390105
-3.747081 43.390018
-3.747094 43.389928
-3.747109 43.389843
-3.747126 43.389768
-3.747145 43.389702
-3.747167 43.389633
-3.747197 43.389560
-3.747244 43.389507
-3.747466 43.389270
-3.747540 43.389178
-3.747642 43.389079
-3.747722 43.389017
-3.747795 43.388978
-3.747838 43.388976
-3.747896 43.388965
-3.747947 43.388947
-3.747982 43.388928
-3.748022 43.388896
-3.748053 43.388857
-3.748068 43.388819
-3.748074 43.388802
-3.748070 43.388753
-3.748066 43.388720
-3.748039 43.388683
-3.748020 43.388662
-3.748004 43.388645
-3.747986 43.388626
-3.747940 43.388601
-3.747898 43.388587
-3.747878 43.388540
-3.747851 43.388486
-3.747825 43.388429
-3.747790 43.388338
-3.747756 43.388264
-3.747704 43.388182
-3.747644 43.388103
-3.747589 43.388041
-3.747511 43.387962
-3.747416 43.387896
-3.747329 43.387838
-3.747236 43.387780
-3.747136 43.387722
-3.747000 43.387652
-3.746840 43.387580
-3.746645 43.387495
-3.746084 43.387236
-3.745657 43.387045
-3.745283 43.386914
-3.745182 43.386874
-3.744925 43.386767
-3.744364 43.386521
-3.743940 43.386323
-3.743394 43.386075
-3.743324 43.386027
-3.743288 43.385989
-3.743266 43.385950
-3.743246 43.385917
-3.743255 43.385875
-3.743245 43.385825
-3.743201 43.385757
-3.743151 43.385727
-3.743089 43.385690
-3.743043 43.385682
-3.742966 43.385670
-3.742868 43.385682
-3.742798 43.385716
-3.742765 43.385718
-3.742709 43.385712
-3.742637 43.385699
-3.742532 43.385672
-3.741681 43.385281
-3.741063 43.384998
-3.739634 43.384379
-3.739519 43.384325
-3.739394 43.384273
-3.738988 43.384091
-3.738538 43.383893
-3.738371 43.383819
-3.738211 43.383734
-3.738120 43.383675
-3.738064 43.383634
-3.738061 43.383602
-3.738039 43.383570
-3.738007 43.383548
-3.737954 43.383534
-3.737910 43.383536
-3.737870 43.383548
-3.737852 43.383559
-3.737712 43.383632
-3.737588 43.383690
-3.737488 43.383745
-3.737379 43.383815
-3.737288 43.383879
-3.737251 43.383911
-3.737201 43.383954
-3.737117 43.384050
-3.737055 43.384088
-3.736839 43.384196
-3.736662 43.384275
-3.736561 43.384316
-3.736250 43.384408
-3.735895 43.384512
-3.735334 43.384667
-3.735026 43.384770
-3.734511 43.384927
-3.734229 43.385016
-3.734018 43.385087
-3.733514 43.385250
-3.733362 43.385312
-3.733264 43.385351
-3.733043 43.385450
-3.732915 43.385498
-3.732842 43.385527
-3.732620 43.385603
-3.732516 43.385631
-3.732328 43.385654
-3.732221 43.385658
-3.731896 43.385651
-3.731419 43.385625
-3.731333 43.385619
-3.731344 43.385780
-3.731324 43.385896
-3.731255 43.386057
-3.731247 43.386146
-3.731252 43.386228
-3.731286 43.386359
-3.731360 43.386559
-3.731387 43.386659
-3.731387 43.386724
-3.731364 43.386799
-3.731322 43.386936
-3.731264 43.387069
-3.731223 43.387120
-3.731178 43.387185
-3.731112 43.387272
-3.731160 43.387424
-3.731146 43.387628
-3.731118 43.387804
-3.731145 43.388088
