12.437522 51.896133
12.438855 51.894349
12.439176 51.893886
12.439703 51.893164
12.440644 51.891858
12.441081 51.891403
12.441506 51.890942
12.442181 51.890300
12.442726 51.889923
12.443404 51.889490
12.443483 51.889414
12.443516 51.889354
12.443529 51.889301
12.443553 51.889052
12.443582 51.888924
12.443599 51.888861
12.443615 51.888802
12.443700 51.888467
12.443777 51.888208
12.443836 51.888026
12.443830 51.887958
12.443758 51.887873
12.443163 51.887276
12.442362 51.886474
12.442252 51.886362
12.442146 51.886256
12.441957 51.886070
12.441856 51.885970
12.441834 51.885948
12.441748 51.885863
12.441656 51.885772
12.441533 51.885650
12.441515 51.885633
12.441426 51.885547
12.441345 51.885469
12.441336 51.885461
12.441126 51.885295
12.441073 51.885256
12.440378 51.884768
12.440125 51.884576
12.439755 51.884321
12.439714 51.884279
12.439696 51.884241
12.439696 51.884154
12.439682 51.883902
12.439676 51.883795
12.439659 51.883475
12.438661 51.883456
12.437851 51.883461
12.437281 51.883477
12.436892 51.883543
12.436581 51.883587
12.436439 51.883615
12.435504 51.883784
12.435356 51.883818
12.433259 51.884288
12.432586 51.884430
12.432295 51.884499
12.430473 51.884907
12.429481 51.885100
12.429004 51.885166
12.428402 51.885231
12.427377 51.885336
12.427019 51.885373
12.426092 51.885466
12.425133 51.885572
12.422529 51.885867
12.421291 51.886000
12.420962 51.886032
12.420384 51.886054
12.419915 51.886071
12.419506 51.886074
12.418902 51.886074
12.418320 51.886051
12.417446 51.886029
12.416773 51.886030
12.415897 51.886073
12.415208 51.886131
12.413108 51.886352
12.410826 51.886608
12.410131 51.886716
12.409626 51.886839
12.408848 51.887042
12.408720 51.887076
12.408164 51.887223
12.407958 51.887292
12.407130 51.887519
12.405018 51.888099
12.404604 51.888210
12.404156 51.888317
12.403823 51.888409
12.403606 51.888461
12.402022 51.888770
12.401851 51.888803
12.401490 51.888871
12.401215 51.888915
12.400816 51.888976
12.400044 51.889132
12.399802 51.889204
12.399687 51.889230
12.399544 51.889261
12.398380 51.889515
12.398289 51.889469
12.398360 51.889452
12.398609 51.889398
12.398993 51.889309
12.399459 51.889211
12.399680 51.889176
12.400044 51.889132
12.400816 51.888976
12.401103 51.888903
12.401272 51.888863
12.401414 51.888830
12.401571 51.888796
12.401787 51.888750
12.401940 51.888720
12.401870 51.888672
12.401792 51.888574
12.401638 51.888376
12.401521 51.888218
12.401434 51.888107
12.401328 51.887974
12.401226 51.887885
12.401151 51.887831
12.401057 51.887777
12.400928 51.887726
12.400808 51.887706
12.400692 51.887693
12.400574 51.887692
12.400447 51.887706
12.400294 51.887747
12.400165 51.887804
12.400056 51.887882
12.399995 51.887963
12.399961 51.888063
12.399965 51.888173
12.400045 51.888500
12.401390 51.890065
12.402592 51.891409
12.407842 51.897441
12.408871 51.898698
12.409394 51.899291
12.410223 51.900242
12.410778 51.900823
12.411223 51.901247
12.411703 51.901692
12.412208 51.902119
12.413063 51.902793
12.413678 51.903244
12.414091 51.903524
12.414670 51.903903
12.415125 51.904178
12.415786 51.904578
12.416234 51.904825
12.417202 51.905338
12.417956 51.905710
12.428589 51.910923
12.433260 51.913254
12.434046 51.913663
12.434722 51.914038
12.435564 51.914535
12.436262 51.914983
12.437013 51.915497
12.437662 51.915979
12.438230 51.916430
12.438770 51.916890
12.439330 51.917400
12.439872 51.917928
12.440559 51.918667
12.441245 51.919498
12.441573 51.919929
12.441878 51.920373
12.442471 51.921326
12.442747 51.921838
12.442967 51.922282
12.443627 51.923807
12.444166 51.925084
12.444665 51.926255
12.445656 51.928571
12.446611 51.930755
12.448777 51.935157
12.450303 51.938697
12.451308 51.941140
12.452835 51.944843
12.453645 51.946913
12.454538 51.949025
12.455933 51.952342
12.456564 51.953610
12.457191 51.954726
12.457995 51.955829
12.458761 51.956738
12.459657 51.957668
12.460587 51.958528
12.461496 51.959244
12.462150 51.959719
12.462910 51.960242
12.463662 51.960725
12.464452 51.961190
12.465108 51.961554
12.465746 51.961886
12.466403 51.962204
12.467411 51.962664
12.469259 51.963507
12.474046 51.965699
12.480760 51.968738
12.482345 51.969404
12.483279 51.969751
12.483825 51.969963
12.484847 51.970298
12.486001 51.970642
12.488112 51.971209
12.490412 51.971813
12.492518 51.972367
12.496613 51.973436
12.502803 51.975032
12.506448 51.976111
12.510021 51.977247
12.513956 51.978645
12.517883 51.980027
12.518380 51.980209
12.524419 51.982378
12.530459 51.984508
12.533472 51.985685
12.536611 51.987254
12.538889 51.988583
12.544799 51.992521
12.549156 51.995489
12.554402 51.999038
12.558063 52.001661
12.560723 52.003795
12.563037 52.005815
12.567042 52.009339
12.568395 52.010442
12.569785 52.011435
12.571456 52.012428
12.573137 52.013308
12.574118 52.013762
12.576986 52.014951
12.579204 52.015858
12.579607 52.016027
12.579836 52.016123
12.580741 52.016492
12.582013 52.017022
12.587369 52.019227
12.591641 52.020975
12.592248 52.021230
12.592336 52.021266
12.594478 52.022143
12.595600 52.022667
12.596596 52.023187
12.597280 52.023581
12.597876 52.023958
12.598445 52.024332
12.598944 52.024716
12.599432 52.025109
12.599905 52.025508
12.602402 52.027889
12.602947 52.028378
12.603407 52.028760
12.604071 52.029237
12.604504 52.029514
12.605019 52.029821
12.605619 52.030160
12.606064 52.030384
12.606667 52.030671
12.607152 52.030877
12.608125 52.031252
12.608561 52.031392
12.609446 52.031641
12.610110 52.031805
12.612455 52.032330
12.613732 52.032620
12.614959 52.032964
12.616082 52.033331
12.617123 52.033768
12.617707 52.034049
12.618584 52.034519
12.619038 52.034795
12.619432 52.035062
12.619785 52.035315
12.620113 52.035572
12.620437 52.035830
12.620738 52.036110
12.621203 52.036567
12.621635 52.037037
12.622056 52.037503
12.622477 52.037984
12.623530 52.039144
12.623942 52.039600
12.624115 52.039781
12.625027 52.040591
12.626191 52.041456
12.626746 52.041796
12.628215 52.042543
12.634011 52.045063
12.637524 52.046594
12.637856 52.046746
12.639761 52.047594
12.640634 52.048027
12.641673 52.048606
12.642799 52.049280
12.643743 52.049915
12.644577 52.050529
12.645532 52.051299
12.646320 52.052030
12.647187 52.052880
12.648335 52.054269
12.650208 52.056969
12.651872 52.059630
12.653550 52.062219
12.654209 52.063236
12.654770 52.064090
12.656422 52.066672
12.656751 52.067171
12.657274 52.067963
12.658359 52.069616
12.659473 52.071218
12.660680 52.072777
12.661517 52.073775
12.661703 52.073992
12.662239 52.074594
12.662805 52.075234
12.664451 52.076955
12.665728 52.078247
12.667101 52.079546
12.668566 52.080845
12.670299 52.082269
12.671768 52.083397
12.673480 52.084629
12.676861 52.087028
12.681406 52.090303
12.682031 52.090748
12.684549 52.092465
12.685515 52.093060
12.686452 52.093568
12.687952 52.094339
12.689893 52.095315
12.690399 52.095572
12.692348 52.096558
12.695441 52.098134
12.696712 52.098852
12.699536 52.100694
12.703234 52.103267
12.708153 52.106759
12.711755 52.109324
12.714308 52.110981
12.717567 52.112690
12.722162 52.114681
12.726397 52.116398
12.732223 52.118922
12.736719 52.120874
12.739207 52.122023
12.741574 52.123407
12.741692 52.123495
12.741946 52.123687
12.743962 52.125207
12.746968 52.127854
12.748952 52.129555
12.749602 52.129947
12.749968 52.130224
12.750227 52.130407
12.752126 52.132053
12.752731 52.132571
12.753222 52.132667
12.753312 52.132669
12.753500 52.132675
12.753691 52.132660
12.753881 52.132821
12.754067 52.132972
12.754776 52.133560
12.754727 52.133737
12.754645 52.134027
12.754643 52.134073
12.754628 52.134163
12.754671 52.134304
12.755375 52.135143
12.757333 52.136852
12.766083 52.144611
12.770430 52.148352
12.774666 52.152061
12.777402 52.154421
12.778746 52.155581
12.779456 52.156208
12.780316 52.156951
12.781092 52.157626
12.781585 52.158037
12.781956 52.158360
12.783059 52.159338
12.783707 52.159912
12.785469 52.161358
12.786791 52.162259
12.787464 52.162681
12.788107 52.163066
12.788794 52.163442
12.789610 52.163867
12.790544 52.164318
12.791374 52.164676
12.792173 52.165005
12.793401 52.165453
12.794179 52.165713
12.794897 52.165941
12.796123 52.166302
12.797500 52.166669
12.804357 52.168273
12.807629 52.169040
12.810929 52.169816
12.815747 52.170964
12.821133 52.172226
12.827946 52.173772
12.832005 52.175097
12.834883 52.176401
12.836699 52.177376
12.838623 52.178651
12.841831 52.181165
12.849765 52.187396
12.850328 52.187793
12.850934 52.188179
12.852916 52.189353
12.855652 52.190600
12.859917 52.192093
12.862468 52.192674
12.866409 52.193583
12.866869 52.193689
12.871161 52.194658
12.873713 52.195375
12.876461 52.196373
12.878989 52.197612
12.879339 52.197794
12.880326 52.198333
12.881561 52.199114
12.882676 52.199890
12.883707 52.200688
12.886133 52.202931
12.887368 52.204074
12.893769 52.210001
12.894994 52.211169
12.895522 52.211656
12.896260 52.212345
12.899616 52.215463
12.900035 52.215851
12.901163 52.216901
12.903108 52.218687
12.904719 52.220194
12.908204 52.223403
12.911468 52.226444
12.911618 52.226584
12.912062 52.226977
12.912594 52.227494
12.913177 52.228045
12.913809 52.228692
12.914303 52.229240
12.914782 52.229832
12.915218 52.230418
12.915611 52.231014
12.916004 52.231642
12.916301 52.232221
12.916566 52.232805
12.916835 52.233429
12.917059 52.234071
12.917248 52.234743
12.917389 52.235371
12.917506 52.236011
12.917564 52.236660
12.917594 52.237340
12.917584 52.237992
12.917566 52.238604
12.917539 52.239201
12.917474 52.239805
12.917346 52.240443
12.917153 52.241093
12.916927 52.241783
12.916680 52.242367
12.916380 52.242985
12.916037 52.243642
12.914406 52.246388
12.912772 52.249098
12.911038 52.252108
12.909787 52.254226
12.909536 52.254644
12.909237 52.255183
12.908902 52.255780
12.908580 52.256391
12.908312 52.257008
12.908054 52.257652
12.907838 52.258225
12.907649 52.258856
12.907529 52.259486
12.907426 52.260127
12.907366 52.260742
12.907340 52.261367
12.907340 52.261840
12.907366 52.262318
12.907409 52.262785
12.907469 52.263263
12.907555 52.263731
12.907667 52.264198
12.907765 52.264711
12.908790 52.267702
12.909535 52.269902
12.909915 52.271006
12.910380 52.272346
12.910931 52.274029
12.911547 52.275835
12.912085 52.277227
12.913206 52.280562
12.915046 52.286205
12.915289 52.286848
12.915430 52.287257
12.915521 52.287498
12.915638 52.287755
12.915733 52.287940
12.915847 52.288138
12.915982 52.288334
12.916099 52.288497
12.916254 52.288676
12.916453 52.288886
12.916629 52.289052
12.916848 52.289247
12.917024 52.289388
12.917281 52.289576
12.917545 52.289746
12.917830 52.289919
12.918109 52.290070
12.918471 52.290249
12.918840 52.290412
12.919236 52.290556
12.919654 52.290696
12.920061 52.290813
12.920466 52.290916
12.920958 52.291032
12.921974 52.291262
12.924574 52.291859
12.926836 52.292366
12.927637 52.292550
12.929494 52.292957
12.933562 52.293893
12.938807 52.295100
12.939934 52.295360
12.953445 52.298470
12.956291 52.299123
12.968356 52.301851
12.971159 52.302487
12.972774 52.302853
12.973459 52.302998
12.973916 52.303095
12.975037 52.303319
12.975981 52.303454
12.977328 52.303586
12.977622 52.303605
12.978105 52.303624
12.978636 52.303631
12.979493 52.303629
12.980640 52.303623
12.983342 52.303598
12.985214 52.303575
12.988243 52.303548
13.007319 52.303359
13.008328 52.303349
13.010442 52.303318
13.011624 52.303290
13.012286 52.303251
13.013126 52.303170
13.013916 52.303071
13.014433 52.302981
13.015071 52.302861
13.015925 52.302674
13.018635 52.301922
13.021049 52.301226
13.021478 52.301102
13.024861 52.300133
13.025317 52.300005
13.025892 52.299842
13.026598 52.299640
13.027300 52.299445
13.028277 52.299183
13.028995 52.298977
13.029461 52.298838
13.029744 52.298764
13.030507 52.298586
13.031003 52.298488
13.031496 52.298408
13.031909 52.298350
13.032346 52.298298
13.032749 52.298261
13.033160 52.298233
13.033569 52.298218
13.034020 52.298210
13.034477 52.298209
13.034766 52.298205
13.035348 52.298225
13.035790 52.298253
13.036389 52.298313
13.036888 52.298372
13.037500 52.298471
13.038046 52.298577
13.038362 52.298644
13.038597 52.298694
13.039301 52.298886
13.039767 52.299020
13.040376 52.299241
13.042635 52.300058
13.043378 52.300332
13.043858 52.300478
13.044407 52.300624
13.044914 52.300735
13.045353 52.300821
13.045856 52.300912
13.046338 52.300982
13.046860 52.301044
13.047347 52.301089
13.047839 52.301116
13.048343 52.301135
13.048964 52.301139
13.053115 52.300999
13.058576 52.300799
13.061662 52.300679
13.062206 52.300662
13.068520 52.300437
13.069542 52.300430
13.073115 52.300325
13.077722 52.300159
13.079519 52.300111
13.081235 52.300050
13.082189 52.300035
13.082930 52.300055
13.083619 52.300088
13.084299 52.300137
13.085202 52.300229
13.085823 52.300329
13.086959 52.300544
13.094575 52.302011
13.095312 52.302155
13.095854 52.302261
13.096161 52.302322
13.097340 52.302559
13.097986 52.302666
13.098569 52.302746
13.099326 52.302825
13.099789 52.302862
13.100393 52.302902
13.100908 52.302923
13.101394 52.302932
13.101963 52.302923
13.103990 52.302875
13.112848 52.302629
13.116592 52.302561
13.116995 52.302547
13.123868 52.302387
13.125533 52.302314
13.141985 52.301016
13.142386 52.300985
13.143978 52.300855
13.144468 52.300829
13.144880 52.300813
13.145395 52.300808
13.145918 52.300802
13.153463 52.300844
13.155583 52.300823
13.156123 52.300797
13.156621 52.300776
13.157136 52.300745
13.164183 52.300204
13.175238 52.299348
13.176454 52.299268
13.178893 52.299080
13.180114 52.298988
13.180900 52.298936
13.181557 52.298921
13.182109 52.298924
13.182630 52.298928
13.183273 52.298958
13.183712 52.298986
13.184158 52.299028
13.184671 52.299083
13.185341 52.299174
13.185720 52.299229
13.186253 52.299325
13.186779 52.299433
13.187301 52.299554
13.188197 52.299773
13.190307 52.300288
13.192130 52.300733
13.195297 52.301506
13.195657 52.301579
13.196121 52.301668
13.196524 52.301737
13.196927 52.301800
13.197305 52.301847
13.197726 52.301894
13.198060 52.301926
13.198412 52.301957
13.198867 52.301983
13.199269 52.302023
13.199792 52.302036
13.200324 52.302043
13.200902 52.302031
13.201555 52.302016
13.204417 52.301902
13.208096 52.301743
13.210883 52.301647
13.212506 52.301584
13.214134 52.301546
13.216900 52.301428
13.217613 52.301395
13.228135 52.301012
13.238761 52.300634
13.245768 52.300391
13.246189 52.300377
13.246737 52.300359
13.247378 52.300347
13.247820 52.300347
13.248189 52.300349
13.248560 52.300355
13.248958 52.300351
13.249439 52.300372
13.249962 52.300419
13.250477 52.300461
13.251018 52.300529
13.251541 52.300603
13.251871 52.300661
13.252074 52.300697
13.252589 52.300808
13.253121 52.300918
13.253601 52.301038
13.254091 52.301170
13.254674 52.301327
13.256820 52.302046
13.261489 52.303626
13.265212 52.304869
13.265887 52.305095
13.269094 52.306166
13.270184 52.306544
13.271918 52.307132
13.272381 52.307289
13.272853 52.307426
13.273351 52.307573
13.273832 52.307699
13.274304 52.307825
13.274810 52.307940
13.275317 52.308050
13.275809 52.308162
13.276309 52.308243
13.276801 52.308323
13.277494 52.308411
13.277840 52.308454
13.278355 52.308512
13.278887 52.308559
13.279415 52.308594
13.279926 52.308614
13.280373 52.308625
13.280857 52.308630
13.281331 52.308626
13.281694 52.308618
13.282044 52.308605
13.282556 52.308572
13.283071 52.308533
13.287642 52.308008
13.290702 52.307643
13.291667 52.307537
13.292302 52.307468
13.292826 52.307426
13.293324 52.307389
13.293847 52.307368
13.294910 52.307351
13.297409 52.307324
13.299881 52.307264
13.301667 52.307216
13.302439 52.307179
13.307495 52.306809
13.309844 52.306622
13.310562 52.306483
13.310755 52.306447
13.310902 52.306402
13.311048 52.306350
13.311185 52.306292
13.311322 52.306213
13.311423 52.306129
13.311581 52.306004
13.311662 52.305948
13.311780 52.305893
13.311970 52.305862
13.312802 52.305781
13.314514 52.305633
13.314607 52.306009
13.314752 52.306618
13.314787 52.306778
13.314815 52.306905
13.314845 52.307043
13.315031 52.307888
13.315088 52.308139
13.315199 52.308627
13.315221 52.308724
13.314438 52.308779
13.314275 52.308797
13.313993 52.308813
13.313776 52.308812
13.313641 52.308811
13.313317 52.308788
13.313256 52.308805
13.313205 52.308811
13.313134 52.308807
13.313026 52.308769
13.312968 52.308712
13.312959 52.308653
13.312984 52.308602
13.313016 52.308574
13.313061 52.308550
13.313134 52.308530
13.313196 52.308526
13.313144 52.308412
13.313125 52.308372
13.313048 52.308216
13.313054 52.308043
13.313085 52.307941
13.313274 52.307942
13.313926 52.307945
13.314350 52.307955
13.314361 52.308114
13.314305 52.308113
13.313526 52.308111
