37.367132 55.817968
37.365663 55.818078
37.364658 55.818166
37.364571 55.818160
37.364528 55.818155
37.364484 55.818140
37.364402 55.818106
37.362713 55.817399
37.362495 55.817317
37.361325 55.818230
37.361168 55.818352
37.360959 55.818524
37.360418 55.818914
37.360079 55.819062
37.360469 55.819407
37.360747 55.819663
37.361043 55.820031
37.361451 55.820604
37.361627 55.821016
37.361871 55.821587
37.362200 55.822382
37.362541 55.823112
37.362804 55.823490
37.362936 55.823650
37.363066 55.823843
37.363581 55.824348
37.364356 55.825043
37.365485 55.826080
37.366366 55.826786
37.366581 55.826983
37.366826 55.827159
37.367272 55.827434
37.367641 55.827612
37.368103 55.827784
37.368563 55.827955
37.369100 55.828114
37.369784 55.828291
37.371093 55.828658
37.371272 55.828722
37.371642 55.828856
37.371717 55.828875
37.374274 55.829497
37.377656 55.830341
37.378001 55.830416
37.381100 55.831243
37.381460 55.831333
37.382632 55.831582
37.382984 55.831648
37.383513 55.831716
37.385326 55.831855
37.385968 55.831915
37.386316 55.831956
37.386656 55.832001
37.386997 55.832063
37.387449 55.832168
37.387656 55.832223
37.387960 55.832302
37.388216 55.832350
37.388440 55.832419
37.388644 55.832483
37.389444 55.832655
37.389770 55.832680
37.390029 55.832671
37.390205 55.832656
37.390366 55.832631
37.390606 55.832593
37.391018 55.832527
37.391398 55.832479
37.392097 55.832421
37.392251 55.832400
37.392426 55.832365
37.392593 55.832322
37.392761 55.832268
37.392897 55.832215
37.393024 55.832163
37.393213 55.832061
37.394004 55.831632
37.394572 55.831266
37.394643 55.831175
37.394678 55.831053
37.394668 55.830872
37.394593 55.830510
37.394558 55.830401
37.394537 55.830334
37.393871 55.828176
37.393755 55.827817
37.393642 55.827426
37.393555 55.827020
37.393474 55.826576
37.393251 55.825141
37.393172 55.824784
37.393049 55.824301
37.392865 55.823687
37.392204 55.821593
37.392042 55.821343
37.391935 55.821240
37.391785 55.821173
37.391244 55.821069
37.390481 55.821261
37.386669 55.821688
37.386243 55.821730
37.385617 55.821804
37.385501 55.821868
37.385630 55.822278
37.385459 55.822298
37.385406 55.822305
37.385316 55.822422
37.385179 55.822703
37.385316 55.822422
37.385406 55.822305
37.385459 55.822298
37.385630 55.822278
37.385501 55.821868
37.385617 55.821804
37.386243 55.821730
37.386669 55.821688
37.390481 55.821261
37.391244 55.821069
37.391526 55.821023
37.391680 55.820979
37.391798 55.820915
37.391840 55.820823
37.391860 55.820503
37.391478 55.819294
37.390482 55.816162
37.390064 55.814813
37.389885 55.814251
37.389777 55.813910
37.389752 55.813830
37.389221 55.812160
37.388948 55.811303
37.388692 55.810496
37.388372 55.809489
37.388199 55.808930
37.388010 55.808376
37.387909 55.808080
37.387827 55.807869
37.387717 55.807590
37.387627 55.807372
37.387498 55.807061
37.387276 55.806577
37.387158 55.806341
37.387011 55.806055
37.386676 55.805449
37.386582 55.805279
37.386492 55.805133
37.385789 55.803998
37.384829 55.802660
37.384259 55.801969
37.383810 55.801494
37.383180 55.800806
37.378742 55.796124
37.378309 55.795665
37.377370 55.794679
37.376965 55.794283
37.376480 55.793926
37.375875 55.793376
37.374726 55.792341
37.374574 55.792208
37.374150 55.791820
37.373645 55.791413
37.373408 55.791190
37.373041 55.790827
37.372658 55.790403
37.372390 55.790058
37.372165 55.789703
37.371978 55.789357
37.371870 55.789159
37.371798 55.789054
37.371698 55.788958
37.371575 55.788894
37.371413 55.788837
37.371250 55.788805
37.371050 55.788791
37.370867 55.788806
37.370675 55.788843
37.370537 55.788897
37.370399 55.788971
37.370305 55.789052
37.370236 55.789140
37.370204 55.789231
37.370209 55.789329
37.370247 55.789432
37.370322 55.789546
37.370391 55.789628
37.370491 55.789698
37.370630 55.789760
37.370779 55.789792
37.370965 55.789817
37.371187 55.789817
37.371629 55.789773
37.372187 55.789713
37.373299 55.789488
37.376967 55.788807
37.378987 55.788441
37.381365 55.788013
37.383497 55.787656
37.384274 55.787518
37.386501 55.787103
37.387949 55.786668
37.388298 55.786543
37.389171 55.786197
37.389875 55.785800
37.390507 55.785365
37.390958 55.785001
