106.728830 15.346698
106.725837 15.345122
106.725267 15.346105
106.724210 15.347847
106.727803 15.349825
106.728236 15.350088
106.728577 15.350368
106.728868 15.350649
106.729135 15.350966
106.729965 15.352049
106.731875 15.354612
106.732606 15.355512
106.732865 15.356011
106.733022 15.356623
106.733047 15.356852
106.732972 15.359066
106.732941 15.360567
106.732773 15.361881
106.732532 15.362761
106.732039 15.364564
106.731383 15.366884
106.731102 15.367707
106.730763 15.368254
106.729792 15.369250
106.724655 15.372153
106.720470 15.374416
106.718096 15.375366
106.717080 15.375722
106.716618 15.375958
106.716206 15.376296
106.715837 15.376727
106.715385 15.377495
106.713687 15.379909
106.713166 15.380504
106.707240 15.384989
106.706736 15.385452
106.703679 15.390240
106.702700 15.393386
106.702633 15.393813
106.702643 15.394357
106.703118 15.395757
106.703147 15.396244
106.703056 15.396540
106.702786 15.396956
106.702362 15.397443
106.696983 15.403880
106.696545 15.404618
106.694910 15.409625
106.694566 15.410846
106.694225 15.411505
106.693928 15.411886
106.693521 15.412324
106.692984 15.412679
106.692382 15.412927
106.691672 15.413090
106.690898 15.413122
106.690145 15.413041
106.689464 15.412940
106.685652 15.412376
106.684797 15.412252
106.684183 15.412170
106.683843 15.412180
106.683500 15.412206
106.679543 15.413225
106.679131 15.413290
106.678750 15.413292
106.678404 15.413245
106.678096 15.413160
106.677604 15.412945
106.677113 15.412704
106.676586 15.412510
106.674911 15.412134
106.674589 15.412117
106.674265 15.412143
106.673962 15.412237
106.673586 15.412433
106.673137 15.412702
106.672823 15.412838
106.672518 15.412887
106.672169 15.412873
106.671795 15.412816
106.668923 15.412242
106.662568 15.410899
106.659937 15.410309
106.659294 15.410158
106.658711 15.410052
106.658234 15.410039
106.657875 15.410056
106.651286 15.410759
106.650658 15.410833
106.650149 15.411040
106.646013 15.413483
106.645210 15.413969
106.644245 15.414453
106.643325 15.414804
106.637410 15.416886
106.633678 15.418122
106.630442 15.418993
106.626273 15.419359
106.621900 15.420202
106.620938 15.420314
106.615790 15.419918
106.615156 15.419842
106.614691 15.419730
106.612925 15.418830
106.612309 15.418628
106.611668 15.418572
106.609103 15.418698
106.608549 15.418649
106.608064 15.418531
106.607635 15.418373
106.606904 15.417994
106.606396 15.417809
106.605721 15.417729
106.604321 15.417729
106.603301 15.417673
106.598899 15.416886
106.598150 15.416762
106.597433 15.416783
106.596829 15.416886
106.596142 15.417131
106.594577 15.417777
106.593663 15.418212
106.593010 15.418656
106.592615 15.418944
106.592289 15.419220
106.591988 15.419543
106.591757 15.419837
106.591455 15.420238
106.591208 15.420628
106.590894 15.421298
106.590555 15.421980
106.590227 15.422699
106.590097 15.423040
106.590041 15.423429
106.590103 15.423847
106.590207 15.424195
106.590435 15.424621
106.590766 15.424951
106.591359 15.425320
106.591677 15.425527
106.592004 15.425853
106.592169 15.426208
106.592281 15.426553
106.592332 15.426923
106.592298 15.427189
106.592177 15.427640
106.590853 15.431274
106.590503 15.431977
106.589745 15.432595
106.588754 15.433016
106.587500 15.433185
106.582982 15.433382
106.582107 15.433550
106.581291 15.433860
106.580445 15.433775
106.579483 15.433410
106.577443 15.432145
106.577210 15.431555
106.577472 15.430824
106.578288 15.430010
106.578405 15.429251
106.578113 15.428689
106.577443 15.428380
106.575490 15.428689
106.574411 15.428408
106.571233 15.427284
106.570417 15.427087
106.569542 15.427115
106.568668 15.427368
106.568056 15.427789
106.566656 15.429307
106.565753 15.429841
106.565111 15.430122
106.564499 15.430178
106.563479 15.430038
106.562546 15.429953
106.561963 15.430206
106.561701 15.430712
106.561205 15.432033
106.560826 15.432595
106.559951 15.433213
106.558173 15.433691
106.555899 15.434084
106.553975 15.434140
106.552080 15.434871
106.550214 15.435068
106.548261 15.435827
106.546629 15.436164
106.543422 15.436726
106.538291 15.437737
106.533627 15.438665
106.531263 15.439114
106.529787 15.439473
106.523566 15.441683
106.521922 15.442192
106.519896 15.442402
106.516835 15.442683
106.515931 15.442571
106.511575 15.441260
106.510477 15.441027
106.509442 15.440940
106.492639 15.441024
106.491821 15.440976
106.491339 15.440917
106.490755 15.440784
106.485244 15.439045
106.484709 15.439086
106.484196 15.439338
106.483879 15.439856
106.483602 15.440659
106.483193 15.441391
106.481327 15.442880
106.480219 15.443273
106.479199 15.443245
106.472900 15.442354
106.471371 15.442234
106.469316 15.442318
106.466780 15.442177
106.464776 15.442120
106.463836 15.442234
106.462559 15.442609
106.460046 15.444032
106.458297 15.445044
106.457930 15.445212
106.457179 15.445556
106.456284 15.445783
106.455381 15.445809
106.454669 15.445745
106.445003 15.443442
106.443487 15.443020
106.442758 15.442655
106.434252 15.438144
106.433374 15.437811
106.432468 15.437653
106.429902 15.437597
106.428707 15.437513
106.427628 15.437147
106.426637 15.436557
106.425996 15.435939
106.425325 15.435433
106.424217 15.435180
106.413781 15.433438
106.412644 15.433269
106.411828 15.433326
106.410836 15.433691
106.404656 15.436838
106.403986 15.437119
106.403053 15.437175
106.397805 15.436922
106.392656 15.436583
106.389386 15.436217
106.388480 15.436078
106.387893 15.435742
106.387449 15.435260
106.387201 15.434814
106.387079 15.434319
106.386918 15.431970
106.386838 15.431148
106.386596 15.430594
106.386183 15.430201
106.385301 15.429909
106.384979 15.429839
106.383362 15.429485
106.382495 15.429295
106.381641 15.429108
106.381259 15.429024
106.381025 15.428946
106.380356 15.428724
106.380302 15.428774
106.380212 15.428797
106.380134 15.428779
106.379688 15.429324
106.379326 15.429850
106.378211 15.431474
106.378118 15.431610
106.377843 15.432159
106.376548 15.431683
