-8.450359 40.583189
-8.449374 40.584723
-8.449190 40.585133
-8.449153 40.585279
-8.449093 40.585520
-8.449051 40.585893
-8.449042 40.586158
-8.449116 40.586700
-8.449341 40.587362
-8.449475 40.587595
-8.449647 40.587885
-8.449841 40.588189
-8.450131 40.588524
-8.450418 40.588793
-8.451469 40.589684
-8.453014 40.590963
-8.455462 40.592951
-8.456210 40.593806
-8.456668 40.594355
-8.456838 40.594596
-8.456821 40.594644
-8.456827 40.594693
-8.456854 40.594737
-8.456900 40.594772
-8.456970 40.594796
-8.457048 40.594796
-8.457119 40.594772
-8.457171 40.594729
-8.457196 40.594673
-8.457354 40.594595
-8.457793 40.594479
-8.458610 40.594304
-8.459074 40.594205
-8.459415 40.594176
-8.461104 40.594225
-8.461354 40.594232
-8.461722 40.594243
-8.461971 40.594213
-8.462231 40.594208
-8.462323 40.594208
-8.462600 40.594242
-8.463059 40.594293
-8.463332 40.594349
-8.463439 40.594371
-8.463718 40.594429
-8.464185 40.594569
-8.464545 40.594676
-8.465067 40.594841
-8.465474 40.594970
-8.465639 40.595113
-8.465656 40.595172
-8.465697 40.595223
-8.465759 40.595261
-8.465834 40.595280
-8.465929 40.595276
-8.466014 40.595244
-8.466272 40.595251
-8.466490 40.595293
-8.466904 40.595344
-8.467372 40.595358
-8.467849 40.595302
-8.468119 40.595289
-8.468420 40.595256
-8.469246 40.595159
-8.469425 40.595119
-8.470990 40.594935
-8.471346 40.594911
-8.471963 40.594839
-8.473159 40.594679
-8.474005 40.594580
-8.474146 40.594580
-8.474288 40.594590
-8.474339 40.594625
-8.474383 40.594654
-8.474569 40.594693
-8.474715 40.594687
-8.474817 40.594683
-8.474928 40.594658
-8.475001 40.594642
-8.475108 40.594571
-8.475195 40.594471
-8.475213 40.594411
-8.475184 40.594331
-8.475121 40.594252
-8.474963 40.594203
-8.474756 40.594194
-8.474654 40.594216
-8.474538 40.594240
-8.474379 40.594313
-8.474304 40.594361
-8.474260 40.594417
-8.474246 40.594488
-8.474256 40.594538
-8.474288 40.594590
-8.474339 40.594625
-8.474383 40.594654
-8.474569 40.594693
-8.474715 40.594687
-8.474817 40.594683
-8.474928 40.594658
-8.475001 40.594642
-8.475108 40.594571
-8.475195 40.594471
-8.475353 40.594386
-8.475618 40.594319
-8.475847 40.594274
-8.475972 40.594273
-8.476105 40.594278
-8.477632 40.594398
-8.481596 40.594707
-8.481717 40.594717
-8.482111 40.594747
-8.485830 40.595038
-8.486407 40.595083
-8.487463 40.595166
-8.488052 40.595212
-8.488409 40.595204
-8.489630 40.595065
-8.491083 40.594900
-8.491129 40.594894
-8.492905 40.593930
-8.493080 40.593808
-8.493175 40.593716
-8.493248 40.593635
-8.493314 40.593557
-8.493424 40.593453
-8.493509 40.593372
-8.493587 40.593304
-8.493651 40.593249
-8.493762 40.593167
-8.493949 40.593039
-8.494137 40.592937
-8.494541 40.592756
-8.494953 40.592591
-8.495387 40.592404
-8.495573 40.592323
-8.495703 40.592259
-8.495837 40.592183
-8.496016 40.592066
-8.496366 40.591839
-8.496686 40.591622
-8.496840 40.591512
-8.496977 40.591383
-8.497026 40.591282
-8.497053 40.591206
-8.497077 40.591119
-8.497137 40.590814
-8.497195 40.590521
-8.497277 40.590202
-8.497295 40.590084
-8.497331 40.590028
-8.497367 40.589989
-8.497957 40.589601
-8.497973 40.589571
-8.498129 40.589284
-8.498133 40.589035
-8.497682 40.588483
-8.497383 40.588085
-8.497227 40.587902
-8.497200 40.587848
-8.497195 40.587734
-8.497211 40.587649
-8.497254 40.587563
-8.497302 40.587523
-8.497358 40.587490
-8.497506 40.587404
-8.497716 40.587227
