-3.913420 43.433168
-3.913324 43.433020
-3.915521 43.431820
-3.915996 43.431533
-3.916212 43.431390
-3.916339 43.431320
-3.916471 43.431256
-3.916662 43.431174
-3.916801 43.431127
-3.916841 43.431129
-3.916880 43.431122
-3.917039 43.431164
-3.917243 43.431232
-3.917558 43.431382
-3.917718 43.431471
-3.917719 43.431485
-3.917698 43.431512
-3.917686 43.431548
-3.917696 43.431593
-3.917687 43.431774
-3.917657 43.431856
-3.917584 43.431953
-3.917410 43.432125
-3.916394 43.433142
-3.916249 43.433288
-3.916072 43.433436
-3.915657 43.433715
-3.915312 43.433906
-3.914862 43.434128
-3.913993 43.434553
-3.913416 43.434872
-3.913127 43.435043
-3.912167 43.435705
-3.911609 43.436021
-3.910859 43.436374
-3.910420 43.436539
-3.909977 43.436677
-3.909292 43.436847
-3.907755 43.437070
-3.906977 43.437213
-3.905871 43.437473
-3.904439 43.437880
-3.903756 43.438011
-3.903012 43.438132
-3.902126 43.438231
-3.901237 43.438299
-3.900344 43.438370
-3.899478 43.438468
-3.899088 43.438520
-3.897877 43.438759
-3.897144 43.438950
-3.896517 43.439127
-3.895142 43.439558
-3.894602 43.439755
-3.893984 43.439923
-3.893559 43.440017
-3.893142 43.440064
-3.892175 43.440104
-3.891619 43.440070
-3.891103 43.440001
-3.890409 43.439861
-3.889795 43.439685
-3.889363 43.439556
-3.888260 43.439213
-3.887113 43.438944
-3.886583 43.438809
-3.884513 43.438373
-3.883029 43.438085
-3.882334 43.437945
-3.880400 43.437529
-3.879175 43.437295
-3.878202 43.437085
-3.877190 43.436856
-3.876601 43.436727
-3.875968 43.436628
-3.875339 43.436498
-3.874612 43.436365
-3.874008 43.436255
-3.873244 43.436169
-3.872884 43.436130
-3.872506 43.436120
-3.872075 43.436120
-3.871769 43.436133
-3.870859 43.436233
-3.870163 43.436342
-3.869353 43.436495
-3.868405 43.436701
-3.867689 43.436844
-3.866560 43.437090
-3.865851 43.437222
-3.865127 43.437393
-3.864603 43.437503
-3.863772 43.437649
-3.863393 43.437704
-3.862889 43.437758
-3.862368 43.437781
-3.862062 43.437786
-3.861500 43.437775
-3.861006 43.437738
-3.860554 43.437680
-3.860183 43.437618
-3.859755 43.437547
-3.859347 43.437444
-3.858944 43.437358
-3.858325 43.437177
-3.857357 43.436883
-3.856788 43.436692
-3.856300 43.436472
-3.855922 43.436276
-3.855468 43.436022
-3.854935 43.435706
-3.854532 43.435490
-3.854080 43.435275
-3.853586 43.435065
-3.852832 43.434817
-3.852125 43.434647
-3.851555 43.434570
-3.850953 43.434511
-3.850249 43.434483
-3.849596 43.434532
-3.848917 43.434600
-3.848040 43.434794
-3.846900 43.435072
-3.846419 43.435164
-3.845932 43.435228
-3.845069 43.435264
-3.843114 43.435401
-3.842451 43.435451
-3.842151 43.435467
-3.841860 43.435474
-3.841684 43.435482
-3.841502 43.435482
-3.841347 43.435474
-3.841222 43.435457
-3.841057 43.435432
-3.840926 43.435406
-3.840792 43.435369
-3.840698 43.435339
-3.840579 43.435298
-3.840444 43.435245
-3.840365 43.435209
-3.840246 43.435146
-3.840124 43.435069
-3.840048 43.435008
-3.839959 43.434951
-3.839874 43.434881
-3.839788 43.434787
-3.839712 43.434704
-3.839623 43.434619
-3.839299 43.434193
-3.839176 43.434027
-3.838991 43.433821
-3.838836 43.433683
-3.838637 43.433512
-3.838501 43.433423
-3.838182 43.433236
-3.837822 43.433075
-3.837657 43.433015
-3.837604 43.432988
-3.837528 43.432949
-3.837426 43.432896
-3.837352 43.432836
-3.837315 43.432790
-3.837264 43.432726
-3.837221 43.432659
-3.837180 43.432591
-3.837022 43.432167
-3.836926 43.431713
-3.836840 43.431270
-3.836706 43.430807
-3.836645 43.430525
-3.835771 43.426668
-3.835562 43.425848
-3.835391 43.425023
-3.835345 43.424741
-3.835299 43.424202
-3.835293 43.424200
-3.835259 43.423662
-3.835277 43.423410
-3.835322 43.423235
-3.835392 43.423035
-3.835517 43.422796
-3.835672 43.422565
-3.835844 43.422336
-3.837602 43.420885
-3.837725 43.420785
-3.838140 43.420473
-3.838645 43.420070
-3.839549 43.419391
-3.839782 43.419165
-3.839927 43.419007
-3.840075 43.418791
-3.840206 43.418533
-3.840269 43.418284
-3.840311 43.417991
-3.840298 43.417706
-3.840247 43.417473
-3.840225 43.417357
-3.840069 43.417015
-3.839897 43.416734
-3.839385 43.416075
-3.839202 43.415878
-3.838563 43.415162
-3.837089 43.413511
-3.836733 43.413114
-3.835372 43.411580
-3.834598 43.410777
-3.834017 43.410155
-3.833537 43.409716
-3.832953 43.409326
-3.832386 43.408998
-3.831771 43.408720
-3.828749 43.407459
-3.828217 43.407221
-3.824742 43.405878
-3.823624 43.405469
-3.823126 43.405252
-3.822611 43.404995
-3.821775 43.404605
-3.820972 43.404206
-3.820474 43.403955
-3.819787 43.403565
-3.819026 43.402985
-3.818454 43.402536
-3.817205 43.401518
-3.816840 43.401204
-3.816675 43.401061
-3.816551 43.400951
-3.816433 43.400836
-3.816294 43.400690
-3.816192 43.400569
-3.816155 43.400522
-3.816117 43.400470
-3.816065 43.400399
-3.816019 43.400332
-3.815951 43.400225
-3.815897 43.400141
-3.815839 43.400043
-3.815809 43.399988
-3.815781 43.399933
-3.815744 43.399858
-3.815678 43.399714
-3.815618 43.399574
-3.815538 43.399389
-3.815035 43.398179
-3.814252 43.396293
-3.814150 43.396074
-3.814059 43.395904
-3.813986 43.395793
-3.813879 43.395639
-3.813780 43.395515
-3.813653 43.395371
-3.813573 43.395292
-3.813497 43.395218
-3.813419 43.395148
-3.813289 43.395039
-3.813172 43.394952
-3.813019 43.394850
-3.812881 43.394764
-3.812754 43.394691
-3.812635 43.394628
-3.812498 43.394562
-3.812332 43.394486
-3.812120 43.394401
-3.811935 43.394336
-3.811775 43.394288
-3.811629 43.394248
-3.811434 43.394200
-3.811249 43.394162
-3.811076 43.394132
-3.810836 43.394095
-3.810644 43.394070
-3.810255 43.394019
-3.809918 43.393975
-3.809491 43.393918
-3.808885 43.393839
-3.808021 43.393729
-3.807808 43.393701
-3.807581 43.393675
-3.807324 43.393652
-3.807064 43.393632
-3.806804 43.393618
-3.806581 43.393611
-3.806321 43.393611
-3.806144 43.393617
-3.805921 43.393629
-3.805680 43.393647
-3.805457 43.393674
-3.805269 43.393696
-3.804918 43.393753
-3.804499 43.393830
-3.803947 43.393934
-3.803313 43.394053
-3.802398 43.394228
-3.801823 43.394338
-3.801486 43.394399
-3.801197 43.394450
-3.800879 43.394504
-3.800208 43.394621
-3.799463 43.394754
-3.798451 43.394942
-3.797560 43.395113
-3.795412 43.395521
-3.794621 43.395671
-3.791087 43.396349
-3.790584 43.396447
-3.790128 43.396545
-3.789748 43.396636
-3.789330 43.396742
-3.788052 43.397112
-3.786243 43.397674
-3.782829 43.398735
-3.780166 43.399574
-3.779321 43.399834
-3.778444 43.400063
-3.777754 43.400206
-3.777078 43.400328
-3.776243 43.400447
-3.775365 43.400516
-3.774892 43.400549
-3.774429 43.400565
-3.773761 43.400569
-3.772782 43.400535
-3.772349 43.400505
-3.771909 43.400466
-3.771146 43.400376
-3.770592 43.400289
-3.770066 43.400189
-3.768652 43.399923
-3.767974 43.399827
-3.767301 43.399783
-3.766729 43.399796
-3.766540 43.399808
-3.766011 43.399853
-3.765283 43.399919
-3.764662 43.399984
-3.763844 43.400012
-3.763257 43.399985
-3.762813 43.399933
-3.762401 43.399862
-3.761904 43.399744
-3.761386 43.399579
-3.760772 43.399343
-3.760340 43.399127
-3.759792 43.398807
-3.759316 43.398412
-3.758966 43.398066
-3.758445 43.397441
-3.758017 43.396878
-3.757750 43.396564
-3.757494 43.396301
-3.757115 43.395974
-3.756721 43.395703
-3.756364 43.395492
-3.755982 43.395295
-3.755670 43.395164
-3.755330 43.395029
-3.754588 43.394800
-3.753380 43.394456
-3.752492 43.394203
-3.751804 43.393964
-3.751566 43.393877
-3.751354 43.393793
-3.750909 43.393596
-3.750631 43.393470
-3.750145 43.393227
-3.749478 43.392837
-3.749097 43.392597
-3.748962 43.392517
-3.748716 43.392308
-3.748355 43.392008
-3.747979 43.391699
-3.747715 43.391494
-3.747645 43.391425
-3.747592 43.391369
-3.747466 43.391234
-3.747370 43.391112
-3.747303 43.391018
-3.747260 43.390946
-3.747219 43.390866
-3.747179 43.390765
-3.747152 43.390681
-3.747128 43.390608
-3.747108 43.390535
-3.747089 43.390454
-3.747074 43.390369
-3.747067 43.390279
-3.747067 43.390199
-3.747073 43.390105
-3.747081 43.390018
-3.747094 43.389928
-3.747109 43.389843
-3.747126 43.389768
-3.747145 43.389702
-3.747167 43.389633
-3.747197 43.389560
-3.747244 43.389507
-3.747466 43.389270
-3.747540 43.389178
-3.747642 43.389079
-3.747722 43.389017
-3.747795 43.388978
-3.747838 43.388976
-3.747896 43.388965
-3.747947 43.388947
-3.747982 43.388928
-3.748022 43.388896
-3.748053 43.388857
-3.748068 43.388819
-3.748074 43.388802
-3.748070 43.388753
-3.748066 43.388720
-3.748039 43.388683
-3.748020 43.388662
-3.748004 43.388645
-3.747986 43.388626
-3.747940 43.388601
-3.747898 43.388587
-3.747878 43.388540
-3.747851 43.388486
-3.747825 43.388429
-3.747790 43.388338
-3.747756 43.388264
-3.747704 43.388182
-3.747644 43.388103
-3.747589 43.388041
-3.747511 43.387962
-3.747416 43.387896
-3.747329 43.387838
-3.747236 43.387780
-3.747136 43.387722
-3.747000 43.387652
-3.746840 43.387580
-3.746645 43.387495
-3.746084 43.387236
-3.745657 43.387045
-3.745283 43.386914
-3.745182 43.386874
-3.744925 43.386767
-3.744364 43.386521
-3.743940 43.386323
-3.743394 43.386075
-3.743324 43.386027
-3.743288 43.385989
-3.743266 43.385950
-3.743246 43.385917
-3.743255 43.385875
-3.743245 43.385825
-3.743201 43.385757
-3.743151 43.385727
-3.743089 43.385690
-3.743043 43.385682
-3.742966 43.385670
-3.742868 43.385682
-3.742798 43.385716
-3.742765 43.385718
-3.742709 43.385712
-3.742637 43.385699
-3.742532 43.385672
-3.741681 43.385281
-3.741063 43.384998
-3.739634 43.384379
-3.739519 43.384325
-3.739394 43.384273
-3.738988 43.384091
-3.738538 43.383893
-3.738371 43.383819
-3.738211 43.383734
-3.738120 43.383675
-3.738064 43.383634
-3.738061 43.383602
-3.738039 43.383570
-3.738007 43.383548
-3.737954 43.383534
-3.737910 43.383536
-3.737870 43.383548
-3.737852 43.383559
-3.737712 43.383632
-3.737588 43.383690
-3.737515 43.383716
-3.737460 43.383729
-3.737395 43.383742
-3.737327 43.383751
-3.737242 43.383760
-3.737166 43.383777
-3.736913 43.383850
-3.736858 43.383871
-3.736765 43.383907
-3.736699 43.383930
-3.736525 43.384001
-3.736139 43.384176
-3.735764 43.384306
-3.735698 43.384324
-3.735436 43.384381
-3.735213 43.384426
-3.734846 43.384444
-3.734292 43.384363
-3.734075 43.384341
-3.733868 43.384299
-3.733727 43.384261
-3.733446 43.384142
-3.733213 43.384005
-3.732956 43.383808
-3.732819 43.383692
-3.732680 43.383507
-3.732618 43.383422
-3.732602 43.383396
-3.732556 43.383336
-3.732539 43.383300
-3.732449 43.383115
-3.732423 43.383014
-3.732365 43.382786
-3.732290 43.382407
-3.732277 43.381988
-3.732271 43.381825
-3.732261 43.381595
-3.732258 43.381505
-3.732265 43.381463
-3.732270 43.381337
-3.732255 43.381118
-3.732221 43.380953
-3.732150 43.380795
-3.732052 43.380649
-3.731932 43.380507
-3.731710 43.380336
-3.731545 43.380251
-3.731377 43.380189
-3.729405 43.379507
-3.728960 43.379403
-3.728519 43.379317
-3.727178 43.379084
-3.726573 43.378942
-3.726214 43.378828
-3.725685 43.378574
-3.725455 43.378459
-3.725196 43.378359
-3.724926 43.378301
-3.724713 43.378276
-3.724482 43.378266
-3.724138 43.378293
-3.723847 43.378314
-3.723590 43.378329
-3.723347 43.378318
-3.723163 43.378282
-3.722924 43.378222
-3.722649 43.378105
-3.722569 43.378082
-3.722515 43.378055
-3.722378 43.377999
-3.721951 43.377830
-3.721710 43.377733
-3.721502 43.377630
-3.721154 43.377301
-3.720723 43.376861
-3.719677 43.375727
-3.719435 43.375474
-3.719387 43.375423
-3.718300 43.374282
-3.718220 43.374199
-3.717437 43.373351
-3.717332 43.373234
-3.717311 43.373207
-3.717261 43.373153
-3.717250 43.373142
-3.716713 43.372574
-3.716505 43.372303
-3.716041 43.371711
-3.715645 43.371159
-3.715460 43.370819
-3.715344 43.370598
-3.715299 43.370494
-3.715228 43.370348
-3.715160 43.370214
-3.714977 43.369864
-3.714925 43.369771
-3.714497 43.368927
-3.714248 43.368396
-3.714141 43.368153
-3.713956 43.367716
-3.713873 43.367573
-3.713842 43.367526
-3.713789 43.367466
-3.713767 43.367446
-3.713711 43.367413
-3.713621 43.367348
-3.713437 43.367262
-3.713113 43.367210
-3.712981 43.367143
-3.712904 43.367072
-3.712870 43.366957
-3.712867 43.366846
-3.712884 43.366712
-3.712966 43.366019
-3.712983 43.365716
-3.713021 43.364795
-3.713037 43.364206
-3.713053 43.363554
-3.713053 43.363343
-3.713043 43.363106
-3.712995 43.362809
-3.712970 43.362670
-3.712941 43.362522
-3.712837 43.362230
-3.712695 43.361893
-3.712535 43.361613
-3.711996 43.360696
-3.711572 43.359982
-3.711562 43.359965
-3.711332 43.359587
-3.711285 43.359513
-3.711176 43.359320
-3.710581 43.358342
-3.710399 43.358027
-3.710326 43.357901
-3.709999 43.357364
-3.709961 43.357293
-3.709627 43.356746
-3.709351 43.356288
-3.709259 43.356106
-3.708981 43.355663
-3.708811 43.355389
-3.708664 43.355120
-3.708582 43.354979
-3.708465 43.354824
-3.708387 43.354677
-3.708332 43.354498
-3.708296 43.354361
-3.708257 43.354216
-3.708221 43.354063
-3.708169 43.353946
-3.708132 43.353878
-3.708096 43.353831
-3.708023 43.353750
-3.707914 43.353654
-3.707806 43.353573
-3.707683 43.353499
-3.707418 43.353359
-3.707180 43.353221
-3.707049 43.353108
-3.706933 43.352970
-3.706863 43.352868
-3.706773 43.352759
-3.706734 43.352716
-3.706696 43.352670
-3.706637 43.352604
-3.706573 43.352536
-3.706459 43.352429
-3.706371 43.352371
-3.706289 43.352326
-3.706209 43.352278
-3.706131 43.352243
-3.706034 43.352199
-3.705913 43.352156
-3.705830 43.352137
-3.705662 43.352115
-3.705466 43.352102
-3.705081 43.352069
-3.704779 43.352058
-3.704693 43.352052
-3.704569 43.352041
-3.704371 43.352034
-3.704219 43.352021
-3.703941 43.352007
-3.703657 43.351987
-3.703283 43.351964
-3.702911 43.351943
-3.702614 43.351917
-3.702319 43.351897
-3.702051 43.351876
-3.701835 43.351831
-3.701652 43.351792
-3.701450 43.351721
-3.701185 43.351623
-3.700888 43.351484
-3.700564 43.351304
-3.700368 43.351203
-3.700026 43.351034
-3.699793 43.350913
-3.699556 43.350787
-3.699436 43.350723
-3.699301 43.350655
-3.699020 43.350515
-3.698840 43.350419
-3.698636 43.350311
-3.698277 43.350123
-3.697937 43.349947
-3.697758 43.349859
-3.697721 43.349841
-3.697588 43.349776
-3.697464 43.349716
-3.696839 43.349387
-3.696459 43.349187
-3.696158 43.349032
-3.695950 43.348924
-3.695664 43.348776
-3.695370 43.348626
-3.695041 43.348458
-3.693467 43.347631
-3.693059 43.347431
-3.691737 43.346748
-3.691248 43.346510
-3.690715 43.346282
-3.690252 43.346117
-3.689660 43.345935
-3.688794 43.345724
-3.688305 43.345604
-3.687316 43.345378
-3.686645 43.345227
-3.686193 43.345118
-3.685757 43.345041
-3.685248 43.344975
-3.684610 43.344890
-3.684131 43.344825
-3.683157 43.344698
-3.682837 43.344647
-3.682637 43.344623
-3.682015 43.344537
-3.681177 43.344424
-3.679426 43.344185
-3.679295 43.344164
-3.679072 43.344136
-3.678671 43.344088
-3.678196 43.344018
-3.677845 43.343964
-3.677102 43.343850
-3.676565 43.343766
-3.676334 43.343734
-3.676089 43.343686
-3.675970 43.343669
-3.675587 43.343589
-3.675477 43.343566
-3.675114 43.343487
-3.674827 43.343413
-3.674433 43.343311
-3.674216 43.343246
-3.673844 43.343134
-3.673478 43.343016
-3.673099 43.342838
-3.672293 43.342439
-3.672210 43.342395
-3.672041 43.342316
-3.671597 43.342067
-3.671263 43.341856
-3.671143 43.341758
-3.670975 43.341633
-3.670717 43.341517
-3.670492 43.341442
-3.670232 43.341364
-3.669936 43.341294
-3.669543 43.341170
-3.669394 43.341110
-3.669033 43.340953
-3.668657 43.340757
-3.668492 43.340675
-3.667800 43.340306
