-1.670107 53.213667
-1.669658 53.213610
-1.668883 53.213512
-1.668161 53.212838
-1.669190 53.212211
-1.669394 53.212125
-1.669208 53.212065
-1.669133 53.212024
-1.668471 53.211679
-1.667808 53.211254
-1.667269 53.210851
-1.667069 53.210706
-1.666761 53.210443
-1.666254 53.209980
-1.666084 53.209777
-1.665850 53.209499
-1.665612 53.209203
-1.665367 53.208844
-1.665295 53.208586
-1.665280 53.208403
-1.665302 53.208203
-1.665399 53.207973
-1.665516 53.207764
-1.665679 53.207572
-1.665824 53.207426
-1.666043 53.207271
-1.666385 53.207091
-1.666880 53.206899
-1.668138 53.206436
-1.667827 53.206219
-1.666824 53.205576
-1.666577 53.205430
-1.666367 53.205284
-1.666195 53.205147
-1.666033 53.205021
-1.665897 53.204871
-1.665368 53.204162
-1.665114 53.203854
-1.665000 53.203721
-1.664941 53.203642
-1.664252 53.202874
-1.663825 53.202432
-1.663254 53.201722
-1.661684 53.199986
-1.661077 53.199295
-1.660803 53.198927
-1.660554 53.198557
-1.659307 53.196692
-1.658860 53.196012
-1.658662 53.195721
-1.658463 53.195548
-1.658267 53.195411
-1.657008 53.194850
-1.656198 53.194464
-1.655490 53.194102
-1.655058 53.193880
-1.652936 53.192791
-1.652061 53.192329
-1.651953 53.192257
-1.651742 53.192136
-1.651281 53.191869
-1.650874 53.191585
-1.650592 53.191346
-1.650326 53.191102
-1.650038 53.190803
-1.649922 53.190715
-1.649771 53.190637
-1.649463 53.190534
-1.648672 53.190349
-1.647975 53.190162
-1.646904 53.189770
-1.646303 53.189589
-1.645351 53.189368
-1.644564 53.189178
-1.644143 53.189090
-1.643743 53.189054
-1.643378 53.189021
-1.642972 53.189018
-1.643071 53.187901
-1.643099 53.187821
-1.643141 53.187710
-1.643278 53.187506
-1.643393 53.187407
-1.643501 53.187312
-1.643847 53.187108
-1.643998 53.187022
-1.644230 53.186839
-1.644424 53.186645
-1.644931 53.186104
-1.645322 53.185766
-1.645488 53.185591
-1.645628 53.185413
-1.645817 53.185195
-1.646084 53.184893
-1.646168 53.184774
-1.646261 53.184648
-1.646531 53.184190
-1.646683 53.183972
-1.646811 53.183806
-1.647019 53.183643
-1.647616 53.183278
-1.647770 53.183184
-1.648042 53.183080
-1.648426 53.182982
-1.648693 53.182920
-1.648966 53.182878
-1.649284 53.182855
-1.649490 53.182825
-1.649811 53.182776
-1.650130 53.182722
-1.650383 53.182712
-1.650668 53.182736
-1.650980 53.182788
-1.651206 53.182800
-1.651551 53.182784
-1.651893 53.182764
-1.652159 53.182707
-1.652421 53.182633
-1.653775 53.181864
-1.654315 53.181485
-1.654466 53.181322
-1.654599 53.181146
-1.654875 53.180735
-1.654994 53.180559
-1.655093 53.180428
-1.655265 53.180301
-1.655451 53.180171
-1.655645 53.180077
-1.655876 53.180026
-1.656202 53.180006
-1.656511 53.180002
-1.656937 53.180041
-1.657828 53.180187
-1.658349 53.180269
-1.660035 53.180536
-1.663832 53.181140
-1.665005 53.181232
-1.666067 53.181253
-1.667129 53.181219
-1.667612 53.181182
-1.668106 53.181072
-1.668477 53.180917
-1.669146 53.180583
-1.669603 53.180125
-1.669933 53.179689
-1.670064 53.179425
-1.670093 53.179184
-1.670168 53.178573
-1.670230 53.178463
-1.670654 53.178118
-1.671210 53.177805
-1.671408 53.177690
-1.671560 53.177630
-1.671680 53.177595
-1.671857 53.177584
-1.671913 53.177581
-1.672329 53.177574
-1.672885 53.177596
-1.673177 53.177577
-1.673543 53.177552
-1.673990 53.177572
-1.674265 53.177599
-1.674739 53.177626
-1.674978 53.177641
-1.675315 53.177673
-1.675752 53.177721
-1.676613 53.177805
-1.677279 53.177877
-1.677711 53.177897
-1.678078 53.177842
-1.678414 53.177759
-1.678798 53.177672
-1.679263 53.177599
-1.679896 53.177509
-1.680638 53.177382
-1.680927 53.177329
-1.681140 53.177272
-1.682775 53.176778
-1.682979 53.176702
-1.683251 53.176589
-1.683462 53.176535
-1.683719 53.176468
-1.684419 53.176253
-1.684561 53.176171
-1.684625 53.176110
-1.684631 53.176036
-1.684440 53.175831
-1.684226 53.175642
-1.684120 53.175517
-1.683984 53.175359
-1.683808 53.175208
-1.683521 53.175003
-1.683218 53.174815
-1.682934 53.174619
-1.682626 53.174501
-1.682546 53.174458
-1.682179 53.174259
-1.682053 53.174168
-1.681570 53.173817
-1.681461 53.173710
-1.681399 53.173588
-1.681388 53.173485
-1.681428 53.173400
-1.681501 53.173323
-1.681724 53.173122
-1.681905 53.172880
-1.682038 53.172699
-1.682075 53.172646
-1.682153 53.172526
-1.682258 53.172354
-1.682454 53.172119
-1.682727 53.171969
-1.682839 53.171898
-1.683002 53.171828
-1.683142 53.171772
-1.683468 53.171657
-1.683642 53.171593
-1.683990 53.171465
-1.685085 53.171137
-1.685365 53.171005
-1.685553 53.170905
-1.686408 53.170411
-1.686571 53.170334
-1.686807 53.170205
-1.686873 53.170177
-1.687026 53.170111
-1.687331 53.169961
-1.687924 53.169680
-1.688304 53.169563
-1.688491 53.169478
-1.688905 53.169241
-1.689301 53.168979
-1.689846 53.168833
-1.690644 53.168681
-1.690918 53.168546
-1.691160 53.168376
-1.691558 53.168096
-1.692234 53.167779
-1.692861 53.167609
-1.693245 53.167386
-1.693738 53.166971
