44.271592 40.364615
44.271678 40.364388
44.271830 40.364042
44.271800 40.363777
44.271643 40.363657
44.271453 40.363545
44.271206 40.363552
44.270601 40.363780
44.270342 40.363868
44.270149 40.363841
44.269987 40.363703
44.269700 40.363380
44.269338 40.363017
44.269181 40.362689
44.269069 40.361958
44.268559 40.361376
44.267981 40.360372
44.267337 40.359628
44.266849 40.358540
44.266521 40.358312
44.265981 40.357991
44.265372 40.357535
44.264674 40.357513
44.264321 40.357399
44.264017 40.357109
44.263582 40.356765
44.262690 40.356388
44.262149 40.356322
44.261576 40.356329
44.261364 40.356234
44.261293 40.356036
44.261428 40.355759
44.261570 40.355460
44.261477 40.355124
44.261230 40.354985
44.260907 40.354977
44.260779 40.354895
44.260854 40.354785
44.261401 40.354646
44.262027 40.354435
44.262428 40.354270
44.262555 40.354144
44.262568 40.353985
44.262347 40.352804
44.262318 40.352548
44.262487 40.352352
44.262949 40.352111
44.263331 40.351902
44.263439 40.351720
44.263418 40.351511
44.263333 40.351238
44.263405 40.351109
44.263731 40.351140
44.264307 40.351434
44.264633 40.351709
44.264830 40.351745
44.265145 40.351608
44.265997 40.350981
44.266828 40.350105
44.267465 40.348470
44.267718 40.347834
44.268605 40.346983
44.269264 40.346254
44.269523 40.345961
44.269572 40.345696
44.269347 40.343528
44.270012 40.340936
44.270439 40.339824
44.270718 40.339098
44.270806 40.338913
44.270662 40.338594
44.270395 40.338447
44.270050 40.338444
44.269253 40.338634
44.269055 40.338687
44.268752 40.338609
44.268536 40.338388
44.268193 40.337458
44.267722 40.336782
44.267164 40.335965
44.266519 40.335787
44.266081 40.335658
44.265819 40.335245
44.265247 40.334809
44.264890 40.334300
44.264769 40.333725
44.264692 40.333412
44.264717 40.333038
44.264782 40.332493
44.265019 40.331952
44.266162 40.329058
44.266397 40.328759
44.266778 40.328615
44.267163 40.328375
44.267411 40.327958
44.267371 40.327512
44.267253 40.327400
44.267182 40.327239
44.267263 40.326633
44.267073 40.325985
44.267104 40.324984
44.267216 40.324504
44.267483 40.323788
44.267497 40.323576
44.267258 40.322289
44.266872 40.321172
44.266955 40.320552
44.266817 40.320214
44.266420 40.319605
44.266219 40.319161
44.266232 40.318937
44.266310 40.318754
44.266466 40.318587
44.266813 40.318324
44.267594 40.317919
44.267732 40.317780
44.267715 40.317664
44.267617 40.317584
44.267456 40.317608
44.267126 40.317733
44.266861 40.317869
44.266527 40.318163
44.266361 40.318197
44.266275 40.318122
44.266298 40.318000
44.266573 40.317702
44.267177 40.316665
44.267535 40.316139
44.268089 40.315671
44.268178 40.315508
44.268161 40.315407
44.268016 40.315347
44.266388 40.315180
44.266133 40.315106
44.266092 40.315027
44.266126 40.314925
44.267469 40.314349
44.267977 40.314074
44.268589 40.313081
44.268953 40.312792
44.269666 40.312559
44.270783 40.312463
44.272087 40.312543
44.273818 40.312734
44.275717 40.313116
44.279660 40.313148
44.280378 40.313034
44.281966 40.312555
44.283545 40.311961
44.284349 40.311613
44.284918 40.310963
44.285635 40.309382
44.286180 40.308178
44.286409 40.307902
44.286728 40.307680
44.286978 40.307571
44.287279 40.307439
44.287867 40.307303
44.289831 40.306709
44.291824 40.305801
44.292416 40.305290
44.292731 40.304697
44.292774 40.304106
44.292215 40.300246
44.293077 40.300007
44.295055 40.299630
44.296824 40.299356
44.297073 40.299317
44.298397 40.299388
44.299760 40.299551
44.304192 40.300129
44.305220 40.300212
44.308148 40.300213
44.310229 40.300098
44.312678 40.299767
44.313404 40.299651
44.314648 40.299398
44.315535 40.299119
44.317737 40.298519
44.318218 40.298396
44.318972 40.298001
44.320456 40.297255
44.320512 40.297210
44.320539 40.296668
44.322677 40.296718
44.324287 40.296729
44.325923 40.296807
44.326617 40.296752
44.328542 40.296578
44.329977 40.296446
44.330584 40.296500
44.332253 40.297031
44.333383 40.297351
44.334337 40.297582
44.336711 40.298143
44.337147 40.298188
44.338151 40.298203
44.338743 40.298177
44.339206 40.298085
44.341003 40.297474
44.341504 40.297344
44.341903 40.297342
44.343073 40.297424
44.343341 40.297424
44.343862 40.297426
44.345052 40.297412
44.345278 40.297417
44.345635 40.297390
44.345831 40.297378
44.345928 40.297320
44.346043 40.297256
44.346587 40.296962
44.346813 40.296844
44.347305 40.296680
44.347537 40.296625
44.348190 40.296492
44.348442 40.296357
44.349172 40.295459
44.349283 40.295258
44.349405 40.295141
44.349523 40.294910
44.349789 40.293879
44.349948 40.293577
44.350618 40.292920
44.350848 40.292735
44.351276 40.292396
44.352846 40.292062
44.353172 40.292010
44.354505 40.291811
44.354873 40.291733
44.356229 40.291232
44.357141 40.290905
44.357366 40.290820
44.357948 40.290601
44.358228 40.290485
44.359509 40.289966
44.360143 40.289729
44.360911 40.289610
44.361551 40.289609
44.361624 40.289627
44.362137 40.289750
44.362919 40.290070
44.364413 40.290680
44.366481 40.291555
44.369384 40.292828
44.371393 40.293598
44.372411 40.294043
44.372895 40.294205
44.373385 40.294334
44.373757 40.294419
44.374136 40.294454
44.374482 40.294424
44.374763 40.294354
44.375201 40.294215
44.375540 40.294075
44.375931 40.293912
44.376413 40.293743
44.377780 40.293178
44.378478 40.292882
44.379553 40.292442
44.380300 40.292069
44.380885 40.291746
44.381451 40.291379
44.382208 40.290809
44.383305 40.290023
44.384651 40.289002
44.387990 40.286320
44.390553 40.284512
44.393223 40.282736
44.409425 40.272192
44.409731 40.271974
44.411754 40.270535
44.412338 40.269933
44.412804 40.269274
44.413815 40.267382
44.415348 40.263311
44.416119 40.261262
44.417154 40.258517
44.417924 40.256585
44.418062 40.256252
44.418662 40.254800
44.418704 40.254698
44.419143 40.253986
44.419180 40.253941
44.420957 40.251795
44.422618 40.249813
44.423336 40.248916
44.425050 40.246847
44.425157 40.246719
44.425648 40.246135
44.428072 40.243152
44.429773 40.241189
44.429846 40.241104
44.430478 40.240586
44.430631 40.240460
44.431032 40.240160
44.436379 40.236159
44.437334 40.235448
44.438978 40.234226
44.440745 40.232912
44.444382 40.230220
44.449608 40.226352
44.450578 40.225634
44.451803 40.224727
44.452692 40.224045
44.454312 40.222817
44.455626 40.221924
44.456795 40.221346
44.457093 40.221212
44.457954 40.220823
44.458753 40.220495
44.461316 40.219451
44.462508 40.218913
44.463465 40.218331
44.463828 40.218175
44.464227 40.217939
44.464337 40.217875
44.464646 40.217694
44.464877 40.217527
44.465211 40.217284
44.465533 40.216978
44.465652 40.216773
44.465767 40.216568
44.465791 40.216042
44.465797 40.215832
44.465760 40.215552
44.465300 40.214742
44.464968 40.214174
44.464021 40.212684
44.463185 40.211377
44.462773 40.210543
44.462400 40.209086
44.461957 40.207140
44.461815 40.206512
44.461680 40.205942
44.461576 40.205371
44.461528 40.204953
44.461542 40.204197
44.461885 40.201660
44.462053 40.200441
44.462250 40.198845
44.462390 40.197731
44.462470 40.197118
44.462517 40.196749
44.462652 40.195706
44.462724 40.194908
44.462748 40.194647
44.462649 40.193367
44.462574 40.192663
44.462478 40.191652
44.462369 40.190806
44.462323 40.190654
44.462452 40.190676
44.463754 40.190773
44.464131 40.190799
44.464877 40.190850
44.466269 40.190955
44.467768 40.191057
44.468334 40.191095
44.468648 40.191119
44.470257 40.191240
44.470611 40.191266
44.473067 40.191457
44.473555 40.191472
44.473768 40.191456
44.473883 40.191404
44.473995 40.191334
44.474309 40.191032
44.475710 40.189710
44.475742 40.189685
44.475977 40.189461
44.476831 40.188580
44.476935 40.188473
44.477019 40.188394
44.477040 40.188357
44.477059 40.188328
44.477077 40.188303
44.477096 40.188263
44.477109 40.188225
44.477121 40.188194
44.477127 40.188153
44.477133 40.188113
44.477115 40.188048
44.477098 40.187994
44.477059 40.187926
44.476999 40.187887
44.476928 40.187844
44.476820 40.187804
44.476754 40.187798
44.476598 40.187810
44.476499 40.187848
44.476453 40.187893
44.476416 40.187965
44.476422 40.188052
44.476464 40.188145
44.477796 40.188845
44.477980 40.188949
44.478044 40.188985
44.478099 40.189017
44.478479 40.189231
44.478628 40.189315
44.479191 40.189653
44.480242 40.190264
44.481464 40.191031
44.483887 40.192403
44.484163 40.192564
44.484446 40.192727
44.485638 40.193448
44.485788 40.193537
44.486650 40.194046
44.487231 40.194419
44.487454 40.194551
44.489407 40.195716
44.491269 40.196794
44.492618 40.197589
44.493166 40.197836
44.493649 40.198054
44.495471 40.198796
44.496395 40.199171
44.496630 40.199267
44.496726 40.199128
44.497331 40.198247
44.498031 40.197228
44.498590 40.196416
44.498031 40.197228
44.497331 40.198247
44.496726 40.199128
44.496630 40.199267
44.496826 40.199347
44.497569 40.199650
44.498384 40.199982
44.498687 40.200106
44.499673 40.200508
44.500025 40.200649
44.500154 40.200697
44.500418 40.200810
44.501066 40.201083
44.501610 40.201307
44.503275 40.202003
44.503656 40.202164
44.504761 40.202601
44.505423 40.202872
44.506708 40.203399
44.507290 40.203637
44.507383 40.203674
44.508786 40.204268
44.509125 40.204391
44.509418 40.204479
44.509704 40.204542
44.510013 40.204575
44.510325 40.204590
44.510503 40.204583
44.510300 40.204686
44.509544 40.204870
44.509306 40.204680
