11.043152 47.658372
11.043188 47.658480
11.043274 47.658548
11.043416 47.658590
11.043475 47.658657
11.043509 47.658745
11.043550 47.658824
11.043574 47.658960
11.043584 47.659165
11.043497 47.659280
11.043521 47.659373
11.043572 47.659508
11.043685 47.659595
11.043849 47.659723
11.043948 47.659814
11.044038 47.659902
11.044063 47.659998
11.044059 47.660073
11.044042 47.660154
11.043975 47.660261
11.043832 47.660371
11.043608 47.660451
11.043500 47.660492
11.043388 47.660534
11.043318 47.660576
11.043238 47.660642
11.043208 47.660735
11.043210 47.660825
11.043267 47.661156
11.043253 47.661297
11.043254 47.661475
11.043184 47.661712
11.043140 47.661828
11.043137 47.661996
11.043238 47.662104
11.043378 47.662202
11.043695 47.662400
11.043903 47.662569
11.044176 47.662712
11.044431 47.662765
11.044685 47.662833
11.044946 47.662981
11.045079 47.663065
11.045142 47.663137
11.045413 47.663317
11.045555 47.663399
11.045745 47.663529
11.045960 47.663649
11.046273 47.663964
11.046399 47.664154
11.046453 47.664260
11.046501 47.664392
11.046518 47.664461
11.046528 47.664571
11.046500 47.664618
11.046852 47.667648
11.046598 47.667819
11.046484 47.667895
11.046200 47.668098
11.046123 47.668163
11.046042 47.668332
11.046278 47.668305
11.046506 47.668285
11.046723 47.668257
11.046962 47.668216
11.047201 47.668152
11.047410 47.668067
11.047726 47.667917
11.048142 47.667718
11.048674 47.667520
11.048566 47.668161
11.048513 47.668295
11.048456 47.668413
11.048387 47.668481
11.048274 47.668536
11.048163 47.668601
11.048055 47.668706
11.048014 47.668807
11.048053 47.668867
11.048131 47.668947
11.048288 47.669041
11.048545 47.669139
11.048756 47.669216
11.048864 47.669266
11.048963 47.669312
11.049036 47.669350
11.049085 47.669375
11.049219 47.669473
11.049446 47.669621
11.049795 47.669864
11.049986 47.669992
11.050156 47.670156
11.050303 47.670277
11.050405 47.670366
11.050465 47.670419
11.050570 47.670544
11.050668 47.670673
11.050696 47.670785
11.050721 47.670870
11.050684 47.671012
11.050631 47.671099
11.050514 47.671236
11.050384 47.671405
11.050230 47.671587
11.049924 47.671931
11.049885 47.671979
11.049719 47.672229
11.049662 47.672413
11.049505 47.673070
11.049463 47.673331
11.049482 47.673598
11.049513 47.673827
11.049569 47.674039
11.049710 47.674358
11.049766 47.674600
11.049763 47.674844
11.049680 47.675329
11.049598 47.675562
11.049506 47.675750
11.049239 47.676072
11.049378 47.676259
11.049385 47.676326
11.049433 47.676765
11.049560 47.677246
11.049606 47.677479
11.049540 47.677680
11.049452 47.677881
11.049338 47.678378
11.049375 47.678881
11.049118 47.679152
11.049000 47.679371
11.049005 47.679785
11.049139 47.679959
11.049330 47.680050
11.049436 47.680236
11.049438 47.680900
11.049549 47.681207
11.049550 47.681421
11.049451 47.681596
11.049481 47.681996
11.049447 47.682178
11.049207 47.682484
11.049007 47.682830
11.048632 47.683370
11.048341 47.683657
11.047895 47.684116
11.047564 47.684539
11.047434 47.684871
11.047250 47.685131
11.046862 47.685565
11.046686 47.685796
11.046403 47.686319
11.046213 47.686712
11.045422 47.688246
11.045251 47.688561
11.044913 47.689255
11.044804 47.689431
11.044691 47.689613
11.044569 47.690247
11.044480 47.690438
11.044349 47.690608
11.044308 47.690757
11.044386 47.690967
11.044444 47.691270
11.044343 47.691453
11.044023 47.692417
11.042353 47.693089
11.041599 47.693208
11.041348 47.693267
11.040819 47.693372
11.039248 47.693560
11.038539 47.693704
11.037373 47.693869
11.036788 47.693909
11.035859 47.694077
11.034491 47.694262
11.034232 47.694299
11.033861 47.694312
11.033587 47.694126
11.033055 47.693673
11.031933 47.692726
11.030846 47.692125
11.030693 47.692137
11.030569 47.692191
11.029651 47.692514
11.029144 47.692697
11.028505 47.692929
11.028412 47.692960
11.028081 47.693093
11.027822 47.693255
11.027656 47.693502
11.027579 47.693968
11.027477 47.694321
11.027400 47.694468
11.027239 47.694570
11.026761 47.694784
11.026420 47.694873
11.026184 47.694838
11.025974 47.694743
11.025749 47.694550
11.025261 47.694272
11.024926 47.694243
11.024527 47.694216
11.024126 47.694188
11.023720 47.694125
11.023264 47.694026
11.022892 47.693968
11.022636 47.693960
11.022028 47.694079
11.021744 47.694143
11.021410 47.694235
11.021088 47.694292
11.020668 47.694353
11.020137 47.694320
11.019279 47.694142
11.016732 47.693804
11.015898 47.693701
11.014894 47.693646
11.012924 47.693706
11.012311 47.693727
11.011757 47.693775
11.011294 47.693863
11.010048 47.694152
11.009017 47.694374
11.008365 47.694524
11.007966 47.694658
11.007651 47.694822
11.007578 47.694860
11.007235 47.695042
11.006842 47.695150
11.006163 47.695283
11.005439 47.695349
11.005312 47.695300
11.005062 47.695190
11.004924 47.695134
11.004774 47.695077
11.004684 47.695043
11.004432 47.694960
11.004260 47.694895
11.004053 47.694803
11.003874 47.694733
11.003792 47.694678
11.003669 47.694596
11.003409 47.694424
11.003292 47.694357
11.003135 47.694266
11.003007 47.694195
11.002857 47.694133
11.002694 47.694085
11.002517 47.694055
11.002129 47.693984
11.001864 47.693910
11.001640 47.693832
11.001590 47.693815
11.001436 47.693750
11.001171 47.693637
11.000910 47.693519
11.000654 47.693396
11.000578 47.693356
11.000519 47.693325
11.000401 47.693264
11.000135 47.693160
11.000011 47.693121
