3.677924 43.480230
3.675754 43.480080
3.674627 43.480037
3.673969 43.480013
3.673565 43.479999
3.671139 43.479899
3.668196 43.479785
3.667177 43.479748
3.666151 43.479699
3.665789 43.479683
3.663757 43.479556
3.662715 43.479423
3.661992 43.479323
3.660933 43.479145
3.659380 43.478821
3.657680 43.478372
3.656066 43.477856
3.654152 43.477096
3.652273 43.476205
3.649980 43.475046
3.647861 43.474019
3.643097 43.471409
3.641046 43.470211
3.639975 43.469556
3.638625 43.468689
3.634077 43.465899
3.632205 43.464820
3.631371 43.464393
3.630851 43.464145
3.630178 43.463839
3.629608 43.463591
3.628594 43.463206
3.627613 43.462871
3.626640 43.462558
3.625627 43.462279
3.624731 43.462066
3.624309 43.461970
3.622404 43.461574
3.620541 43.461171
3.618742 43.460723
3.617607 43.460385
3.616429 43.459999
3.614186 43.459160
3.612856 43.458649
3.612346 43.458443
3.611863 43.458216
3.611121 43.457842
3.610764 43.457640
3.610378 43.457403
3.609367 43.456779
3.608295 43.456062
3.607394 43.455466
3.606482 43.454938
3.605369 43.454368
3.604274 43.453832
3.603518 43.453498
3.603183 43.453362
3.602774 43.453197
3.601147 43.452599
3.600247 43.452329
3.599607 43.452163
3.599180 43.452063
3.598625 43.451933
3.598113 43.451813
3.596746 43.451558
3.594904 43.451302
3.593066 43.451089
3.589739 43.450736
3.588247 43.450552
3.587257 43.450422
3.585308 43.450125
3.583990 43.449843
3.583067 43.449597
3.582047 43.449276
3.581505 43.449076
3.580959 43.448877
3.580099 43.448507
3.579349 43.448119
3.578791 43.447822
3.578295 43.447523
3.577656 43.447110
3.576677 43.446394
3.576209 43.446022
3.575714 43.445597
3.575128 43.445082
3.574328 43.444406
3.572060 43.442188
3.570341 43.440524
3.569832 43.440032
3.569164 43.439394
3.568898 43.439151
3.568190 43.438472
3.567743 43.438027
3.567533 43.437808
3.566956 43.437229
3.566520 43.436750
3.566285 43.436488
3.565994 43.436150
3.565684 43.435744
3.565351 43.435334
3.564993 43.434834
3.564285 43.433800
3.563773 43.433032
3.563404 43.432480
3.563141 43.432100
3.562780 43.431610
3.562545 43.431306
3.562296 43.431003
3.562044 43.430698
3.561554 43.430179
3.561037 43.429670
3.560367 43.429081
3.559802 43.428646
3.559159 43.428164
3.558499 43.427751
3.557673 43.427279
3.556140 43.426456
3.554215 43.425526
3.552851 43.424897
3.551773 43.424496
3.550696 43.424188
3.549316 43.423817
3.548630 43.423666
3.547296 43.423428
3.546397 43.423287
3.543876 43.422892
3.541396 43.422492
3.540409 43.422329
3.538889 43.422044
3.537859 43.421817
3.536619 43.421528
3.534532 43.421028
3.533383 43.420709
3.531635 43.420282
3.530851 43.420080
3.530153 43.419886
3.529278 43.419634
3.528174 43.419298
3.527265 43.418973
3.526293 43.418623
3.525306 43.418226
3.523706 43.417534
3.521777 43.416629
3.519922 43.415791
3.519392 43.415545
3.517643 43.414735
3.515967 43.413987
3.514832 43.413463
3.513299 43.412811
3.511280 43.412015
3.510416 43.411709
3.509318 43.411308
3.508154 43.410948
3.506855 43.410528
3.505573 43.410163
3.504029 43.409698
3.502417 43.409297
3.501009 43.408967
3.499760 43.408695
3.498440 43.408444
3.494006 43.407669
3.492190 43.407356
3.491035 43.407144
3.489794 43.406892
3.488847 43.406684
3.488052 43.406484
3.487233 43.406255
3.486050 43.405902
3.484812 43.405470
3.483590 43.405019
3.482440 43.404529
3.481521 43.404099
3.480692 43.403689
3.479462 43.403028
3.478205 43.402293
3.477353 43.401756
3.475382 43.400583
3.473708 43.399530
3.473073 43.399123
3.471829 43.398383
3.470004 43.397210
3.468940 43.396556
3.467265 43.395524
3.466059 43.394809
3.464567 43.393801
3.463557 43.393135
3.462813 43.392643
3.462283 43.392249
3.461099 43.391331
3.460905 43.391174
3.456358 43.387481
3.455700 43.386971
3.453781 43.385434
3.453127 43.384918
3.452196 43.384177
3.451411 43.383537
3.451203 43.383370
3.450805 43.383078
3.450126 43.382563
3.449699 43.382268
3.448859 43.381755
3.447539 43.380947
3.446991 43.380634
3.446376 43.380323
3.445151 43.379704
3.444160 43.379278
3.443544 43.379028
3.442428 43.378617
3.440993 43.378153
3.439479 43.377747
3.438918 43.377614
3.438238 43.377458
3.437762 43.377367
3.437317 43.377291
3.436504 43.377146
3.435641 43.377021
3.434707 43.376903
3.433795 43.376806
3.432901 43.376742
3.431774 43.376687
3.430623 43.376652
3.429038 43.376641
3.427620 43.376656
3.426011 43.376690
3.424270 43.376743
3.423401 43.376772
3.421202 43.376839
3.420343 43.376864
3.419292 43.376893
3.417943 43.376901
3.416728 43.376882
3.415919 43.376855
3.415549 43.376901
3.415308 43.376890
3.414957 43.376889
3.414679 43.376903
3.414440 43.376959
3.414190 43.377088
3.414031 43.377261
3.414005 43.377483
3.414107 43.377694
3.414277 43.377842
3.414419 43.377910
3.414655 43.377943
3.414890 43.377909
3.415092 43.377819
3.415253 43.377676
3.415430 43.377450
3.415662 43.377076
3.415972 43.376587
3.416036 43.376479
3.416090 43.376345
3.416470 43.375728
3.416682 43.375369
3.416829 43.375091
3.417254 43.374450
3.417622 43.373868
3.417905 43.373371
3.418071 43.373103
3.418331 43.372775
3.418328 43.372693
3.418491 43.372259
3.418536 43.372140
3.418525 43.372007
3.418479 43.371889
3.418407 43.371792
3.417865 43.371182
3.417476 43.370844
3.416614 43.370203
3.415057 43.369264
3.412673 43.367743
3.411843 43.367188
3.411329 43.366771
3.410960 43.366398
3.410515 43.365815
3.410193 43.365163
3.410035 43.364690
3.409919 43.364157
3.409796 43.363295
3.409755 43.362697
3.409768 43.361909
3.409794 43.361461
3.409841 43.361012
3.409910 43.360549
3.410003 43.360087
3.410123 43.359634
3.410302 43.359038
3.410495 43.358497
3.410727 43.357963
3.411066 43.357274
3.411257 43.356943
3.411446 43.356630
3.411675 43.356287
3.411927 43.355928
3.412190 43.355579
3.412593 43.355084
3.412880 43.354760
3.413170 43.354455
3.413527 43.354103
3.413992 43.353667
3.414477 43.353257
3.414921 43.352907
3.415107 43.352764
3.415525 43.352461
3.416918 43.351561
3.419982 43.349587
3.421391 43.348702
3.421808 43.348445
3.422634 43.347882
3.423007 43.347591
3.423325 43.347300
3.423551 43.347075
3.423889 43.346679
3.424183 43.346261
3.424320 43.346038
3.424443 43.345828
3.424534 43.345590
3.424709 43.345178
3.424858 43.344704
3.424933 43.344317
3.424960 43.344009
3.424965 43.343765
3.424954 43.343461
3.424917 43.343113
3.424826 43.342425
3.424727 43.341728
3.424522 43.340330
3.424117 43.337495
3.424056 43.336962
3.424009 43.336522
3.423976 43.336064
3.423960 43.335617
3.423960 43.335319
3.423964 43.334790
3.423981 43.334505
3.424011 43.334118
3.424067 43.333609
3.424139 43.333082
3.424236 43.332575
3.424350 43.332050
3.424997 43.329659
3.426093 43.325609
3.428476 43.317068
3.428530 43.316876
3.428883 43.315641
3.428932 43.315470
3.429273 43.314230
3.429372 43.313864
3.429534 43.313348
3.429541 43.313276
3.429696 43.312752
3.429934 43.312312
3.430399 43.311562
3.430658 43.311110
3.430895 43.310509
3.430970 43.310294
3.431002 43.310097
3.431116 43.309088
3.431170 43.308878
3.431249 43.308712
3.431321 43.308601
3.431461 43.308457
3.431605 43.308342
3.431767 43.308242
3.431935 43.308161
3.432097 43.308102
3.432300 43.308050
3.432552 43.308022
3.432768 43.308018
3.432939 43.308032
3.433131 43.308060
3.433440 43.308135
3.433711 43.308212
3.434252 43.308364
3.434519 43.308389
3.434785 43.308359
3.435020 43.308282
3.435293 43.308165
3.435607 43.308065
3.435883 43.307959
3.436250 43.307828
3.436599 43.307735
3.436894 43.307651
3.437330 43.307541
3.437897 43.307422
3.439344 43.307159
3.440071 43.307028
3.440791 43.306889
3.442947 43.306509
3.444112 43.306296
3.448282 43.305525
3.450653 43.305088
3.451244 43.304986
3.453045 43.304656
3.453821 43.304507
3.454474 43.304388
3.455043 43.304271
3.455421 43.304186
3.455700 43.304115
3.456082 43.304004
3.456284 43.303936
3.456577 43.303833
3.456976 43.303675
3.457431 43.303472
3.457870 43.303263
3.459041 43.302651
3.459464 43.302428
3.460017 43.302140
3.460668 43.301801
3.464046 43.300038
3.465343 43.299369
3.465758 43.299155
3.466292 43.298879
3.467171 43.298425
3.467575 43.298234
3.467764 43.298133
3.468158 43.297910
3.470278 43.296669
3.470372 43.296636
3.470452 43.296614
3.470518 43.296584
3.470565 43.296543
3.470620 43.296502
3.470619 43.296478
3.470645 43.296409
3.470694 43.296362
3.470736 43.296340
3.470803 43.296321
3.470865 43.296317
3.470944 43.296331
3.470987 43.296348
3.471044 43.296390
3.471065 43.296416
3.471081 43.296452
3.471086 43.296501
3.471050 43.296579
3.470982 43.296742
3.470979 43.296901
3.470909 43.297252
3.470810 43.297712
3.470699 43.298221
3.470669 43.298341
3.470480 43.299094
3.470455 43.299267
3.470456 43.299417
3.470500 43.299564
3.470572 43.299702
3.470677 43.299831
3.471021 43.300044
3.471175 43.300103
3.471336 43.300122
3.471471 43.300113
3.471568 43.300071
3.471620 43.300004
3.471627 43.299921
3.471561 43.299785
