4.977158 51.893773
4.978796 51.897869
4.979053 51.898507
4.980072 51.901108
4.982151 51.906370
4.982936 51.908357
4.984050 51.911046
4.984361 51.911693
4.984998 51.912859
4.985758 51.914160
4.987572 51.917211
4.990024 51.921332
4.991400 51.923644
4.994859 51.929442
4.995253 51.930090
4.995878 51.930999
4.996361 51.931683
4.996571 51.931949
4.997131 51.932606
4.997735 51.933276
4.998712 51.934277
4.999717 51.935249
4.999976 51.935492
5.000728 51.936253
5.000875 51.936401
5.006400 51.941829
5.006528 51.941954
5.010171 51.945622
5.012822 51.948249
5.013312 51.948735
5.013853 51.949242
5.014489 51.949781
5.015407 51.950454
5.016053 51.950910
5.016691 51.951288
5.017732 51.951883
5.018736 51.952382
5.019707 51.952806
5.020708 51.953184
5.022662 51.953796
5.023653 51.954049
5.024747 51.954314
5.026232 51.954605
5.027346 51.954797
5.028502 51.954974
5.029829 51.955124
5.030727 51.955209
5.031568 51.955272
5.032855 51.955368
5.034229 51.955436
5.035560 51.955473
5.036852 51.955485
5.037915 51.955496
5.038739 51.955505
5.046578 51.955511
5.054163 51.955464
5.055804 51.955453
5.061195 51.955443
5.063169 51.955463
5.064930 51.955540
5.066035 51.955608
5.068180 51.955839
5.069363 51.955982
5.070418 51.956158
5.072115 51.956490
5.073393 51.956783
5.074605 51.957125
5.076562 51.957753
5.078039 51.958286
5.080373 51.959286
5.081671 51.959907
5.082940 51.960572
5.084898 51.961696
5.086272 51.962544
5.089735 51.964920
5.090448 51.965446
5.091901 51.966558
5.095000 51.969028
5.095234 51.969230
5.095743 51.969566
5.096676 51.970288
5.097410 51.970822
5.097877 51.971124
5.098360 51.971402
5.098825 51.971612
5.099363 51.971830
5.100031 51.972038
5.100666 51.972190
5.102023 51.972461
5.102633 51.972566
5.103219 51.972659
5.103668 51.972763
5.104137 51.972928
5.104456 51.973071
5.104843 51.973294
5.105042 51.973449
5.105310 51.973709
5.105487 51.973942
5.105639 51.974193
5.105695 51.974448
5.105721 51.974774
5.105693 51.975021
5.105595 51.975335
5.105463 51.975588
5.105200 51.975902
5.104737 51.976268
5.104178 51.976580
5.103575 51.976863
5.103095 51.977060
5.102212 51.977435
5.101586 51.977740
5.101004 51.978064
5.100276 51.978535
5.099752 51.978878
5.098619 51.979622
5.097457 51.980353
5.096937 51.980571
5.096673 51.980734
5.096362 51.980921
5.095392 51.981477
5.094572 51.981923
5.093454 51.982517
5.090974 51.983837
5.087879 51.985485
5.087438 51.985718
5.086967 51.986001
5.086149 51.986462
5.085367 51.986966
5.084590 51.987596
5.083901 51.988241
5.083380 51.988829
5.082992 51.989348
5.081607 51.991394
5.079633 51.994603
5.079200 51.995317
5.076687 51.999873
5.075929 52.001449
5.075796 52.001716
5.075666 52.002015
5.074360 52.005476
5.073978 52.006312
5.073266 52.007684
5.073050 52.008063
5.069360 52.014513
5.069037 52.015168
5.068780 52.015705
5.068741 52.016063
5.068536 52.016224
5.068455 52.016319
5.068330 52.016511
5.068198 52.016733
5.068169 52.016773
5.067586 52.017528
5.067338 52.017813
5.066995 52.018316
5.066648 52.018986
5.066600 52.019083
5.066481 52.019325
5.065461 52.021414
5.064976 52.022370
5.064497 52.023487
5.064214 52.024407
5.064018 52.025336
5.063933 52.026082
5.063882 52.027626
5.063990 52.030386
5.064054 52.032777
5.064409 52.040574
5.064417 52.040937
5.064654 52.045847
5.064904 52.051828
5.065019 52.052676
5.065120 52.053147
5.065260 52.053631
5.065512 52.054393
5.065588 52.054547
5.066021 52.055599
5.067390 52.058887
5.067578 52.059318
5.068059 52.060471
5.069011 52.062976
5.069977 52.065207
5.070281 52.065932
5.072568 52.071597
5.073183 52.073211
5.074139 52.075593
5.074883 52.077331
5.075611 52.079632
5.075696 52.079937
5.075933 52.081135
5.076033 52.082120
5.076049 52.082642
5.076029 52.083354
5.076001 52.084007
5.075806 52.085466
5.075593 52.086492
5.075149 52.087939
5.074511 52.089335
5.073530 52.091026
5.072070 52.093015
5.070748 52.094722
5.069644 52.096146
5.068728 52.097315
5.067718 52.098662
5.067393 52.099026
5.066275 52.100352
5.065739 52.100943
5.065208 52.101461
5.064732 52.101905
5.064290 52.102318
5.063578 52.102941
5.062610 52.103754
5.061518 52.104603
5.060353 52.105447
5.058821 52.106513
5.057623 52.107278
5.055614 52.108499
5.053035 52.109841
5.051696 52.110481
5.051337 52.110640
5.050147 52.111167
5.048541 52.111845
5.045130 52.113226
5.034875 52.117349
5.031645 52.118664
5.030718 52.119062
5.029681 52.119573
5.029032 52.119921
5.028271 52.120346
5.027326 52.120916
5.025159 52.122226
5.022958 52.123559
5.017686 52.126742
5.016374 52.127666
5.015525 52.128218
5.014354 52.129055
5.013783 52.129503
5.012817 52.130354
5.011795 52.131369
5.011252 52.131985
5.010739 52.132607
5.008673 52.135522
5.005408 52.140249
5.004046 52.142223
5.003812 52.142563
5.001059 52.146573
4.998134 52.150801
4.994669 52.155777
4.990729 52.161369
4.990354 52.161899
4.989818 52.162657
4.989433 52.163297
4.989046 52.163975
4.988403 52.165384
4.988062 52.166317
4.987845 52.167233
4.987698 52.168340
4.987662 52.169594
4.987642 52.169945
4.987536 52.171666
4.987481 52.172164
4.986988 52.177948
4.986839 52.180354
4.986677 52.181474
4.986633 52.183062
4.986657 52.183666
4.986768 52.186122
4.986843 52.187481
4.986956 52.189607
4.987079 52.194216
4.986931 52.204688
4.986962 52.208633
4.987015 52.212546
4.987132 52.215830
4.987289 52.218530
4.987258 52.219468
4.987124 52.220425
4.986835 52.221765
4.986539 52.222731
4.986322 52.223318
4.985887 52.224077
4.985167 52.225387
4.984337 52.226475
4.983614 52.227349
4.981496 52.229546
4.980195 52.230987
4.978572 52.233089
4.978432 52.233305
4.977507 52.234738
4.975247 52.238809
4.975001 52.239253
4.973323 52.242315
4.970983 52.246569
4.970064 52.248520
4.968325 52.252951
4.966956 52.256574
4.966028 52.258952
4.965427 52.260453
4.965326 52.260662
4.965130 52.261097
4.963472 52.263881
4.962254 52.265753
4.961822 52.266570
4.959715 52.270784
4.958958 52.272250
4.957985 52.273932
4.956752 52.275761
4.955025 52.277928
4.954482 52.278601
4.953465 52.279899
4.952614 52.281263
4.952349 52.281706
4.952187 52.282131
4.952134 52.282477
4.952150 52.282785
4.952244 52.283205
4.952427 52.283633
4.952650 52.283907
4.952808 52.284127
4.952951 52.284372
4.953042 52.284665
4.952979 52.284963
4.952888 52.285176
4.952725 52.285391
4.952554 52.285559
4.952133 52.285805
4.951836 52.285923
4.951576 52.285998
4.951253 52.286056
4.950895 52.286085
4.949954 52.286081
4.949028 52.286074
4.947302 52.286038
4.945691 52.286006
4.944102 52.286008
4.942477 52.286009
4.940920 52.286050
4.938356 52.286130
4.935883 52.286230
4.935003 52.286269
4.933590 52.286343
4.930811 52.286530
4.925908 52.286937
4.923735 52.287193
4.921484 52.287444
4.918989 52.287804
4.916942 52.288106
4.915283 52.288395
4.910693 52.289292
4.907534 52.290006
4.905556 52.290488
4.902066 52.291421
4.899391 52.292214
4.898702 52.292427
4.895129 52.293581
4.892276 52.294458
4.891453 52.294683
4.890205 52.294976
4.889206 52.295277
4.888130 52.295560
4.887265 52.295797
4.886439 52.296043
4.885955 52.296206
4.885484 52.296397
4.885136 52.296557
4.884543 52.296884
4.884232 52.297082
4.883849 52.297377
4.883373 52.297849
4.883241 52.297952
4.883078 52.298053
4.882904 52.298137
4.882715 52.298210
4.882523 52.298271
4.881065 52.298647
4.880993 52.298666
4.880904 52.298689
4.880718 52.298737
4.880420 52.298725
4.880083 52.298274
4.879277 52.296957
4.878982 52.296466
4.878821 52.296228
4.878239 52.295145
4.878016 52.294725
4.877398 52.294872
4.875461 52.295312
4.875174 52.295380
4.874393 52.295566
4.873807 52.295680
4.873181 52.295756
4.872742 52.295805
4.872400 52.295833
4.871354 52.296032
4.869418 52.296469
4.869214 52.296515
4.869128 52.296528
4.868856 52.296600
4.868299 52.296740
4.867567 52.296915
4.867380 52.296954
4.866956 52.297013
4.866723 52.297085
4.866678 52.297099
4.866521 52.297170
4.866368 52.297253
4.866279 52.297360
4.866110 52.297329
4.866007 52.297311
4.865871 52.297313
4.865764 52.297314
4.865554 52.297355
4.865309 52.297416
4.863526 52.297812
4.862951 52.297936
4.862883 52.297944
4.862849 52.297930
4.862776 52.297802
4.862654 52.297599
4.862544 52.297417
4.862237 52.296920
4.862133 52.296943
4.862012 52.296993
4.861988 52.297020
4.861989 52.297089
4.862086 52.297328
4.862082 52.297401
4.861944 52.297488
