44.044396 36.193950
44.045356 36.194072
44.045924 36.194144
44.047283 36.194317
44.049486 36.194642
44.051480 36.194899
44.052803 36.195070
44.054466 36.195285
44.056769 36.195582
44.057764 36.195710
44.059745 36.195972
44.059991 36.196006
44.060121 36.196024
44.062126 36.196296
44.062866 36.196397
44.063231 36.196446
44.064126 36.196568
44.070348 36.197414
44.070871 36.197485
44.072283 36.197668
44.072781 36.197733
44.073271 36.197796
44.073759 36.197875
44.074538 36.198002
44.084584 36.199393
44.085563 36.199528
44.086345 36.199636
44.088453 36.199928
44.089900 36.200128
44.098495 36.201318
44.111992 36.203643
44.115447 36.204192
44.116267 36.204333
44.117152 36.204483
44.117568 36.204554
44.120379 36.205035
44.120923 36.205123
44.125674 36.205891
44.126239 36.205982
44.132035 36.206919
44.132209 36.206947
44.133208 36.207110
44.134874 36.207383
44.135975 36.207555
44.136730 36.207682
44.138557 36.207993
44.139760 36.208136
44.140354 36.208285
44.140869 36.208376
44.141421 36.208474
44.142039 36.208585
44.142678 36.208697
44.143220 36.208791
44.143784 36.208881
44.144402 36.208992
44.144960 36.209121
44.146720 36.209516
44.147103 36.209602
44.147422 36.209674
44.147545 36.209701
44.147961 36.209792
44.148205 36.209845
44.148644 36.209940
44.149732 36.210243
44.151505 36.210736
44.154360 36.211676
44.162348 36.214695
44.163738 36.215203
44.164659 36.215435
44.170816 36.216198
44.171891 36.216345
44.186017 36.218186
44.186635 36.218352
44.190910 36.220111
44.192506 36.220706
44.194042 36.221489
44.194532 36.221607
44.195470 36.221604
44.196669 36.221600
44.197304 36.221468
44.198008 36.221143
44.199132 36.220471
44.200832 36.219626
44.201690 36.219363
44.202600 36.219218
44.203570 36.219149
44.204419 36.219218
44.204994 36.219391
44.205844 36.219758
44.206934 36.220028
44.209235 36.220159
44.211063 36.220402
44.212050 36.220436
44.216118 36.219889
44.224092 36.218975
44.224718 36.219079
44.225783 36.219488
44.226984 36.219786
44.227989 36.219862
44.229147 36.219813
44.229817 36.219654
44.232246 36.218761
44.233181 36.218574
44.233979 36.218546
44.236949 36.219093
44.238520 36.219273
44.240297 36.219543
44.241146 36.219792
44.241782 36.220083
44.242751 36.220790
44.243893 36.221842
44.246828 36.225387
44.249661 36.229348
44.251034 36.231065
44.251961 36.232553
44.252476 36.233758
44.252776 36.234713
44.253223 36.237572
44.253515 36.238182
44.253892 36.238569
44.259454 36.241283
44.261806 36.242169
44.262218 36.242224
44.264303 36.242086
44.268483 36.241394
44.269093 36.241352
44.269685 36.241421
44.272852 36.242924
44.275633 36.243553
44.276002 36.243754
44.277942 36.245125
44.279307 36.246392
44.288405 36.256497
44.289666 36.257840
44.290181 36.258276
44.290739 36.258636
44.293194 36.259764
44.300591 36.263343
44.300888 36.263483
44.301107 36.263532
44.301412 36.263523
44.301894 36.263466
44.302769 36.263276
44.303640 36.262923
44.304081 36.262627
44.308102 36.260125
44.311724 36.257861
44.312433 36.257478
44.313221 36.257126
44.314479 36.256632
44.316344 36.256293
44.318969 36.255939
44.328222 36.255010
44.329423 36.254802
44.331741 36.253813
44.332882 36.252947
44.333706 36.251667
44.334530 36.249334
44.336393 36.243658
44.338350 36.238875
44.339397 36.236334
44.341259 36.234119
44.342633 36.232789
44.343173 36.232526
44.344487 36.231820
44.346220 36.230657
44.349250 36.228718
44.352898 36.226884
44.357352 36.224737
44.359730 36.223387
44.360829 36.222466
44.361429 36.221795
44.362648 36.219890
44.365335 36.215736
44.369008 36.210126
44.370528 36.207723
44.371025 36.206546
44.371326 36.205742
44.371472 36.204773
44.371369 36.203734
44.371197 36.202473
44.371128 36.201171
44.370982 36.199876
44.370639 36.193802
44.370751 36.192859
44.371056 36.192110
44.371860 36.190441
44.372351 36.189795
44.374133 36.187954
44.378914 36.183790
44.379723 36.183134
44.380176 36.182669
44.380654 36.182112
44.381068 36.181277
44.381325 36.180432
44.381864 36.177665
44.382165 36.177058
44.382556 36.176581
44.382977 36.176293
44.383373 36.176098
44.384045 36.175987
44.385342 36.176185
44.386131 36.176344
44.387059 36.176808
44.389693 36.178020
44.390013 36.178089
