50.804769 61.699790
50.802760 61.699610
50.803225 61.697595
50.803856 61.696386
50.804851 61.696456
50.805486 61.696462
50.805779 61.695422
50.805939 61.694787
50.806089 61.694191
50.807076 61.690061
50.807178 61.689600
50.807266 61.689198
50.807442 61.688403
50.807839 61.686997
50.808158 61.685641
50.808338 61.684737
50.808634 61.684726
50.809186 61.684708
50.809882 61.684685
50.809986 61.684681
50.810463 61.684662
50.813189 61.684578
50.814174 61.684540
50.815164 61.684511
50.816374 61.684511
50.816953 61.684566
50.817453 61.684628
50.817544 61.684640
50.818194 61.684720
50.818541 61.684744
50.818904 61.684727
50.819403 61.684697
50.819887 61.684642
50.821684 61.682784
50.822328 61.682111
50.822535 61.681907
50.823439 61.680994
50.824158 61.680303
50.824806 61.679694
50.824926 61.679581
50.825220 61.679057
50.825612 61.678692
50.825888 61.678524
50.826061 61.678418
50.826058 61.678327
50.826023 61.677274
50.825924 61.676751
50.827378 61.676847
50.830394 61.677046
50.830682 61.677061
50.831301 61.677079
50.831479 61.676936
50.831529 61.676863
50.831641 61.676552
50.832080 61.675335
50.832200 61.674991
50.832254 61.674795
50.832327 61.674525
50.832393 61.674285
50.832484 61.673952
50.832531 61.673782
50.832696 61.673181
50.832810 61.672764
50.833948 61.672856
50.834980 61.672939
50.835097 61.672642
50.835377 61.672666
50.835433 61.672507
50.835550 61.672134
50.835433 61.672507
50.835377 61.672666
50.835097 61.672642
50.834980 61.672939
50.835949 61.673017
50.836918 61.673095
50.837256 61.672324
50.837415 61.671963
50.837495 61.671780
50.837646 61.671436
50.837680 61.671357
50.837735 61.671284
50.837943 61.671007
50.839467 61.669624
50.839524 61.669572
50.839583 61.669522
50.841048 61.668275
50.841417 61.667960
50.841521 61.667896
50.841420 61.667857
50.840907 61.667641
50.840688 61.667548
50.839458 61.667030
50.838273 61.666538
50.837813 61.666353
50.837356 61.666178
50.836401 61.665812
50.835023 61.665284
50.832539 61.664378
50.832375 61.664316
50.832212 61.664256
50.829954 61.663415
50.829277 61.663158
50.829085 61.663077
50.828907 61.663002
50.826746 61.661806
50.826383 61.661547
50.826187 61.661358
50.825783 61.660458
50.825454 61.659777
50.825263 61.659410
50.825229 61.659345
50.825195 61.659236
50.825294 61.659222
50.828007 61.658880
50.828579 61.658805
50.829673 61.658661
50.831432 61.658429
50.832565 61.658281
50.831739 61.656922
50.831203 61.655890
50.830983 61.655467
50.830935 61.655375
50.830409 61.654318
50.829647 61.652817
50.829368 61.652267
50.829304 61.652131
50.829571 61.652099
50.829772 61.651894
50.829007 61.650406
50.829550 61.650324
50.830095 61.650239
50.831609 61.650006
50.831808 61.650018
50.832335 61.650044
50.832467 61.650063
50.832900 61.650101
50.833087 61.650102
50.833166 61.650077
50.833471 61.649404
50.833166 61.650077
50.833087 61.650102
50.832900 61.650101
50.832467 61.650063
50.832335 61.650044
50.831808 61.650018
50.831609 61.650006
50.830095 61.650239
50.830916 61.651830
50.830782 61.651805
50.830307 61.651856
50.829772 61.651894
50.829571 61.652099
50.829304 61.652131
50.829243 61.651997
50.829099 61.651704
50.828507 61.650494
50.828111 61.649676
50.827748 61.648981
50.827611 61.648717
50.827538 61.648576
50.827463 61.648446
50.827439 61.648402
50.827129 61.647860
50.827017 61.647678
50.826869 61.647483
50.826139 61.646754
50.825643 61.646305
50.824826 61.645668
50.823089 61.644694
50.822093 61.644136
50.821957 61.644056
50.818271 61.641869
50.818060 61.641743
50.817992 61.641697
50.817438 61.641322
50.817365 61.641270
50.816825 61.640849
50.816394 61.640481
50.815886 61.639987
50.815434 61.639570
50.814475 61.639903
50.812776 61.640486
50.811821 61.640776
50.809555 61.641482
50.809360 61.641543
50.809091 61.641630
50.808837 61.641711
50.808125 61.641951
50.804828 61.643063
50.804027 61.643410
50.803328 61.643812
50.802913 61.644070
50.802834 61.644119
50.802380 61.644456
50.802093 61.644713
50.801813 61.645037
50.801649 61.645226
50.801462 61.645553
50.800289 61.647605
50.799662 61.648702
50.799174 61.649556
50.799009 61.649845
50.798938 61.649970
50.798033 61.651553
50.797081 61.653253
50.796647 61.653974
50.796503 61.654221
50.796367 61.654440
50.796155 61.654786
50.795614 61.655654
50.794988 61.656484
50.793927 61.657515
50.793307 61.658102
50.793024 61.658380
50.792686 61.658703
50.792609 61.658777
50.792543 61.658841
50.792344 61.659029
50.791391 61.659934
50.791014 61.660432
50.790645 61.661030
50.789851 61.662388
50.789538 61.662985
50.789237 61.663546
50.788949 61.664209
50.789313 61.664238
50.790352 61.664337
50.790868 61.664386
50.791255 61.664423
50.791426 61.664439
50.793086 61.664609
50.795417 61.664840
50.796351 61.664942
50.797044 61.665017
50.798114 61.665146
50.799281 61.665290
50.802732 61.665705
50.802920 61.665728
50.803060 61.665745
50.804163 61.665886
50.805425 61.666034
50.809966 61.666609
50.811289 61.666776
50.811726 61.666858
50.812674 61.667036
50.812548 61.667168
50.812220 61.667521
50.812078 61.667789
50.811822 61.668474
50.811670 61.668843
50.811569 61.669089
50.811525 61.669208
50.811483 61.669321
50.810902 61.670907
50.810839 61.671080
50.810792 61.671202
50.810738 61.671344
50.810498 61.672100
50.810373 61.672499
50.809910 61.673980
50.809877 61.674087
50.809845 61.674187
50.809809 61.674302
50.809797 61.674340
50.809556 61.675096
50.809397 61.675596
50.809299 61.675902
50.809714 61.675954
50.809459 61.676744
