9.131122 48.829589
9.128307 48.829235
9.128195 48.829221
9.127635 48.829152
9.127501 48.829192
9.127647 48.829341
9.127843 48.829559
9.128027 48.829819
9.128074 48.829896
9.127872 48.829944
9.127808 48.829955
9.127751 48.829955
9.127650 48.829945
9.126890 48.829860
9.126791 48.829850
9.126279 48.829794
9.126082 48.829771
9.125492 48.829756
9.125173 48.829746
9.124861 48.829744
9.124682 48.829740
9.124604 48.829737
9.124515 48.829720
9.124442 48.829694
9.124389 48.829667
9.124338 48.829633
9.123514 48.829067
9.123142 48.828826
9.122772 48.828599
9.122660 48.828519
9.122582 48.828437
9.122503 48.828336
9.122434 48.828263
9.122374 48.828212
9.122284 48.828146
9.122059 48.828001
9.121811 48.827856
9.121208 48.827518
9.121083 48.827448
9.120938 48.827368
9.120884 48.827338
9.120713 48.827244
9.120310 48.827057
9.120165 48.827007
9.119977 48.826949
9.119358 48.826775
9.118950 48.826660
9.117841 48.826332
9.117752 48.826299
9.117676 48.826269
9.117301 48.826084
9.117158 48.826005
9.116990 48.825911
9.116831 48.825801
9.116730 48.825710
9.116661 48.825643
9.116608 48.825576
9.116574 48.825501
9.116551 48.825424
9.116604 48.824780
9.116604 48.824746
9.116599 48.824711
9.116591 48.824677
9.116539 48.824624
9.116481 48.824578
9.116418 48.824541
9.116353 48.824513
9.116224 48.824474
9.115968 48.824425
9.115526 48.824349
9.115437 48.824334
9.115315 48.824308
9.115219 48.824280
9.115136 48.824248
9.115084 48.824224
9.115013 48.824194
9.114944 48.824169
9.114873 48.824157
9.114808 48.824159
9.114750 48.824174
9.114686 48.824212
9.114616 48.824286
9.114568 48.824372
9.113574 48.824101
9.113143 48.823936
9.112692 48.823785
9.112377 48.823713
9.111688 48.823533
9.111161 48.823380
9.111102 48.823357
9.110905 48.823280
9.110677 48.823169
9.108550 48.822072
9.107981 48.821516
9.107868 48.821388
9.107746 48.821255
9.107544 48.821046
9.107335 48.820864
9.107135 48.820710
9.106567 48.820419
9.106453 48.820366
9.106413 48.820397
9.106360 48.820417
9.106294 48.820425
9.106205 48.820409
9.106133 48.820479
9.106114 48.820497
9.105530 48.820908
9.104578 48.821559
9.104267 48.821786
9.104224 48.821857
9.104071 48.822348
9.104035 48.822465
9.103983 48.822621
9.103921 48.822708
9.103835 48.822808
9.103705 48.822905
9.103600 48.822957
9.103379 48.823045
9.102888 48.823245
9.102660 48.823341
9.102313 48.823526
9.101935 48.823746
9.101531 48.823995
9.101374 48.824079
9.101096 48.824250
9.100934 48.824142
9.100805 48.824050
9.100595 48.823901
9.100549 48.823869
9.100418 48.823782
9.100399 48.823771
9.100288 48.823701
9.100196 48.823658
9.100129 48.823626
9.100034 48.823591
9.099974 48.823569
9.099839 48.823536
9.099779 48.823521
9.099594 48.823491
9.099372 48.823477
9.099270 48.823471
9.099014 48.823460
9.098603 48.823444
9.098155 48.823441
9.098095 48.823439
9.097894 48.823429
9.096637 48.823364
9.096181 48.823352
9.096002 48.823349
9.095990 48.823482
9.095903 48.824410
9.095855 48.825147
9.095842 48.825288
9.095827 48.825429
9.095765 48.826165
9.095724 48.826665
9.095707 48.826808
9.095697 48.826864
9.095679 48.827004
9.095649 48.827212
9.095621 48.827378
9.095588 48.827529
9.095532 48.827698
9.095469 48.827894
9.095400 48.828047
9.095241 48.828338
9.095178 48.828445
9.095129 48.828530
9.094715 48.829172
9.094539 48.829448
9.094412 48.829683
9.094342 48.829844
9.094267 48.830103
9.094248 48.830281
9.094247 48.830426
9.094247 48.830535
9.094262 48.830678
9.094325 48.830948
9.094422 48.831230
9.094477 48.831416
9.094678 48.831964
9.094987 48.832806
9.095012 48.832870
9.095106 48.833174
9.095152 48.833385
9.095164 48.833582
9.095141 48.833773
9.095102 48.833925
9.095038 48.834083
9.094968 48.834217
9.094882 48.834346
9.094738 48.834507
9.094128 48.835138
9.093899 48.835369
9.093692 48.835574
9.093064 48.836217
9.092910 48.836373
9.092765 48.836530
9.092635 48.836690
9.092525 48.836855
9.092469 48.836948
9.092410 48.837091
9.092088 48.838119
9.091603 48.839382
9.091578 48.839441
9.091399 48.839871
9.091311 48.840100
9.091234 48.840342
9.091102 48.840831
9.091032 48.841076
9.090953 48.841304
9.090798 48.841638
9.090597 48.841983
9.089970 48.842937
9.089358 48.843859
9.089046 48.844291
9.088723 48.844680
9.088536 48.844875
9.088499 48.844911
9.088464 48.844948
9.088530 48.844996
9.088561 48.845059
9.088551 48.845121
9.088513 48.845168
9.088444 48.845208
9.088356 48.845228
9.088277 48.845226
9.088197 48.845203
9.088126 48.845254
9.087476 48.845738
9.086626 48.846316
9.085791 48.846890
9.085658 48.847009
9.085499 48.847138
9.085216 48.847354
9.085183 48.847379
9.085036 48.847489
9.085018 48.847504
9.084365 48.847977
9.084154 48.848194
9.083954 48.848411
9.083753 48.848641
9.083560 48.848887
9.083424 48.849096
9.083295 48.849311
9.083195 48.849522
9.083105 48.849742
9.083001 48.850062
9.082951 48.850285
9.082923 48.850513
9.082903 48.850759
9.082899 48.850980
9.082901 48.851152
9.082906 48.851394
9.082933 48.851772
9.082947 48.851998
9.082964 48.852278
9.082971 48.852362
9.082846 48.852379
9.082711 48.852381
9.082567 48.852372
9.082362 48.852357
9.081994 48.852320
9.081091 48.852264
9.080655 48.852227
9.080292 48.852180
9.080017 48.852136
9.079766 48.852091
9.079571 48.852048
9.079291 48.851976
9.078463 48.851722
9.078189 48.851646
9.077931 48.851581
9.077668 48.851524
9.077438 48.851488
9.077213 48.851457
9.076543 48.851388
9.076279 48.851365
9.076096 48.851342
9.075886 48.851311
9.075622 48.851264
9.075435 48.851223
9.075221 48.851170
9.074912 48.851079
9.074743 48.851020
9.074476 48.850915
9.074186 48.850802
9.073920 48.850691
9.073735 48.850619
9.073490 48.850541
9.073178 48.850451
9.072950 48.850394
9.072577 48.850333
9.072221 48.850282
9.071986 48.850261
9.071731 48.850249
9.070949 48.850237
9.070850 48.850236
9.065107 48.850184
9.064852 48.850181
9.064590 48.850170
9.064345 48.850150
9.064126 48.850122
9.063903 48.850092
9.063618 48.850038
9.063356 48.849978
9.063076 48.849878
9.062615 48.849714
9.061491 48.849295
9.060864 48.849145
9.060752 48.849125
9.060545 48.849091
9.060365 48.849067
9.060042 48.849034
9.059835 48.849021
9.059669 48.849015
9.059478 48.849011
9.059039 48.849008
9.058614 48.848999
9.058253 48.848987
9.057872 48.848955
9.056004 48.848700
9.055111 48.848582
9.054270 48.848481
9.052159 48.848214
9.051815 48.848171
9.051558 48.848140
9.051381 48.848120
9.051129 48.848096
9.050851 48.848074
9.050576 48.848058
9.050263 48.848050
9.049999 48.848049
9.049473 48.848052
9.049028 48.848052
9.048789 48.848049
9.048552 48.848039
9.047994 48.847985
9.047439 48.847925
9.046566 48.847829
9.045684 48.847721
9.045031 48.847633
9.044489 48.847548
9.043949 48.847456
9.042096 48.847097
9.041596 48.847000
9.040964 48.846888
9.040322 48.846792
9.039818 48.846736
9.039314 48.846692
9.038772 48.846664
9.038233 48.846643
9.037864 48.846639
9.037820 48.846639
9.036274 48.846630
9.036107 48.846629
9.035968 48.846626
9.035830 48.846621
9.035693 48.846612
9.035554 48.846599
9.035356 48.846569
9.035158 48.846525
9.035005 48.846479
9.034839 48.846419
9.034642 48.846334
9.034446 48.846234
9.034195 48.846098
9.033931 48.845948
9.033886 48.845926
9.033853 48.845947
9.033815 48.845964
9.033772 48.845975
9.033727 48.845980
9.033681 48.845980
9.033636 48.845974
9.033611 48.845966
9.033594 48.845962
9.033556 48.845944
9.033524 48.845923
9.033499 48.845897
9.033482 48.845869
9.033474 48.845839
9.033474 48.845809
9.033477 48.845799
9.033484 48.845780
9.033502 48.845752
9.033528 48.845727
9.033561 48.845706
9.033600 48.845689
9.033642 48.845678
9.033688 48.845673
9.033719 48.845673
9.033734 48.845673
9.033779 48.845680
9.033821 48.845692
9.033859 48.845709
9.033891 48.845731
9.033916 48.845756
9.033922 48.845767
9.033933 48.845784
9.033941 48.845814
9.033940 48.845844
9.033931 48.845874
9.033912 48.845901
9.033886 48.845926
9.033853 48.845947
9.033815 48.845964
9.033772 48.845975
9.033727 48.845980
9.033681 48.845980
9.033636 48.845974
9.033611 48.845966
9.033594 48.845962
9.033556 48.845944
9.033524 48.845923
9.033499 48.845897
9.033482 48.845869
9.033474 48.845839
9.033474 48.845809
9.033477 48.845799
9.033484 48.845780
9.033502 48.845752
9.033528 48.845727
9.033561 48.845706
9.033600 48.845689
9.033642 48.845678
9.033688 48.845673
9.033719 48.845673
9.033734 48.845673
9.033779 48.845680
9.033821 48.845692
9.033859 48.845709
9.033891 48.845731
9.033916 48.845756
9.033922 48.845767
9.033933 48.845784
9.033941 48.845814
9.033940 48.845844
9.033931 48.845874
9.033912 48.845901
9.033886 48.845926
9.033853 48.845947
9.033815 48.845964
9.033772 48.845975
9.033727 48.845980
9.033681 48.845980
9.033636 48.845974
9.033611 48.845966
9.033594 48.845962
9.033556 48.845944
9.033524 48.845923
9.033499 48.845897
9.033482 48.845869
9.033474 48.845839
9.033474 48.845809
9.033477 48.845799
9.033484 48.845780
9.033502 48.845752
9.033528 48.845727
9.033561 48.845706
9.033600 48.845689
9.033642 48.845678
9.033688 48.845673
9.033719 48.845673
9.033734 48.845673
9.033779 48.845680
9.033821 48.845692
9.033859 48.845709
9.033891 48.845731
9.033916 48.845756
9.033922 48.845767
9.033933 48.845784
9.033941 48.845814
9.033940 48.845844
9.033931 48.845874
9.033912 48.845901
9.033886 48.845926
9.033853 48.845947
9.033815 48.845964
9.033772 48.845975
9.033727 48.845980
9.033681 48.845980
9.033636 48.845974
9.033611 48.845966
9.033584 48.846004
9.033556 48.846045
9.033465 48.846204
9.033433 48.846276
9.033407 48.846349
9.033387 48.846509
9.033388 48.846654
9.033452 48.847190
9.033481 48.847619
9.033469 48.847874
9.033437 48.848424
9.033426 48.848945
9.033379 48.849370
9.033311 48.849864
9.033237 48.850257
9.033219 48.850425
9.033229 48.850566
9.033272 48.850738
9.033375 48.850958
9.033811 48.851650
9.033902 48.851797
9.033952 48.851937
9.033973 48.852033
9.033967 48.852124
9.033945 48.852219
9.033894 48.852305
9.033820 48.852373
9.033722 48.852460
9.033343 48.852704
9.033161 48.852831
9.033108 48.852864
9.032863 48.853027
9.032323 48.853385
9.031733 48.853692
9.031119 48.853952
9.030960 48.854037
9.030782 48.854161
9.030589 48.854335
9.030437 48.854507
9.029792 48.855321
9.029038 48.856312
9.028522 48.856971
9.028097 48.857498
9.028008 48.857658
9.027964 48.857828
9.027954 48.857984
9.027980 48.858191
9.028078 48.858416
9.028152 48.858605
9.028210 48.858734
9.028377 48.859080
9.028404 48.859132
9.029254 48.860565
9.029374 48.860800
9.029424 48.860901
9.029481 48.860991
9.029561 48.861160
9.029819 48.861744
9.030231 48.862649
9.030465 48.863142
9.030594 48.863383
9.030746 48.863647
9.030846 48.863857
9.030859 48.863925
9.030863 48.864112
9.030831 48.864139
9.030787 48.864175
9.030701 48.864147
9.030636 48.864134
9.030571 48.864128
9.030076 48.864133
9.028563 48.864148
9.028341 48.864147
9.027825 48.864134
9.027184 48.864099
9.026940 48.864076
9.026783 48.864062
9.026680 48.864040
9.026548 48.864004
9.026511 48.864042
9.026429 48.864086
9.026306 48.864101
9.026062 48.864129
9.025404 48.864208
9.024827 48.864270
9.024239 48.864325
9.023973 48.864362
9.023717 48.864401
9.023238 48.864479
9.022391 48.864616
9.022166 48.864653
9.020883 48.864867
9.020808 48.864880
9.018531 48.865217
9.016543 48.865483
9.016385 48.865501
9.016212 48.865524
9.016014 48.865545
9.015906 48.865554
9.015819 48.865560
9.015042 48.865606
9.014075 48.865660
9.013997 48.865663
9.013791 48.865667
9.013587 48.865666
9.013181 48.865659
9.011638 48.865630
9.011478 48.865622
9.011354 48.865614
9.011236 48.865605
9.011161 48.865595
9.010588 48.865496
9.010005 48.865386
9.009437 48.865276
9.005991 48.864573
9.005770 48.864533
9.005546 48.864497
9.005326 48.864472
9.005101 48.864451
9.004136 48.864368
9.004051 48.864362
9.003976 48.864354
9.003203 48.864280
9.001189 48.864088
9.000711 48.864037
9.000116 48.863968
8.999064 48.863835
8.998828 48.863810
8.998682 48.863801
8.998435 48.863788
8.997112 48.863787
8.996798 48.863795
8.995707 48.863796
8.994303 48.863812
8.993670 48.863823
8.993422 48.863827
8.992805 48.863851
8.992249 48.863896
8.991225 48.863998
8.990603 48.864063
8.989982 48.864129
8.989738 48.864162
8.989608 48.864187
8.989618 48.864220
8.989618 48.864254
8.989608 48.864288
8.989588 48.864320
8.989560 48.864348
8.989523 48.864372
8.989480 48.864391
8.989432 48.864405
8.989381 48.864411
8.989329 48.864411
8.989278 48.864405
8.989229 48.864392
8.989192 48.864375
8.989158 48.864404
8.989065 48.864458
8.988907 48.864550
8.988800 48.864598
8.988689 48.864636
8.988607 48.864657
8.985693 48.865196
8.985676 48.865200
8.983039 48.865635
8.982847 48.865664
8.982670 48.865683
8.982418 48.865702
8.982170 48.865706
8.980731 48.865695
8.980297 48.865694
8.980192 48.865695
8.977241 48.865704
8.976864 48.865696
8.976003 48.865677
8.975528 48.865699
8.975152 48.865755
8.974748 48.865852
8.973456 48.866220
8.973152 48.866313
8.972912 48.866415
8.972706 48.866517
8.972555 48.866615
8.971959 48.867063
8.971752 48.867214
8.971612 48.867288
8.971457 48.867347
8.971293 48.867389
8.971019 48.867439
8.970739 48.867466
8.970370 48.867496
8.970001 48.867512
8.969304 48.867551
8.969047 48.867565
8.968716 48.867605
8.968488 48.867659
8.968299 48.867737
8.968191 48.867800
8.968087 48.867871
8.967944 48.867984
8.967846 48.868120
8.967765 48.868266
8.967716 48.868520
8.967711 48.868547
8.967705 48.868577
8.967565 48.869300
8.967427 48.869639
8.967378 48.869760
8.967002 48.870596
8.966891 48.870824
8.966629 48.871381
8.966440 48.871786
8.966354 48.871918
8.966245 48.872115
8.965981 48.872448
8.965784 48.872604
8.965635 48.872697
8.965483 48.872791
8.965472 48.872798
8.965384 48.872852
8.965173 48.872979
8.964872 48.873161
8.964802 48.873214
8.964752 48.873261
8.964708 48.873312
8.964651 48.873388
8.964597 48.873475
8.964566 48.873546
8.964532 48.873634
8.964453 48.873847
8.964430 48.873912
8.964411 48.873973
8.964392 48.874045
8.964372 48.874112
8.964350 48.874176
8.964319 48.874243
8.964165 48.874487
8.964084 48.874628
8.964061 48.874677
8.964033 48.874750
8.964009 48.874838
8.963987 48.874924
8.963944 48.875068
8.963918 48.875138
8.963807 48.875350
8.963546 48.875784
8.963515 48.875841
8.963501 48.875895
8.963490 48.875988
8.963494 48.876055
8.963502 48.876102
8.963518 48.876148
8.963544 48.876207
8.963576 48.876264
8.963653 48.876369
8.963973 48.876753
8.964099 48.876948
8.964207 48.877118
8.964286 48.877251
8.964455 48.877503
8.964524 48.877606
8.964569 48.877668
8.964616 48.877730
8.964656 48.877780
8.964697 48.877825
8.964767 48.877893
8.964839 48.877950
8.964882 48.877986
8.964933 48.878026
8.964986 48.878066
8.965205 48.878232
8.965238 48.878263
8.965257 48.878290
8.965270 48.878333
8.965274 48.878380
8.965268 48.878422
8.965261 48.878459
8.965212 48.878586
8.965155 48.878720
8.965086 48.878883
8.965078 48.878900
8.965034 48.878998
8.964882 48.879357
8.964732 48.879739
8.965164 48.879810
8.965342 48.879833
8.965537 48.879831
8.965718 48.879827
8.965872 48.879825
8.966219 48.879820
8.966224 48.879837
8.966237 48.879860
8.966254 48.879878
8.966280 48.879899
8.966288 48.879904
8.966304 48.879912
8.966337 48.879927
8.966367 48.879937
8.966577 48.879978
8.966668 48.880002
8.966753 48.880024
8.966824 48.880049
8.966886 48.880072
8.967052 48.880146
8.967268 48.880265
8.967494 48.880413
8.967628 48.880484
8.967688 48.880510
8.967744 48.880523
8.968494 48.880552
8.969450 48.880579
