39.200550 51.727027
39.201458 51.727033
39.201447 51.726351
39.201428 51.726141
39.201409 51.726001
39.201339 51.725999
39.201243 51.725992
39.201145 51.725992
39.200562 51.725969
39.199380 51.725926
39.198949 51.725900
39.198687 51.725935
39.198496 51.725970
39.198341 51.726040
39.198205 51.726128
39.198114 51.726229
39.197994 51.726338
39.197760 51.726527
39.197477 51.726702
39.197183 51.726828
39.197031 51.726887
39.196843 51.726918
39.195279 51.726853
39.195023 51.726839
39.194566 51.726823
39.191631 51.726700
39.191258 51.726684
39.188900 51.726586
39.187809 51.726540
39.181154 51.726261
39.181081 51.726258
39.180508 51.726238
39.180040 51.726240
39.179585 51.726253
39.179385 51.726299
39.179277 51.726341
39.179185 51.726443
39.179095 51.726626
39.179033 51.727498
39.179015 51.727750
39.179017 51.727928
39.179026 51.728570
39.179102 51.729229
39.179156 51.729694
39.179174 51.729852
39.179277 51.730539
39.179474 51.731188
39.179705 51.731858
39.179818 51.732151
39.179863 51.732266
39.180063 51.732780
39.179880 51.732904
39.179762 51.732938
39.179588 51.732941
39.179443 51.732877
39.179366 51.732693
39.179060 51.731705
39.178943 51.731339
39.178755 51.730753
39.178588 51.729900
39.178427 51.728576
39.178421 51.728431
39.178400 51.728131
39.178397 51.728071
39.178378 51.727722
39.178500 51.726616
39.178933 51.723229
39.178936 51.723185
39.179138 51.721881
39.179192 51.721428
39.179298 51.720111
39.179234 51.719874
39.179211 51.719846
39.179181 51.719820
39.179130 51.719791
39.179072 51.719770
39.179009 51.719757
39.178940 51.719748
39.178798 51.719749
39.178763 51.719765
39.178721 51.719772
39.178678 51.719772
39.178637 51.719762
39.178608 51.719748
39.178586 51.719730
39.178573 51.719709
39.178570 51.719686
39.177978 51.719646
39.176707 51.719588
39.176256 51.719355
39.175996 51.719162
39.174923 51.718446
39.174142 51.717899
39.174105 51.717873
39.174018 51.717812
39.173676 51.717888
39.173504 51.717905
39.173407 51.717912
39.173263 51.717916
39.173263 51.717976
39.173262 51.718061
39.173260 51.718145
39.173258 51.718214
39.173256 51.718440
39.173725 51.718453
39.173719 51.718599
39.173254 51.718586
39.173256 51.718490
39.173256 51.718440
39.173258 51.718214
39.173260 51.718145
39.173262 51.718061
39.173263 51.717976
39.173263 51.717916
39.172955 51.717917
39.172774 51.717910
39.172376 51.717856
39.172303 51.717836
39.171896 51.717725
39.171685 51.717644
39.171385 51.717440
39.171325 51.717399
39.171054 51.717150
39.170969 51.717033
39.170921 51.716931
39.170909 51.716749
39.170917 51.716657
39.171011 51.716397
39.171072 51.716277
39.171197 51.716094
39.171358 51.715928
39.171542 51.715778
39.171830 51.715643
39.172119 51.715544
39.172463 51.715452
39.172657 51.715418
39.173047 51.715360
39.173328 51.715368
39.173508 51.715384
39.173715 51.715419
39.173974 51.715464
39.174335 51.715596
39.174626 51.715744
39.174828 51.715926
39.174992 51.716132
39.175115 51.716383
39.175202 51.716693
39.175199 51.716759
39.175173 51.716914
39.175105 51.717068
39.174997 51.717269
39.174980 51.717283
39.174732 51.717494
39.174672 51.717535
39.174440 51.717638
39.174319 51.717688
39.174018 51.717812
39.174105 51.717873
39.174142 51.717899
39.174923 51.718446
39.174209 51.718433
39.174074 51.718987
39.173980 51.719089
39.173976 51.719124
39.173938 51.719225
