12.412740 52.718974
12.412840 52.718940
12.413620 52.718657
12.414275 52.718420
12.415846 52.717630
12.416910 52.716893
12.418466 52.715721
12.420234 52.714760
12.423690 52.712687
12.423957 52.712513
12.424316 52.712386
12.424457 52.712374
12.424481 52.712197
12.424432 52.711913
12.424421 52.711595
12.424539 52.711042
12.424700 52.710444
12.424893 52.709846
12.424700 52.710444
12.424539 52.711042
12.424421 52.711595
12.424432 52.711913
12.424481 52.712197
12.424457 52.712374
12.424571 52.712404
12.424733 52.712541
12.424855 52.712734
12.425034 52.712899
12.425268 52.712986
12.426772 52.713296
12.430398 52.715160
12.430832 52.715278
12.431369 52.715312
12.433460 52.715361
12.435082 52.715481
12.435672 52.715551
12.435882 52.715700
12.435821 52.716042
12.441418 52.716448
12.441819 52.716410
12.442089 52.716369
12.442614 52.716254
12.443165 52.716217
12.446868 52.715931
12.447378 52.715875
12.447905 52.715870
12.454212 52.716183
12.454450 52.716136
12.453676 52.714906
12.451502 52.711703
12.449313 52.708648
12.446995 52.705554
12.445901 52.704058
12.445750 52.703887
12.447170 52.703598
12.447955 52.703449
12.450239 52.703131
12.451457 52.702921
12.451951 52.702841
12.454816 52.702341
12.455094 52.702310
12.455173 52.702204
12.455170 52.702109
12.454935 52.701511
12.454723 52.700694
12.454575 52.700212
12.454306 52.700167
12.454226 52.699835
12.453797 52.698860
12.453416 52.698060
12.453196 52.697628
12.453062 52.697342
12.453132 52.697251
12.453083 52.696776
12.453287 52.696493
12.453679 52.696304
12.453840 52.696129
12.453985 52.695931
12.453625 52.695685
12.453403 52.695386
12.452677 52.694280
12.453058 52.693805
12.453303 52.693477
12.453410 52.693343
12.455305 52.690924
12.453888 52.690527
12.451733 52.688925
12.451474 52.688821
12.451055 52.688683
12.450719 52.688611
12.447329 52.688224
12.447177 52.687823
12.446765 52.687297
12.446234 52.686892
12.445615 52.686437
12.445304 52.686165
12.444572 52.685643
12.444223 52.685501
12.443664 52.685372
12.442950 52.685259
12.442590 52.685145
12.442306 52.685045
12.441984 52.684781
12.441767 52.684588
12.441636 52.684430
12.441727 52.684310
12.441931 52.684170
12.442081 52.684079
12.442344 52.683942
12.442859 52.683643
12.443481 52.683263
12.444119 52.682889
12.444414 52.682622
12.444634 52.682388
12.444828 52.682176
12.444983 52.682011
12.445294 52.681542
12.445497 52.681257
12.446694 52.680196
12.447283 52.679377
12.447631 52.679166
12.447858 52.678863
12.447782 52.678441
12.446874 52.676817
12.447071 52.676064
12.447059 52.675701
12.446780 52.675213
12.446694 52.674712
12.446678 52.670907
12.447681 52.668141
12.448024 52.667576
12.448509 52.666429
12.448636 52.666014
12.448636 52.665506
12.450446 52.661968
12.450807 52.661290
12.451281 52.660401
12.451441 52.660182
12.451595 52.659844
12.451771 52.659407
12.451876 52.658677
12.451953 52.658379
12.451947 52.658323
12.451954 52.658178
12.451975 52.657614
12.451932 52.657493
12.451759 52.657419
12.451528 52.657358
12.451144 52.657308
12.450438 52.657277
12.449790 52.657216
12.449374 52.657107
12.448640 52.656820
12.448280 52.656669
12.447633 52.656373
12.447249 52.656223
12.446990 52.656066
12.446747 52.655784
12.446660 52.655657
12.444099 52.654026
12.444241 52.653931
12.445038 52.653400
12.445204 52.653275
12.445337 52.653125
12.445470 52.653009
12.445814 52.652645
12.446715 52.651734
12.447863 52.650569
12.448337 52.650077
12.448786 52.649525
12.451016 52.644114
12.451813 52.642171
12.451984 52.640344
12.452096 52.639904
12.453623 52.636157
12.455283 52.632931
12.455337 52.632838
12.455626 52.632194
12.455882 52.631622
12.455942 52.631494
12.456039 52.631050
12.456071 52.630895
12.456139 52.630567
12.456233 52.630433
12.456370 52.630310
12.456783 52.629925
12.457271 52.629466
12.457417 52.629291
12.457634 52.629023
12.457784 52.628831
12.457983 52.628611
12.458564 52.628047
12.458878 52.627752
12.459034 52.627624
12.459288 52.627416
12.459905 52.626909
12.459637 52.626874
12.458994 52.626811
12.456446 52.626684
12.455334 52.626531
12.454147 52.626234
12.453253 52.625896
12.452308 52.625439
12.451312 52.624917
12.449343 52.623914
12.442733 52.620518
12.435432 52.617550
12.433721 52.616665
12.433186 52.616341
12.432680 52.615981
12.432054 52.615346
12.431103 52.614266
12.430411 52.613742
12.429394 52.613179
12.428056 52.612655
12.423308 52.611155
12.420175 52.610129
12.418710 52.609650
12.418147 52.609485
12.417544 52.609358
12.417224 52.609294
12.416248 52.609211
12.414279 52.609181
12.413225 52.609152
12.412238 52.609080
12.412071 52.609049
12.411237 52.608892
12.410038 52.608553
12.408695 52.608173
12.407135 52.607661
12.404967 52.606778
12.403617 52.606223
12.402318 52.605924
12.398608 52.605347
12.398362 52.605309
12.398290 52.605298
12.398157 52.605277
12.397949 52.605245
12.394310 52.604655
12.393715 52.604579
12.393047 52.604548
12.392663 52.604541
12.391979 52.604617
12.388478 52.605172
12.387834 52.605284
12.386571 52.605486
12.386001 52.605589
12.385623 52.605629
12.383983 52.605757
12.380896 52.605936
12.380005 52.605994
12.379478 52.606028
12.379190 52.606025
12.378300 52.605986
12.373702 52.605613
12.373604 52.605597
12.372745 52.605504
12.371574 52.605384
12.370714 52.605221
12.370449 52.605148
12.369884 52.605004
12.369155 52.604747
12.368444 52.604444
12.367626 52.604003
12.367223 52.603714
12.366931 52.603485
12.366834 52.603406
12.366751 52.603433
12.366650 52.603433
12.366534 52.603407
12.366471 52.603356
12.366439 52.603287
12.366459 52.603230
12.366494 52.603196
12.366550 52.603155
12.366485 52.603100
12.366381 52.602992
12.366008 52.602529
12.365639 52.601797
12.365281 52.601152
12.365152 52.600993
12.365031 52.600859
12.364791 52.600646
12.364551 52.600462
12.364245 52.600268
12.363873 52.600075
12.363539 52.599929
12.363181 52.599805
12.362820 52.599699
12.362425 52.599609
12.362051 52.599545
12.361615 52.599496
12.360750 52.599481
12.359898 52.599509
12.359123 52.599497
12.358027 52.599425
12.357009 52.599239
12.354319 52.598672
12.353526 52.598558
12.353553 52.598284
12.353428 52.597903
12.352993 52.597659
12.352294 52.597310
12.351992 52.597076
12.351671 52.596717
12.351106 52.596053
12.349953 52.594707
12.349364 52.593983
12.348924 52.593543
12.348564 52.593312
12.347948 52.593002
12.347237 52.592724
12.347109 52.592684
12.346516 52.592520
12.346190 52.592432
12.346015 52.592372
12.343365 52.591594
12.342753 52.591294
12.342239 52.591221
12.342372 52.590813
12.343511 52.588848
