-9.130938 38.708549
-9.129725 38.709104
-9.129084 38.709470
-9.128558 38.709827
-9.128122 38.710149
-9.127587 38.710546
-9.127173 38.710815
-9.127098 38.710864
-9.125266 38.711668
-9.125091 38.711746
-9.124963 38.711804
-9.124133 38.712202
-9.123886 38.712333
-9.123452 38.712648
-9.123007 38.713047
-9.122537 38.713509
-9.122143 38.713867
-9.121747 38.714224
-9.121548 38.714404
-9.121359 38.714572
-9.121115 38.714792
-9.118567 38.717133
-9.118104 38.717607
-9.117762 38.717920
-9.117145 38.718488
-9.116711 38.718929
-9.116378 38.719286
-9.116233 38.719465
-9.116071 38.719659
-9.114783 38.721130
-9.113876 38.722167
-9.113245 38.722892
-9.111683 38.724678
-9.111582 38.724800
-9.111434 38.724980
-9.111166 38.725287
-9.110320 38.726280
-9.109944 38.726661
-9.109811 38.726781
-9.107893 38.728234
-9.107013 38.729068
-9.106488 38.729708
-9.105993 38.730368
-9.105030 38.731725
-9.104614 38.732494
-9.104458 38.732825
-9.104384 38.733011
-9.104210 38.733508
-9.103605 38.735696
-9.103587 38.735773
-9.103564 38.735876
-9.103408 38.736384
-9.103171 38.737072
-9.103081 38.737302
-9.102885 38.737752
-9.102680 38.738210
-9.102378 38.738769
-9.101384 38.740402
-9.101013 38.741000
-9.100888 38.741205
-9.100641 38.741527
-9.100291 38.741933
-9.100127 38.742093
-9.099967 38.742230
-9.099815 38.742340
-9.099632 38.742443
-9.099189 38.742680
-9.098749 38.742950
-9.098646 38.743092
-9.098475 38.743193
-9.098199 38.743547
-9.098241 38.743688
-9.098367 38.743817
-9.099115 38.744037
-9.099295 38.744033
-9.099441 38.743960
-9.099535 38.743831
-9.099669 38.743800
-9.101248 38.744258
-9.101440 38.744313
-9.101735 38.744399
-9.102879 38.744729
-9.103208 38.744886
-9.103486 38.745088
-9.103800 38.745345
-9.104030 38.745567
-9.104294 38.745911
-9.104448 38.746228
-9.104669 38.746797
-9.104783 38.747094
-9.104971 38.747744
-9.105066 38.748385
-9.105042 38.749070
-9.104993 38.749383
-9.104932 38.749613
-9.104914 38.749785
-9.104891 38.749803
-9.104832 38.749871
-9.104808 38.749923
-9.104801 38.750031
-9.104818 38.750084
-9.104673 38.750223
-9.104653 38.750256
-9.104498 38.750520
-9.104292 38.750973
-9.104027 38.751590
-9.103248 38.753265
-9.103139 38.753513
-9.102991 38.753794
-9.102906 38.754171
-9.102878 38.754513
-9.102875 38.754806
-9.102924 38.755378
-9.102949 38.755484
-9.102964 38.755669
-9.102972 38.755765
-9.102992 38.756014
-9.103136 38.757413
-9.103229 38.757774
-9.103279 38.758384
-9.103415 38.759747
-9.103484 38.760303
-9.103471 38.760800
-9.103518 38.761239
-9.103644 38.762546
-9.103685 38.762906
-9.103692 38.762974
-9.103801 38.764140
-9.103955 38.765051
-9.103975 38.765363
-9.104067 38.765887
-9.104177 38.766885
-9.104261 38.767736
-9.104365 38.768576
-9.104449 38.769492
-9.104536 38.770394
-9.104541 38.770797
-9.104766 38.773055
-9.104903 38.773497
-9.105138 38.773978
-9.105350 38.774461
-9.105390 38.774659
-9.105429 38.774914
-9.105400 38.776494
-9.105378 38.777632
-9.105294 38.778516
-9.105138 38.779675
-9.105101 38.780153
-9.105109 38.780624
-9.105184 38.781010
-9.105201 38.781096
-9.105196 38.781599
-9.104950 38.782493
-9.104974 38.782704
-9.105055 38.782886
-9.105187 38.783053
-9.105353 38.783185
-9.106027 38.783597
-9.106378 38.783854
-9.106610 38.784115
-9.106790 38.784470
-9.106808 38.784911
-9.106670 38.785252
-9.106390 38.785545
-9.106066 38.785743
-9.105722 38.785825
-9.104786 38.785947
-9.103651 38.786116
-9.101076 38.786328
-9.097918 38.786627
-9.096062 38.786643
-9.094726 38.786542
-9.092948 38.786346
-9.091686 38.786188
-9.089465 38.785987
-9.087827 38.785803
-9.085635 38.785596
-9.083623 38.785369
-9.081217 38.785095
-9.079501 38.784858
-9.077919 38.784532
-9.076474 38.784182
-9.074931 38.783705
-9.073235 38.783133
-9.071936 38.782598
-9.070624 38.781981
-9.069123 38.781199
-9.067638 38.780309
-9.065364 38.778721
-9.059168 38.774116
-9.053111 38.769596
-9.051848 38.768642
-9.047315 38.765226
-9.041150 38.760664
-9.035206 38.756186
-9.029097 38.751626
-9.023007 38.747098
-9.016909 38.742609
-9.011316 38.738428
-9.008006 38.736043
-9.005112 38.734232
-9.001682 38.732387
-8.997142 38.730303
-8.991124 38.727730
-8.990395 38.727449
-8.988793 38.726902
-8.988174 38.726702
-8.986981 38.726369
-8.985945 38.726145
-8.985113 38.725977
-8.984001 38.725795
-8.983029 38.725670
-8.980190 38.725408
-8.977463 38.725223
-8.976583 38.725114
-8.975640 38.724969
-8.974185 38.724699
-8.973068 38.724413
-8.972427 38.724245
-8.966210 38.722222
-8.964331 38.721622
-8.960937 38.720338
-8.958736 38.719506
-8.958236 38.719358
-8.956536 38.718912
-8.953623 38.718148
-8.951359 38.717585
-8.949193 38.717216
-8.945434 38.716767
-8.944696 38.716573
-8.944130 38.716285
-8.943633 38.715900
-8.942950 38.715083
-8.942396 38.714591
-8.941433 38.713767
-8.940800 38.712910
-8.940116 38.712091
-8.939599 38.711264
-8.939403 38.710575
-8.939289 38.709754
-8.939272 38.708830
-8.939419 38.707883
-8.939753 38.706587
-8.940182 38.704826
-8.940468 38.703704
-8.940819 38.702862
-8.940967 38.702663
-8.941171 38.702479
-8.941381 38.702335
-8.941581 38.702230
-8.941780 38.702154
-8.942061 38.702082
-8.942390 38.702036
-8.943331 38.702058
-8.944016 38.702105
-8.944172 38.702152
-8.944211 38.702227
-8.944275 38.702292
-8.944342 38.702333
-8.944480 38.702375
-8.944591 38.702378
-8.944691 38.702359
-8.944815 38.702298
-8.944876 38.702242
-8.944936 38.702117
-8.944929 38.702007
-8.944870 38.701902
-8.944804 38.701845
-8.944712 38.701798
-8.944673 38.701741
-8.944625 38.701664
-8.944599 38.701584
-8.944588 38.701490
-8.944559 38.700427
-8.944539 38.699705
-8.944552 38.699240
-8.944610 38.698773
-8.944713 38.698149
-8.944733 38.698090
-8.944767 38.698025
-8.944805 38.697970
-8.944864 38.697912
-8.944920 38.697854
-8.944998 38.697776
-8.945067 38.697723
-8.945111 38.697645
-8.945115 38.697569
-8.945095 38.697513
-8.945039 38.697448
-8.944983 38.697413
-8.944893 38.697387
-8.944841 38.697383
-8.944747 38.697396
-8.944583 38.697399
-8.944496 38.697389
-8.944362 38.697357
-8.943981 38.697186
-8.943079 38.696810
-8.942924 38.696720
-8.942903 38.696692
-8.942814 38.696575
-8.942716 38.696408
-8.942725 38.696345
-8.942744 38.696307
-8.942801 38.696274
-8.943539 38.696013
