-82.190954 26.512349
-82.190306 26.509762
-82.190147 26.509127
-82.190050 26.508742
-82.189976 26.508430
-82.189633 26.506978
-82.189596 26.506819
-82.189529 26.506532
-82.189503 26.506419
-82.189274 26.505458
-82.189124 26.504810
-82.189088 26.504678
-82.189021 26.504435
-82.188949 26.504350
-82.188873 26.504324
-82.188638 26.504312
-82.188006 26.504314
-82.187912 26.504295
-82.187841 26.504253
-82.187797 26.504197
-82.187756 26.504108
-82.187686 26.503730
-82.187674 26.503670
-82.187629 26.503384
-82.187241 26.501761
-82.187070 26.501084
-82.186865 26.500225
-82.186790 26.499841
-82.186758 26.499486
-82.186737 26.499020
-82.186683 26.498742
-82.186403 26.497526
-82.186350 26.497297
-82.186189 26.496624
-82.186109 26.496255
-82.186066 26.496087
-82.186039 26.495971
-82.185964 26.495698
-82.185921 26.495515
-82.185669 26.494502
-82.185524 26.493830
-82.185385 26.493201
-82.185321 26.492952
-82.185117 26.492164
-82.184779 26.490681
-82.184467 26.489428
-82.184177 26.488035
-82.184106 26.487738
-82.183932 26.487011
-82.183649 26.485826
-82.183458 26.485041
-82.183420 26.484833
-82.183411 26.484754
-82.183403 26.484597
-82.183482 26.483763
-82.183483 26.483674
-82.183476 26.483585
-82.183465 26.483517
-82.183410 26.483366
-82.183348 26.483263
-82.183303 26.483207
-82.183197 26.483105
-82.183136 26.483059
-82.183071 26.483019
-82.183002 26.482983
-82.182957 26.482966
-82.182417 26.482752
-82.182264 26.482692
-82.181597 26.482429
-82.181364 26.482318
-82.181290 26.482266
-82.181221 26.482208
-82.181159 26.482145
-82.181104 26.482077
-82.181051 26.481990
-82.180953 26.481779
-82.180911 26.481672
-82.180800 26.481355
-82.180772 26.481250
-82.180741 26.481080
-82.180732 26.480984
-82.180702 26.480373
-82.180688 26.480017
-82.180668 26.479897
-82.180639 26.479779
-82.180616 26.479704
-82.180557 26.479558
-82.180484 26.479418
-82.180396 26.479284
-82.180346 26.479224
-82.180238 26.479109
-82.180118 26.479003
-82.179989 26.478908
-82.179850 26.478823
-82.179704 26.478750
-82.176561 26.477554
-82.176233 26.477413
-82.175645 26.477141
-82.175164 26.476870
-82.174734 26.476618
-82.174100 26.476248
-82.173659 26.476030
-82.173096 26.475777
-82.172179 26.475372
-82.172110 26.475341
-82.170515 26.474632
-82.169186 26.474010
-82.164712 26.471875
-82.164426 26.471739
-82.163922 26.471498
-82.163563 26.471343
-82.163198 26.471202
-82.163013 26.471136
-82.161767 26.470757
-82.161347 26.470645
-82.160921 26.470549
-82.160589 26.470501
-82.160275 26.470464
-82.159884 26.470395
-82.159560 26.470324
-82.159264 26.470248
-82.157934 26.469869
-82.157672 26.469789
-82.157318 26.469658
-82.156844 26.469448
-82.156566 26.469276
-82.156325 26.469121
-82.155914 26.468828
-82.154920 26.468109
-82.154129 26.467527
-82.153771 26.467243
-82.153415 26.466934
-82.152558 26.466157
-82.152126 26.465773
-82.152099 26.465749
-82.151925 26.465590
-82.151835 26.465508
-82.151707 26.465392
-82.150277 26.464091
-82.149334 26.463180
-82.147413 26.461252
-82.146738 26.460556
-82.146277 26.460069
-82.145910 26.459669
-82.144167 26.457717
-82.143964 26.457496
-82.143653 26.457173
-82.142632 26.456157
-82.142555 26.456079
-82.141924 26.455463
-82.141850 26.455396
-82.141732 26.455301
-82.141649 26.455245
-82.141561 26.455195
-82.141470 26.455150
-82.141377 26.455110
-82.140997 26.454987
-82.138765 26.454333
-82.137684 26.453999
-82.136815 26.453716
-82.136117 26.453479
-82.135567 26.453283
-82.134992 26.453071
-82.133197 26.452382
-82.132622 26.452150
-82.132190 26.451962
-82.130027 26.451018
-82.129338 26.450726
-82.129251 26.450701
-82.129074 26.450665
-82.128894 26.450649
-82.128713 26.450653
-82.128533 26.450677
-82.128445 26.450696
-82.128195 26.450771
-82.127480 26.450970
-82.127307 26.451012
-82.127214 26.451028
-82.127119 26.451037
-82.127023 26.451041
-82.126928 26.451040
-82.126832 26.451033
-82.126738 26.451020
-82.126645 26.451001
-82.126553 26.450977
-82.126463 26.450947
-82.126273 26.450869
-82.125964 26.450726
-82.125530 26.450529
-82.125148 26.450346
-82.124308 26.449953
-82.124201 26.449901
-82.121433 26.448632
-82.120422 26.448162
-82.120042 26.447990
-82.119543 26.447758
-82.118949 26.447489
-82.116647 26.446429
-82.114795 26.445564
-82.113549 26.444965
-82.113332 26.444860
-82.112615 26.444515
-82.112101 26.444273
-82.111903 26.444184
-82.111826 26.444263
-82.111807 26.444316
-82.111806 26.444340
-82.111805 26.444375
-82.111833 26.444427
-82.111956 26.444527
-82.112069 26.444604
-82.112181 26.444657
-82.112567 26.444835
-82.112905 26.444979
-82.113066 26.445046
-82.113217 26.445099
-82.113324 26.445128
-82.113378 26.445152
-82.113399 26.445181
-82.113410 26.445219
-82.113399 26.445267
-82.113394 26.445306
-82.113403 26.445336
-82.113410 26.445359
-82.113437 26.445402
-82.113447 26.445450
-82.113431 26.445531
-82.113410 26.445623
-82.113399 26.445685
-82.113394 26.445733
-82.113388 26.445935
-82.113388 26.446036
-82.113388 26.446103
-82.113399 26.446194
-82.113415 26.446295
-82.113426 26.446420
-82.113437 26.446550
-82.113469 26.446771
-82.113479 26.446881
-82.113479 26.447001
-82.113479 26.447121
-82.113469 26.447275
-82.113458 26.447371
-82.113458 26.447436
-82.113446 26.447529
-82.113426 26.447698
-82.113404 26.447895
-82.113394 26.448010
-82.113388 26.448139
-82.113378 26.448360
-82.113356 26.448668
-82.113345 26.448894
-82.113324 26.449167
-82.113313 26.449316
-82.113297 26.449436
-82.113233 26.449835
-82.113201 26.450075
-82.113179 26.450233
-82.113168 26.450354
-82.113147 26.450623
-82.113136 26.450791
-82.113115 26.450935
-82.113093 26.451045
-82.113013 26.451367
-82.112948 26.451674
-82.112916 26.451871
-82.112911 26.451948
-82.112911 26.452030
-82.112927 26.452131
-82.112954 26.452212
-82.112997 26.452279
-82.113040 26.452327
-82.113109 26.452371
-82.113222 26.452414
-82.113388 26.452486
-82.113528 26.452558
-82.113640 26.452616
-82.113742 26.452678
-82.113833 26.452741
-82.113925 26.452803
-82.114037 26.452890
-82.114284 26.453086
-82.114467 26.453230
-82.114745 26.453451
-82.114933 26.453610
-82.115105 26.453749
-82.115373 26.453980
-82.115534 26.454124
-82.115695 26.454282
-82.115950 26.454556
-82.116261 26.454892
-82.116358 26.454993
-82.116460 26.455075
-82.116567 26.455151
-82.116674 26.455209
-82.116819 26.455276
-82.116900 26.455315
-82.117087 26.455449
-82.117221 26.455550
-82.117286 26.455608
-82.117345 26.455675
-82.117404 26.455766
-82.117490 26.455891
-82.117683 26.456107
-82.117785 26.456213
-82.117897 26.456304
-82.118010 26.456381
-82.118106 26.456429
-82.118219 26.456472
-82.118353 26.456501
-82.118954 26.456669
-82.119576 26.456866
-82.119796 26.456924
-82.119963 26.456948
-82.120069 26.456958
-82.120107 26.456962
-82.120236 26.456986
-82.120365 26.457029
-82.120499 26.457082
-82.120762 26.457202
-82.121105 26.457380
-82.121304 26.457490
-82.121422 26.457558
-82.121524 26.457620
-82.122028 26.457951
-82.122334 26.458143
-82.122473 26.458220
-82.122602 26.458297
-82.122747 26.458364
-82.122902 26.458436
-82.123111 26.458542
-82.123262 26.458609
-82.123374 26.458648
-82.123535 26.458676
-82.124099 26.458777
-82.124372 26.458801
-82.124571 26.458801
-82.124753 26.458797
-82.124871 26.458811
-82.124984 26.458835
-82.125118 26.458873
-82.125273 26.458907
-82.125515 26.458941
-82.125708 26.458974
-82.125874 26.459008
-82.126137 26.459061
-82.126400 26.459109
-82.126615 26.459147
-82.127135 26.459214
-82.127575 26.459282
-82.127816 26.459320
-82.128127 26.459363
-82.128540 26.459440
-82.128857 26.459507
-82.129189 26.459589
-82.129533 26.459695
-82.130117 26.459877
-82.130316 26.459949
-82.130477 26.460021
-82.130563 26.460065
-82.130638 26.460108
-82.130820 26.460223
-82.130960 26.460314
-82.131088 26.460415
-82.131206 26.460506
-82.131314 26.460597
-82.131540 26.460769
-82.131766 26.460920
-82.132038 26.461061
-82.132274 26.461169
-82.132533 26.461267
-82.132685 26.461312
-82.132778 26.461348
-82.132857 26.461366
-82.132944 26.461374
-82.133088 26.461375
-82.133188 26.461379
-82.133270 26.461406
-82.133358 26.461472
-82.133474 26.461576
-82.133527 26.461650
-82.133561 26.461717
-82.133588 26.461765
-82.133596 26.461851
-82.133602 26.461876
-82.133602 26.461992
-82.133597 26.462051
-82.133578 26.462197
-82.133569 26.462277
-82.133550 26.462420
-82.133529 26.462539
-82.133516 26.462651
-82.133509 26.462761
-82.133508 26.462936
-82.133508 26.463239
-82.133513 26.463455
-82.133524 26.463599
-82.133535 26.463801
-82.133556 26.464002
-82.133583 26.464281
-82.133599 26.464497
-82.133642 26.465179
-82.133663 26.465241
-82.133690 26.465280
-82.133738 26.465323
-82.133808 26.465366
-82.133889 26.465390
-82.133960 26.465400
-82.133991 26.465405
-82.134152 26.465400
-82.134640 26.465357
-82.134881 26.465318
-82.135004 26.465289
-82.135176 26.465232
-82.135353 26.465179
-82.135498 26.465155
-82.135637 26.465150
-82.135761 26.465169
-82.135970 26.465237
-82.136120 26.465289
-82.136233 26.465337
-82.136335 26.465390
-82.136437 26.465457
-82.136598 26.465578
-82.136721 26.465683
-82.136839 26.465798
-82.136941 26.465914
-82.137031 26.466025
-82.137150 26.466216
-82.137274 26.466413
-82.137338 26.466519
-82.137381 26.466610
-82.137408 26.466697
-82.137424 26.466769
-82.137434 26.466836
-82.137434 26.466913
-82.137429 26.466956
-82.137413 26.467028
-82.137392 26.467105
-82.137365 26.467177
-82.137322 26.467268
-82.137295 26.467340
-82.137279 26.467417
-82.137274 26.467479
-82.137284 26.467542
-82.137306 26.467599
-82.137333 26.467652
-82.137381 26.467695
-82.137461 26.467748
-82.137563 26.467796
-82.137901 26.467959
-82.138218 26.468108
-82.138368 26.468195
-82.138441 26.468257
-82.138526 26.468339
-82.138569 26.468411
-82.138612 26.468502
-82.138708 26.468709
-82.138773 26.468857
-82.138875 26.469098
-82.138902 26.469213
-82.138939 26.469333
-82.138998 26.469463
-82.139095 26.469621
-82.139266 26.469904
-82.139400 26.470178
-82.139583 26.470529
-82.139663 26.470682
-82.139733 26.470846
-82.139808 26.471042
-82.139905 26.471331
-82.139969 26.471518
-82.140006 26.471628
-82.140049 26.471700
-82.140119 26.471787
-82.140243 26.471897
-82.140355 26.471984
-82.140468 26.472075
-82.140548 26.472161
-82.140623 26.472238
-82.140693 26.472305
-82.140763 26.472368
-82.140849 26.472401
-82.140874 26.472403
-82.140929 26.472406
-82.141020 26.472387
-82.141096 26.472353
-82.141503 26.472137
-82.141600 26.472094
-82.141691 26.472056
-82.141793 26.472008
-82.141873 26.471964
-82.141948 26.471916
-82.142034 26.471835
-82.142142 26.471739
-82.142313 26.471580
-82.142426 26.471494
-82.142506 26.471441
-82.142619 26.471369
-82.142688 26.471334
-82.142758 26.471316
-82.142828 26.471297
-82.142909 26.471283
-82.142984 26.471292
-82.143129 26.471340
-82.143338 26.471417
-82.143477 26.471465
-82.143665 26.471518
-82.144073 26.471628
-82.144282 26.471681
-82.144400 26.471700
-82.144513 26.471720
-82.144599 26.471739
-82.144668 26.471772
-82.144733 26.471816
-82.144818 26.471873
-82.144877 26.471931
-82.144953 26.472027
-82.145071 26.472195
-82.145140 26.472301
-82.145205 26.472392
-82.145274 26.472497
-82.145387 26.472642
-82.145521 26.472805
-82.145645 26.472944
-82.145741 26.473040
-82.145800 26.473102
-82.145865 26.473184
-82.145923 26.473271
-82.145988 26.473347
-82.146047 26.473415
-82.146117 26.473468
-82.146186 26.473501
-82.146283 26.473525
-82.146433 26.473549
-82.146546 26.473568
-82.146637 26.473588
-82.146717 26.473621
-82.146814 26.473664
-82.146900 26.473717
-82.147002 26.473799
-82.147109 26.473895
-82.147195 26.473986
-82.147291 26.474072
-82.147388 26.474135
-82.147517 26.474202
-82.147839 26.474341
-82.148348 26.474538
-82.148466 26.474577
-82.148595 26.474615
-82.148713 26.474639
-82.148865 26.474665
-82.148989 26.474681
-82.149121 26.474702
-82.149271 26.474735
-82.149405 26.474774
-82.149539 26.474826
-82.149813 26.474942
-82.149931 26.474995
-82.150022 26.475023
-82.150108 26.475043
-82.150220 26.475057
-82.150365 26.475057
-82.150553 26.475043
-82.150762 26.475028
-82.150886 26.475033
-82.151014 26.475043
-82.151138 26.475052
-82.151288 26.475086
-82.151449 26.475134
-82.151626 26.475196
-82.151733 26.475225
-82.151824 26.475244
-82.151899 26.475249
-82.151974 26.475239
-82.152044 26.475215
-82.152130 26.475158
-82.152194 26.475091
-82.152248 26.475023
-82.152275 26.474961
-82.152302 26.474898
-82.152323 26.474802
-82.152334 26.474692
-82.152350 26.474524
-82.152345 26.474423
-82.152350 26.474260
-82.152361 26.474183
-82.152382 26.474097
-82.152436 26.473974
-82.152489 26.473910
-82.152528 26.473828
-82.152555 26.473777
-82.152589 26.473703
-82.152601 26.473637
-82.152609 26.473502
-82.152637 26.472381
-82.152645 26.471854
-82.152650 26.471748
-82.152634 26.471681
-82.152608 26.471628
-82.152554 26.471585
-82.152468 26.471547
-82.152377 26.471523
-82.152168 26.471484
-82.152023 26.471451
-82.151916 26.471417
-82.151792 26.471355
-82.151685 26.471287
-82.151626 26.471239
-82.151572 26.471182
-82.151529 26.471105
-82.151486 26.471009
-82.151460 26.470937
-82.151379 26.470807
-82.151342 26.470716
-82.151325 26.470639
-82.151331 26.470567
-82.151363 26.470490
-82.151406 26.470428
-82.151465 26.470370
-82.151529 26.470327
-82.151594 26.470308
-82.151647 26.470298
-82.151706 26.470308
-82.151765 26.470332
-82.151830 26.470375
-82.151908 26.470420
-82.151977 26.470483
-82.152052 26.470533
-82.152109 26.470567
-82.152200 26.470591
-82.152307 26.470620
-82.152425 26.470644
-82.152532 26.470663
-82.152645 26.470663
-82.152817 26.470658
-82.153133 26.470649
-82.153359 26.470644
-82.153943 26.470639
-82.154507 26.470649
-82.155465 26.470633
-82.155543 26.470625
-82.155619 26.470611
-82.155772 26.470570
-82.155922 26.470515
-82.156073 26.470430
-82.156138 26.470386
-82.156199 26.470337
-82.156259 26.470282
-82.156320 26.470218
-82.156376 26.470150
-82.156405 26.470107
-82.156617 26.469795
-82.156785 26.469538
-82.156844 26.469448
-82.157318 26.469658
-82.157672 26.469789
-82.157934 26.469869
-82.159264 26.470248
-82.159560 26.470324
-82.159884 26.470395
-82.160275 26.470464
-82.160589 26.470501
-82.160921 26.470549
-82.161347 26.470645
-82.161767 26.470757
-82.163013 26.471136
-82.163198 26.471202
-82.163563 26.471343
-82.163922 26.471498
-82.164426 26.471739
-82.164712 26.471875
-82.169186 26.474010
-82.170515 26.474632
-82.172110 26.475341
-82.172179 26.475372
-82.173096 26.475777
-82.173659 26.476030
-82.174100 26.476248
-82.174734 26.476618
-82.175164 26.476870
-82.175645 26.477141
-82.176233 26.477413
-82.176561 26.477554
-82.179704 26.478750
-82.179850 26.478823
-82.179989 26.478908
-82.180118 26.479003
-82.180238 26.479109
-82.180346 26.479224
-82.180396 26.479284
-82.180484 26.479418
-82.180557 26.479558
-82.180616 26.479704
-82.180639 26.479779
-82.180668 26.479897
-82.180688 26.480017
-82.180702 26.480373
-82.180732 26.480984
-82.180741 26.481080
-82.180772 26.481250
-82.180800 26.481355
-82.180911 26.481672
-82.180953 26.481779
-82.181051 26.481990
-82.181104 26.482077
-82.181159 26.482145
-82.181221 26.482208
-82.181290 26.482266
-82.181364 26.482318
-82.181597 26.482429
-82.182264 26.482692
-82.182417 26.482752
-82.182957 26.482966
-82.183002 26.482983
-82.183071 26.483019
-82.183136 26.483059
-82.183197 26.483105
-82.183303 26.483207
-82.183348 26.483263
-82.183410 26.483366
-82.183465 26.483517
-82.183476 26.483585
-82.183483 26.483674
-82.183482 26.483763
-82.183403 26.484597
-82.183411 26.484754
-82.183420 26.484833
-82.183458 26.485041
-82.183649 26.485826
-82.183932 26.487011
-82.184106 26.487738
-82.184177 26.488035
-82.184467 26.489428
-82.184779 26.490681
-82.185117 26.492164
-82.185321 26.492952
-82.185385 26.493201
-82.185524 26.493830
-82.185669 26.494502
-82.185921 26.495515
-82.185964 26.495698
-82.186039 26.495971
-82.186066 26.496087
-82.186109 26.496255
-82.186189 26.496624
-82.186350 26.497297
-82.186403 26.497526
-82.186683 26.498742
-82.186737 26.499020
-82.186758 26.499486
-82.186790 26.499841
-82.186865 26.500225
-82.187070 26.501084
-82.187241 26.501761
-82.187629 26.503384
-82.187674 26.503670
-82.187686 26.503730
-82.187756 26.504108
-82.187797 26.504197
-82.187841 26.504253
-82.187912 26.504295
-82.188006 26.504314
-82.188638 26.504312
-82.188873 26.504324
-82.188949 26.504350
-82.189021 26.504435
-82.189088 26.504678
-82.189124 26.504810
-82.189274 26.505458
-82.189503 26.506419
-82.189529 26.506532
-82.189596 26.506819
-82.189633 26.506978
-82.189976 26.508430
-82.190050 26.508742
-82.190147 26.509127
-82.190306 26.509762
-82.190954 26.512349
