60.016776 56.067486
60.016109 56.067478
60.015444 56.067459
60.014294 56.067382
60.013052 56.067294
60.009265 56.067021
60.008208 56.066935
60.007033 56.066804
60.006198 56.066665
60.005805 56.066564
60.004382 56.066110
60.003781 56.065898
60.001911 56.065177
59.998726 56.063702
59.996388 56.062577
59.996271 56.062519
59.995747 56.062263
59.994981 56.061920
59.994676 56.061809
59.994272 56.061678
59.993874 56.061572
59.993310 56.061466
59.992899 56.061403
59.992302 56.061366
59.990304 56.061289
59.989870 56.061296
59.988976 56.061349
59.987603 56.061478
59.986981 56.061528
59.986447 56.061571
59.985693 56.061642
59.985300 56.061681
59.984978 56.061717
59.984658 56.061763
59.984377 56.061811
59.984061 56.061877
59.983665 56.061975
59.982889 56.062225
59.982237 56.062441
59.981733 56.062578
59.981538 56.062626
59.981305 56.062669
59.980903 56.062737
59.980481 56.062788
59.980005 56.062817
59.979778 56.062824
59.979411 56.062806
59.979028 56.062771
59.978373 56.062689
59.975386 56.062169
59.974889 56.062050
59.974451 56.061906
59.974026 56.061740
59.973186 56.061286
59.971722 56.060408
59.971022 56.060060
59.970206 56.059751
59.965883 56.058323
59.964260 56.057778
59.963297 56.057430
59.962909 56.057266
59.960745 56.056214
59.959487 56.055675
59.959343 56.055613
59.959104 56.055509
59.958902 56.055423
59.957077 56.054670
59.952031 56.052688
59.951213 56.052347
59.950834 56.052178
59.950538 56.052017
59.950251 56.051840
59.949628 56.051346
59.949097 56.050923
59.941905 56.045350
59.941550 56.045128
59.941243 56.044996
59.940844 56.044877
59.940279 56.044743
59.936752 56.044013
59.934596 56.043532
59.933462 56.043300
59.933152 56.043251
59.932692 56.043185
59.932101 56.043162
59.931035 56.043144
59.929693 56.043155
59.928731 56.043187
59.927933 56.043242
59.927700 56.043268
59.927473 56.043311
59.927094 56.043399
59.925919 56.043735
59.922490 56.044772
59.922007 56.044916
59.921510 56.045037
59.921108 56.045097
59.920828 56.045130
59.918818 56.045186
59.910282 56.045472
59.909647 56.045552
59.908703 56.045715
59.907816 56.045897
59.906903 56.046072
59.899498 56.047422
59.898361 56.047634
59.897671 56.047799
59.897285 56.047925
59.897007 56.048039
59.891424 56.050538
59.891238 56.050613
59.891008 56.050704
59.890769 56.050787
59.890561 56.050838
59.890059 56.050931
59.889572 56.051004
59.886677 56.051318
59.884798 56.051541
59.882668 56.051778
59.881579 56.051966
59.877058 56.052884
59.876656 56.052965
59.876365 56.053000
59.876094 56.053029
59.875794 56.053031
59.875477 56.053000
59.875100 56.052927
59.874669 56.052799
59.871890 56.051905
59.869753 56.051217
59.863440 56.049121
59.863076 56.049005
59.862779 56.048916
59.862562 56.048875
59.862249 56.048816
59.862134 56.048805
59.861805 56.048779
59.861428 56.048764
59.860776 56.048739
59.857754 56.048648
59.856052 56.048593
59.854700 56.048588
59.852234 56.048732
59.851943 56.048749
59.847786 56.048990
59.846984 56.049021
59.846400 56.049011
59.844975 56.048939
59.842961 56.048836
59.839493 56.048657
59.832248 56.048272
59.830192 56.048169
59.825352 56.047925
59.824652 56.047919
59.824031 56.047939
59.820043 56.048286
59.815523 56.048680
59.811831 56.049003
59.810112 56.049152
59.809186 56.049225
59.808100 56.049276
59.807084 56.049262
59.806525 56.049253
59.805605 56.049217
59.804969 56.049151
59.804503 56.049085
59.799283 56.047902
59.795003 56.046875
59.794027 56.046645
59.793702 56.046537
59.793331 56.046398
59.792975 56.046247
59.791909 56.045679
59.789261 56.044292
59.786603 56.042874
59.785977 56.042563
59.785680 56.042453
59.785332 56.042349
59.785048 56.042292
59.784235 56.042170
59.783344 56.042063
59.782471 56.041967
59.782024 56.041918
59.781600 56.041894
59.781194 56.041918
59.780805 56.041971
59.779880 56.042090
59.778114 56.042521
59.774586 56.043252
59.771386 56.043810
59.768147 56.044204
59.764819 56.044671
59.764412 56.044713
59.763716 56.044788
59.763059 56.044856
59.762177 56.044923
59.761089 56.044992
59.760409 56.045029
59.759686 56.045072
59.759209 56.045116
59.758116 56.045266
59.757353 56.045437
59.756422 56.045661
59.755400 56.045908
59.754793 56.046051
59.753822 56.046303
59.752695 56.046735
59.744920 56.050852
59.744741 56.050941
59.743597 56.051539
59.742550 56.052095
59.740777 56.053156
59.738832 56.054313
59.738617 56.054461
59.737800 56.055029
59.734834 56.057157
59.731337 56.059639
59.729068 56.061369
59.727890 56.062068
59.727290 56.062337
59.726562 56.062631
59.725718 56.062933
59.724786 56.063287
59.723696 56.063708
59.723024 56.063911
59.722102 56.064120
59.721026 56.064336
59.720224 56.064436
59.719598 56.064491
59.718224 56.064546
59.717424 56.064457
59.716771 56.064329
59.715676 56.063913
59.714407 56.063301
59.713800 56.063079
59.712752 56.062876
59.711540 56.062676
59.710987 56.062598
59.710604 56.062582
59.710342 56.062580
59.709914 56.062603
59.708762 56.062689
59.707481 56.062801
59.707116 56.062846
59.706832 56.062894
59.706580 56.062944
59.706359 56.062996
59.706189 56.063044
59.705895 56.063144
59.705566 56.063297
59.705088 56.063549
59.704347 56.063916
59.701692 56.065391
59.700966 56.065769
59.699856 56.066261
59.699266 56.066499
59.698914 56.066629
59.698500 56.066768
59.697933 56.066932
59.697213 56.067088
59.696632 56.067175
59.695968 56.067251
59.695074 56.067324
59.694464 56.067357
59.693976 56.067366
59.692569 56.067317
59.691810 56.067282
59.679245 56.066685
59.675176 56.066491
59.669677 56.066195
59.668273 56.066119
59.668091 56.066109
59.664331 56.065912
59.659416 56.065630
59.658491 56.065602
59.657989 56.065610
59.657181 56.065647
59.654461 56.065812
59.650537 56.066049
59.650466 56.066054
59.649833 56.066090
59.647191 56.066241
59.646355 56.066292
59.647191 56.066241
59.649833 56.066090
59.650466 56.066054
59.650537 56.066049
59.654461 56.065812
59.657181 56.065647
59.657989 56.065610
59.658491 56.065602
59.659416 56.065630
59.664331 56.065912
59.668091 56.066109
59.668273 56.066119
59.669677 56.066195
59.675176 56.066491
59.679245 56.066685
59.691810 56.067282
59.692569 56.067317
59.693976 56.067366
59.694464 56.067357
59.695074 56.067324
59.695968 56.067251
59.696632 56.067175
59.697213 56.067088
59.697933 56.066932
59.698500 56.066768
59.698914 56.066629
59.699266 56.066499
59.699856 56.066261
59.700966 56.065769
59.701692 56.065391
59.704347 56.063916
59.705088 56.063549
59.705566 56.063297
59.705895 56.063144
59.706189 56.063044
59.706359 56.062996
59.706580 56.062944
59.706832 56.062894
59.707116 56.062846
59.707481 56.062801
59.708762 56.062689
59.709914 56.062603
59.710342 56.062580
59.710604 56.062582
59.710987 56.062598
59.711540 56.062676
59.712752 56.062876
59.713800 56.063079
59.714407 56.063301
59.715676 56.063913
59.716771 56.064329
59.717424 56.064457
59.718224 56.064546
59.719598 56.064491
59.720224 56.064436
59.721026 56.064336
59.722102 56.064120
59.723024 56.063911
59.723696 56.063708
59.724786 56.063287
59.725718 56.062933
59.726562 56.062631
59.727290 56.062337
59.727890 56.062068
59.729068 56.061369
59.731337 56.059639
59.734834 56.057157
59.737800 56.055029
59.738617 56.054461
59.738832 56.054313
59.740777 56.053156
59.742550 56.052095
59.743597 56.051539
59.744741 56.050941
59.744920 56.050852
59.752695 56.046735
59.753822 56.046303
59.754793 56.046051
59.755400 56.045908
59.756422 56.045661
59.757353 56.045437
59.758116 56.045266
59.759209 56.045116
59.759686 56.045072
59.760409 56.045029
59.761089 56.044992
59.762177 56.044923
59.763059 56.044856
59.763716 56.044788
59.764412 56.044713
59.764819 56.044671
59.768147 56.044204
59.771386 56.043810
59.774586 56.043252
59.778114 56.042521
59.779880 56.042090
59.780805 56.041971
59.781194 56.041918
59.781600 56.041894
59.782024 56.041918
59.782471 56.041967
59.783344 56.042063
59.784235 56.042170
59.785048 56.042292
59.785332 56.042349
59.785680 56.042453
59.785977 56.042563
59.786603 56.042874
59.789261 56.044292
59.791909 56.045679
59.792975 56.046247
59.793331 56.046398
59.793702 56.046537
59.794027 56.046645
59.795003 56.046875
59.799283 56.047902
59.804503 56.049085
59.804969 56.049151
59.805605 56.049217
59.806525 56.049253
59.807084 56.049262
59.808100 56.049276
59.809186 56.049225
59.810112 56.049152
59.811831 56.049003
59.815523 56.048680
59.820043 56.048286
59.824031 56.047939
59.824652 56.047919
59.825352 56.047925
59.830192 56.048169
59.832248 56.048272
59.839493 56.048657
59.842961 56.048836
59.844975 56.048939
59.846400 56.049011
59.846984 56.049021
59.847786 56.048990
59.851943 56.048749
59.852234 56.048732
59.854700 56.048588
59.856052 56.048593
59.857754 56.048648
59.860776 56.048739
59.861428 56.048764
59.861805 56.048779
59.862134 56.048805
59.862249 56.048816
59.862562 56.048875
59.862779 56.048916
59.863076 56.049005
59.863440 56.049121
59.869753 56.051217
59.871890 56.051905
59.874669 56.052799
59.875100 56.052927
59.875477 56.053000
59.875794 56.053031
59.876094 56.053029
59.876365 56.053000
59.876656 56.052965
59.877058 56.052884
59.881579 56.051966
59.882668 56.051778
59.884798 56.051541
59.886677 56.051318
59.889572 56.051004
59.890059 56.050931
59.890561 56.050838
59.890769 56.050787
59.891008 56.050704
59.891238 56.050613
59.891424 56.050538
59.897007 56.048039
59.897285 56.047925
59.897671 56.047799
59.898361 56.047634
59.899498 56.047422
59.906903 56.046072
59.907816 56.045897
59.908703 56.045715
59.909647 56.045552
59.910282 56.045472
59.918818 56.045186
59.920828 56.045130
59.921108 56.045097
59.921510 56.045037
59.922007 56.044916
59.922490 56.044772
59.925919 56.043735
59.927094 56.043399
59.927473 56.043311
59.927700 56.043268
59.927933 56.043242
59.928731 56.043187
59.929693 56.043155
59.931035 56.043144
59.932101 56.043162
59.932692 56.043185
59.933152 56.043251
59.933462 56.043300
59.934596 56.043532
59.936752 56.044013
59.940279 56.044743
59.940844 56.044877
59.941243 56.044996
59.941550 56.045128
59.941905 56.045350
59.949097 56.050923
59.949628 56.051346
59.950251 56.051840
59.950538 56.052017
59.950834 56.052178
59.951213 56.052347
59.952031 56.052688
59.957077 56.054670
59.958902 56.055423
59.959104 56.055509
59.959343 56.055613
59.959487 56.055675
59.960745 56.056214
59.962909 56.057266
59.963297 56.057430
59.964260 56.057778
59.965883 56.058323
59.970206 56.059751
59.971022 56.060060
59.971722 56.060408
59.973186 56.061286
59.974026 56.061740
59.974451 56.061906
59.974889 56.062050
59.975386 56.062169
59.978373 56.062689
59.979028 56.062771
59.979411 56.062806
59.979778 56.062824
59.980005 56.062817
59.980481 56.062788
59.980903 56.062737
59.981305 56.062669
59.981538 56.062626
59.981733 56.062578
59.982237 56.062441
59.982889 56.062225
59.983665 56.061975
59.984061 56.061877
59.984377 56.061811
59.984658 56.061763
59.984978 56.061717
59.985300 56.061681
59.985693 56.061642
59.986447 56.061571
59.986981 56.061528
59.987603 56.061478
59.988976 56.061349
59.989870 56.061296
59.990304 56.061289
59.992302 56.061366
59.992899 56.061403
59.993310 56.061466
59.993874 56.061572
59.994272 56.061678
59.994676 56.061809
59.994981 56.061920
59.995747 56.062263
59.996271 56.062519
59.996388 56.062577
59.998726 56.063702
60.001911 56.065177
60.003781 56.065898
60.004382 56.066110
60.005805 56.066564
60.006198 56.066665
60.007033 56.066804
60.008208 56.066935
60.009265 56.067021
60.013052 56.067294
60.014294 56.067382
60.015444 56.067459
60.016109 56.067478
60.016776 56.067486
60.017629 56.067389
