-8.751507 40.612173
-8.751473 40.612034
-8.751381 40.611578
-8.751216 40.611044
-8.750646 40.611141
-8.750787 40.611692
-8.750823 40.612031
-8.750834 40.612383
-8.750772 40.613205
-8.750755 40.613484
-8.750708 40.614273
-8.750706 40.614292
-8.750583 40.615480
-8.750452 40.616745
-8.749733 40.617053
-8.749621 40.617815
-8.749518 40.618142
-8.749496 40.618213
-8.749388 40.618557
-8.749326 40.618770
-8.749182 40.619261
-8.749139 40.619446
-8.749156 40.619556
-8.749199 40.619964
-8.749270 40.620590
-8.749248 40.620927
-8.749226 40.621279
-8.749158 40.621973
-8.749144 40.622185
-8.749112 40.622469
-8.749073 40.622767
-8.748995 40.623080
-8.747868 40.625189
-8.747734 40.625377
-8.747450 40.625663
-8.746996 40.626122
-8.746877 40.626265
-8.746835 40.626404
-8.746822 40.626628
-8.746859 40.628003
-8.746866 40.629730
-8.746841 40.630010
-8.746780 40.630311
-8.746427 40.631073
-8.746336 40.631183
-8.746241 40.631251
-8.746180 40.631288
-8.746094 40.631322
-8.745963 40.631354
-8.745806 40.631416
-8.745699 40.631488
-8.745624 40.631566
-8.745538 40.631658
-8.745419 40.631754
-8.745288 40.631805
-8.744948 40.631870
-8.744814 40.631882
-8.744482 40.631890
-8.744168 40.631872
-8.743906 40.631847
-8.743579 40.631797
-8.743249 40.631725
-8.742754 40.631570
-8.742245 40.631397
-8.741743 40.631227
-8.740418 40.630762
-8.737147 40.629585
-8.733749 40.628358
-8.733554 40.628285
-8.732607 40.627960
-8.731676 40.627615
-8.731193 40.627436
-8.729894 40.626977
-8.729569 40.626858
-8.728676 40.626534
-8.727309 40.626127
-8.726227 40.625874
-8.725392 40.625662
-8.725076 40.625555
-8.724789 40.625388
-8.724626 40.625237
-8.724350 40.624944
-8.724133 40.624733
-8.724094 40.624638
-8.724062 40.624588
-8.724016 40.624530
-8.723963 40.624390
-8.723924 40.624143
-8.723876 40.623923
-8.723814 40.623781
-8.723653 40.623518
-8.723517 40.623327
-8.723291 40.623149
-8.722990 40.623003
-8.722263 40.622671
-8.721598 40.622350
-8.720797 40.621939
-8.720756 40.621918
-8.720218 40.621699
-8.719822 40.621570
-8.718573 40.621162
-8.718062 40.620997
-8.717458 40.620807
-8.717221 40.620752
-8.717010 40.620721
-8.716843 40.620739
-8.716906 40.620712
-8.716971 40.620646
-8.716988 40.620554
-8.716958 40.620488
-8.716890 40.620433
-8.716789 40.620405
-8.716675 40.620416
-8.716521 40.620418
-8.716372 40.620395
-8.716054 40.620309
-8.715843 40.620260
-8.715457 40.620087
-8.715184 40.619899
-8.714984 40.619707
-8.714832 40.619506
-8.714678 40.619254
-8.714588 40.619008
-8.714551 40.618788
-8.714546 40.618545
-8.714539 40.618219
-8.714538 40.618146
-8.714527 40.617191
-8.714531 40.616460
-8.714554 40.616176
-8.714612 40.615896
-8.714765 40.615535
-8.714984 40.615174
-8.715062 40.615084
-8.715198 40.614927
-8.715382 40.614737
-8.715603 40.614561
-8.716186 40.614231
-8.716706 40.613996
-8.717113 40.613814
-8.717462 40.613663
-8.718348 40.613278
-8.718642 40.613158
-8.718774 40.613120
-8.718937 40.613093
-8.719233 40.613087
-8.719292 40.613091
-8.719611 40.613114
-8.719702 40.613110
-8.720026 40.613022
-8.720130 40.613011
-8.720202 40.613011
-8.720271 40.612993
-8.720329 40.612960
-8.720366 40.612921
-8.720388 40.612875
-8.720392 40.612827
-8.720378 40.612780
-8.720348 40.612738
-8.720309 40.612707
-8.720262 40.612685
-8.720209 40.612671
-8.720143 40.612669
-8.720078 40.612681
-8.720021 40.612707
-8.719976 40.612744
-8.719879 40.612756
-8.719744 40.612751
-8.716435 40.612319
-8.714949 40.612126
-8.714327 40.612046
-8.707392 40.611148
-8.707273 40.611122
-8.707143 40.611093
-8.707083 40.611004
-8.706988 40.610957
-8.706876 40.610950
-8.706759 40.610991
-8.706648 40.611007
-8.706511 40.611018
-8.706349 40.611007
-8.700017 40.610203
-8.699900 40.610177
-8.699809 40.610138
-8.699729 40.610104
-8.699708 40.610061
-8.699650 40.610018
-8.699552 40.609990
-8.699444 40.609998
-8.699355 40.610039
-8.699234 40.610053
-8.699150 40.610061
-8.699027 40.610071
-8.698737 40.610028
-8.697426 40.609852
-8.695752 40.609639
-8.694808 40.609514
-8.693617 40.609362
-8.693542 40.609353
-8.691823 40.609139
-8.691728 40.609127
-8.690335 40.608951
-8.688814 40.608762
-8.687528 40.608605
-8.685849 40.608415
-8.685017 40.608312
-8.684780 40.608282
-8.684594 40.608256
-8.684494 40.608223
-8.684419 40.608192
-8.684349 40.608151
-8.684328 40.608116
-8.684297 40.608085
-8.684238 40.608052
-8.684169 40.608035
-8.684095 40.608036
-8.684051 40.608046
-8.684010 40.608063
-8.683910 40.608049
-8.683761 40.607990
-8.683606 40.607933
-8.683349 40.607847
-8.683112 40.607762
-8.682253 40.607512
-8.681525 40.607303
-8.680744 40.607064
-8.680210 40.606915
-8.680041 40.606870
-8.679902 40.606833
-8.679692 40.606772
-8.679544 40.606724
-8.679474 40.606690
-8.679434 40.606669
-8.679426 40.606643
-8.679414 40.606617
-8.679376 40.606573
-8.679323 40.606539
-8.679260 40.606518
-8.679196 40.606512
-8.679132 40.606518
-8.679072 40.606537
-8.678990 40.606536
-8.678886 40.606522
-8.678660 40.606459
-8.678042 40.606279
-8.677658 40.606157
-8.676823 40.605916
-8.676687 40.605873
-8.676549 40.605819
-8.676221 40.605634
-8.676061 40.605497
-8.675179 40.604969
-8.675013 40.604866
-8.674563 40.604600
-8.674082 40.604305
-8.673713 40.604080
-8.672949 40.603612
-8.672671 40.603435
-8.672503 40.603333
-8.672362 40.603248
-8.672338 40.603233
-8.672043 40.603056
-8.671698 40.602845
-8.671513 40.602733
-8.671334 40.602621
-8.671137 40.602504
-8.670989 40.602415
-8.670783 40.602285
-8.670570 40.602153
-8.670373 40.602031
-8.670213 40.601932
-8.670157 40.601897
-8.670023 40.601824
-8.669941 40.601779
-8.669844 40.601729
-8.669645 40.601894
-8.669511 40.601999
-8.669441 40.602057
-8.669349 40.602070
-8.669273 40.602050
-8.669024 40.601910
-8.668947 40.601869
-8.668667 40.601665
-8.668616 40.601630
-8.668510 40.601561
-8.668291 40.601410
-8.668121 40.601298
-8.668036 40.601243
-8.667877 40.601146
-8.667748 40.601201
-8.667594 40.601270
-8.667538 40.601308
-8.667472 40.601359
-8.667360 40.601454
-8.667305 40.601506
-8.667269 40.601481
-8.667191 40.601440
-8.667108 40.601397
-8.666920 40.601291
-8.666644 40.601151
-8.666400 40.601039
-8.666185 40.600943
-8.665946 40.600821
-8.665728 40.600710
-8.665535 40.600608
-8.665406 40.600543
-8.665102 40.600379
-8.665070 40.600360
-8.664823 40.600212
-8.664630 40.600096
-8.664361 40.599874
-8.663977 40.599485
-8.663424 40.599194
-8.662966 40.598958
-8.662637 40.598788
-8.662360 40.598675
-8.662144 40.598587
-8.661355 40.598314
-8.660702 40.597940
-8.660519 40.597839
-8.660495 40.597773
-8.660452 40.597646
-8.660482 40.597614
-8.660499 40.597576
-8.660500 40.597537
-8.660485 40.597499
-8.660453 40.597463
-8.660408 40.597438
-8.660354 40.597425
-8.660298 40.597426
-8.660258 40.597435
-8.660222 40.597452
-8.660193 40.597475
-8.660172 40.597502
-8.660052 40.597524
-8.659926 40.597518
-8.659424 40.597277
-8.659164 40.597152
-8.658285 40.596499
-8.658155 40.596411
-8.657477 40.596049
