50.186295 53.207589
50.183765 53.207567
50.183685 53.208267
50.183666 53.208455
50.183650 53.208575
50.183639 53.208671
50.183930 53.208835
50.184387 53.209091
50.184879 53.209367
50.183977 53.209909
50.183709 53.210162
50.183871 53.210211
50.185758 53.211022
50.188561 53.212271
50.188749 53.212356
50.189236 53.212569
50.189237 53.212620
50.189248 53.213084
50.189249 53.213158
50.189245 53.213251
50.189175 53.213549
50.189125 53.213650
50.188930 53.213905
50.188813 53.214032
50.188987 53.214109
50.189766 53.214452
50.190808 53.214911
50.190971 53.214983
50.191543 53.215269
50.192951 53.215972
50.193273 53.216126
50.193313 53.216145
50.194896 53.216892
50.196846 53.217876
50.196753 53.218085
50.196624 53.218222
50.196561 53.218288
50.195849 53.218775
50.193589 53.220555
50.193076 53.220954
50.192466 53.221445
50.192018 53.221773
50.191871 53.221798
50.191412 53.221727
50.190942 53.221735
50.190614 53.221780
50.190553 53.221788
50.190221 53.221855
50.190134 53.221930
50.191181 53.223511
50.191532 53.224041
50.192234 53.225103
50.192329 53.225247
50.192555 53.225590
50.193690 53.227308
50.193962 53.227730
50.194024 53.227826
50.194255 53.228183
50.194478 53.228528
50.194627 53.228755
50.196157 53.231099
50.197043 53.232353
50.197077 53.232400
50.197164 53.232540
50.197602 53.233083
50.197663 53.233158
50.198288 53.233723
50.198897 53.234224
50.201678 53.236432
50.202082 53.236755
50.202322 53.236947
50.206138 53.239995
50.206268 53.240099
50.206491 53.240276
50.206618 53.240378
50.207263 53.240908
50.208734 53.242091
50.208940 53.242257
50.209100 53.242379
50.209119 53.242395
50.209918 53.243039
50.210009 53.243110
50.210125 53.243201
50.210357 53.243389
50.210814 53.243757
50.211277 53.244108
50.211719 53.244440
50.212153 53.244725
50.212706 53.245116
50.214624 53.246260
50.215568 53.246836
50.215908 53.247044
50.216194 53.247219
50.216499 53.247405
50.217554 53.248051
50.218013 53.248332
50.218598 53.248690
50.219343 53.249146
50.220274 53.249716
50.221050 53.250191
50.221086 53.250207
50.221168 53.250242
50.221625 53.250440
50.222025 53.250577
50.222424 53.250649
50.222622 53.250623
50.222828 53.250644
50.223088 53.250707
50.223269 53.250796
50.223410 53.250911
50.223481 53.251057
50.223656 53.251378
50.223816 53.251662
50.223928 53.251801
50.224046 53.251929
50.224188 53.252036
50.226735 53.253561
50.230418 53.255763
50.233196 53.257424
50.234062 53.257948
50.236803 53.259589
50.239411 53.261150
50.239620 53.261272
50.240157 53.261572
50.240199 53.261596
50.241356 53.262234
50.241923 53.262546
50.243820 53.263593
50.243877 53.263623
50.245613 53.264573
50.256720 53.270571
50.257869 53.271193
50.260005 53.272305
50.261196 53.272952
50.262748 53.273781
50.263534 53.274138
50.264364 53.274364
50.264823 53.274474
50.265075 53.274680
50.265132 53.274847
50.265325 53.275042
50.265530 53.275195
50.265940 53.275440
50.266101 53.275529
50.266346 53.275664
50.267142 53.276106
50.268867 53.277064
50.269658 53.277496
50.270516 53.277893
50.271765 53.278449
50.272259 53.278661
50.272699 53.278834
50.273243 53.279048
50.273391 53.279106
50.275036 53.279753
50.275367 53.279884
50.276224 53.280221
50.277226 53.280630
50.278292 53.281086
50.279381 53.281647
50.279849 53.281922
50.280249 53.282175
50.280542 53.282375
50.281055 53.282788
50.281439 53.283194
50.281793 53.283591
50.282589 53.284546
50.282823 53.284897
50.283035 53.285312
50.283290 53.286088
50.283476 53.286659
50.283765 53.287545
50.283803 53.287659
50.285305 53.292263
50.285563 53.293053
50.285598 53.293159
50.286196 53.294991
50.286529 53.296011
50.286545 53.296059
50.286602 53.296221
50.286786 53.296690
50.286974 53.297207
50.287239 53.298162
50.287526 53.298997
50.288083 53.300681
50.288301 53.301343
50.288432 53.301742
50.288547 53.301960
50.288845 53.302813
50.288936 53.303018
50.289502 53.304732
50.289684 53.305295
50.289757 53.305519
50.290240 53.307003
50.290501 53.307812
50.291571 53.310902
50.291618 53.311035
50.291806 53.311467
50.291824 53.311508
50.292063 53.312014
50.292296 53.312469
50.292446 53.312716
50.292870 53.313368
50.293008 53.313575
50.293149 53.313778
50.293660 53.314514
50.294037 53.315050
50.294981 53.316332
50.295120 53.316520
50.295323 53.316810
50.295580 53.317174
50.296447 53.318421
50.296751 53.318898
50.297021 53.319358
50.297335 53.319893
50.297867 53.320910
50.298059 53.321376
50.298395 53.322204
50.298714 53.323204
50.298961 53.324176
50.299313 53.325692
50.299508 53.326483
50.299787 53.327684
50.300103 53.328953
50.300591 53.330991
50.300935 53.332397
50.303225 53.341694
50.305032 53.349232
50.309723 53.368726
50.309744 53.368812
50.309854 53.369261
50.310647 53.372310
50.311442 53.375867
50.312100 53.377781
50.312915 53.379704
50.313575 53.380928
50.314320 53.382141
50.314726 53.382734
50.314887 53.383017
50.315705 53.384189
50.316290 53.384902
50.317194 53.385937
50.317647 53.386446
50.318599 53.387465
50.319129 53.387987
50.319766 53.388555
50.320026 53.388757
50.320254 53.388944
50.320923 53.389519
50.321371 53.389887
50.321559 53.390056
50.322337 53.390775
50.323380 53.391846
50.323824 53.392371
50.324153 53.392741
50.324425 53.393034
50.324585 53.393229
50.324973 53.393833
50.325235 53.394250
50.325777 53.395048
50.325983 53.395327
50.326830 53.396457
50.327357 53.397109
50.327425 53.397197
50.328158 53.398083
50.332595 53.403041
50.333401 53.403951
50.334528 53.405224
50.335140 53.405840
50.335768 53.406416
50.336420 53.407014
50.336819 53.407387
50.337454 53.407976
50.338051 53.408538
50.339013 53.409386
50.340480 53.410646
50.340862 53.410976
50.344404 53.414037
50.344951 53.414494
50.345497 53.414982
50.345765 53.415224
50.346165 53.415577
50.346618 53.415974
50.346839 53.416162
50.348482 53.417560
50.349417 53.418371
50.350653 53.419432
50.351560 53.420221
50.352181 53.420738
50.353614 53.421983
50.356574 53.424514
50.356878 53.424772
50.357719 53.425492
50.358534 53.426202
50.358640 53.426292
50.358930 53.426371
50.359354 53.426719
50.359365 53.426908
50.359837 53.427310
50.360923 53.428233
50.361941 53.429105
50.365911 53.432520
50.370610 53.436566
50.373924 53.439482
50.374316 53.439905
50.375331 53.440913
50.376687 53.442391
50.385458 53.452509
50.385503 53.452536
50.386170 53.453302
50.388356 53.455793
50.389733 53.457381
50.391072 53.458911
50.391291 53.459144
50.401115 53.470346
50.402960 53.472426
50.403158 53.472570
50.403361 53.472681
50.403561 53.472778
50.403871 53.472920
50.404040 53.472957
50.404215 53.473038
50.404495 53.473116
50.404796 53.473172
50.405109 53.473199
50.408901 53.472995
50.423967 53.472120
50.424186 53.472108
50.427698 53.471919
50.428385 53.471881
50.432092 53.471681
50.438754 53.471294
50.445542 53.470901
50.446165 53.470864
50.450609 53.470607
50.451133 53.470576
50.454502 53.470381
50.460940 53.470014
50.462772 53.469910
50.463871 53.469843
50.464619 53.469752
50.465395 53.469591
50.466011 53.469426
50.471185 53.467883
50.475398 53.466627
50.476123 53.466410
50.482181 53.464604
50.483071 53.464314
50.487382 53.462714
50.494897 53.459974
50.496234 53.459486
50.497123 53.459129
50.517538 53.450705
50.518769 53.450178
50.519483 53.449806
50.524206 53.446937
50.532971 53.441612
50.533545 53.441206
50.534338 53.440549
50.538819 53.436694
50.542385 53.433625
50.543056 53.433047
50.543456 53.432783
50.543574 53.432720
50.544752 53.432273
50.545437 53.432131
50.546150 53.432070
50.547048 53.432100
50.552102 53.432282
50.553682 53.432372
50.555135 53.432567
50.556356 53.432783
50.577641 53.437640
50.578659 53.437806
50.579666 53.437849
50.583151 53.437796
50.584416 53.437825
50.585494 53.437894
50.585931 53.437986
50.586572 53.438204
50.588696 53.439463
50.589628 53.439849
50.590595 53.440165
50.591360 53.440362
50.592175 53.440493
50.595994 53.440993
50.604691 53.442130
50.606342 53.442304
50.607605 53.442373
50.608584 53.442392
50.610090 53.442349
50.624639 53.441282
50.625623 53.441235
50.626813 53.441217
50.628320 53.441284
50.630250 53.441381
50.632938 53.441506
50.640702 53.441932
50.643833 53.442134
50.646762 53.442283
50.650757 53.442367
50.651553 53.442334
50.652099 53.442248
50.652562 53.442154
50.653194 53.441986
50.665490 53.438019
50.666554 53.437688
50.667268 53.437505
50.667908 53.437387
50.668612 53.437315
50.680526 53.437010
50.681116 53.437005
50.683766 53.436936
50.688632 53.436801
50.690045 53.436754
50.692893 53.436555
50.696559 53.436270
50.697961 53.436138
50.699105 53.435972
50.719130 53.432643
50.720506 53.432448
50.721273 53.432367
50.722394 53.432283
50.723538 53.432244
50.724848 53.432288
50.730248 53.432769
50.731140 53.432812
50.731945 53.432778
50.736022 53.432225
50.737000 53.432093
50.748939 53.430455
50.750860 53.430172
50.767721 53.427879
