-3.703447 43.349791
-3.703526 43.349933
-3.703597 43.350084
-3.703659 43.350357
-3.703682 43.350492
-3.703715 43.350608
-3.703732 43.350657
-3.703769 43.350764
-3.703810 43.350889
-3.703844 43.350931
-3.703967 43.351083
-3.704059 43.351184
-3.704157 43.351325
-3.704194 43.351382
-3.704332 43.351590
-3.704404 43.351707
-3.704534 43.351899
-3.704574 43.351965
-3.704569 43.352041
-3.704693 43.352052
-3.704779 43.352058
-3.705081 43.352069
-3.705466 43.352102
-3.705662 43.352115
-3.705830 43.352137
-3.705913 43.352156
-3.706034 43.352199
-3.706131 43.352243
-3.706209 43.352278
-3.706289 43.352326
-3.706371 43.352371
-3.706459 43.352429
-3.706573 43.352536
-3.706637 43.352604
-3.706696 43.352670
-3.706734 43.352716
-3.706773 43.352759
-3.706863 43.352868
-3.706933 43.352970
-3.707049 43.353108
-3.707180 43.353221
-3.707418 43.353359
-3.707683 43.353499
-3.707806 43.353573
-3.707914 43.353654
-3.708023 43.353750
-3.708096 43.353831
-3.708132 43.353878
-3.708169 43.353946
-3.708221 43.354063
-3.708257 43.354216
-3.708296 43.354361
-3.708332 43.354498
-3.708387 43.354677
-3.708465 43.354824
-3.708582 43.354979
-3.708664 43.355120
-3.708811 43.355389
-3.708981 43.355663
-3.709259 43.356106
-3.709351 43.356288
-3.709627 43.356746
-3.709961 43.357293
-3.709999 43.357364
-3.710326 43.357901
-3.710399 43.358027
-3.710581 43.358342
-3.711176 43.359320
-3.711285 43.359513
-3.711332 43.359587
-3.711562 43.359965
-3.711572 43.359982
-3.711996 43.360696
-3.712535 43.361613
-3.712695 43.361893
-3.712837 43.362230
-3.712941 43.362522
-3.712970 43.362670
-3.712995 43.362809
-3.713043 43.363106
-3.713053 43.363343
-3.713053 43.363554
-3.713037 43.364206
-3.713021 43.364795
-3.712983 43.365716
-3.712966 43.366019
-3.712884 43.366712
-3.712867 43.366846
-3.712870 43.366957
-3.712904 43.367072
-3.712981 43.367143
-3.713113 43.367210
-3.713437 43.367262
-3.713621 43.367348
-3.713711 43.367413
-3.713767 43.367446
-3.713789 43.367466
-3.713842 43.367526
-3.713873 43.367573
-3.713956 43.367716
-3.714141 43.368153
-3.714248 43.368396
-3.714497 43.368927
-3.714925 43.369771
-3.714977 43.369864
-3.715160 43.370214
-3.715228 43.370348
-3.715299 43.370494
-3.715344 43.370598
-3.715460 43.370819
-3.715645 43.371159
-3.716041 43.371711
-3.716505 43.372303
-3.716713 43.372574
-3.717250 43.373142
-3.717261 43.373153
-3.717311 43.373207
-3.717332 43.373234
-3.717437 43.373351
-3.718220 43.374199
-3.718300 43.374282
-3.719387 43.375423
-3.719435 43.375474
-3.719677 43.375727
-3.720723 43.376861
-3.721154 43.377301
-3.721502 43.377630
-3.721710 43.377733
-3.721951 43.377830
-3.722378 43.377999
-3.722515 43.378055
-3.722569 43.378082
-3.722649 43.378105
-3.722924 43.378222
-3.723163 43.378282
-3.723347 43.378318
-3.723590 43.378329
-3.723847 43.378314
-3.724138 43.378293
-3.724482 43.378266
-3.724713 43.378276
-3.724926 43.378301
-3.725196 43.378359
-3.725455 43.378459
-3.725685 43.378574
-3.726214 43.378828
-3.726573 43.378942
-3.727178 43.379084
-3.728519 43.379317
-3.728960 43.379403
-3.729405 43.379507
-3.731377 43.380189
-3.731545 43.380251
-3.731710 43.380336
-3.731932 43.380507
-3.732052 43.380649
-3.732150 43.380795
-3.732221 43.380953
-3.732255 43.381118
-3.732270 43.381337
-3.732265 43.381463
-3.732258 43.381505
-3.732261 43.381595
-3.732271 43.381825
-3.732277 43.381988
-3.732290 43.382407
-3.732365 43.382786
-3.732423 43.383014
-3.732449 43.383115
-3.732539 43.383300
-3.732556 43.383336
-3.732602 43.383396
-3.732618 43.383422
-3.732680 43.383507
-3.732819 43.383692
-3.732956 43.383808
-3.733213 43.384005
-3.733446 43.384142
-3.733727 43.384261
-3.733868 43.384299
-3.734075 43.384341
-3.734292 43.384363
-3.734846 43.384444
-3.735213 43.384426
-3.735436 43.384381
-3.735698 43.384324
-3.735764 43.384306
-3.736139 43.384176
-3.736525 43.384001
-3.736699 43.383930
-3.736765 43.383907
-3.736858 43.383871
-3.736913 43.383850
-3.736991 43.383860
-3.737056 43.383881
-3.737103 43.383895
-3.737128 43.383900
-3.737146 43.383903
-3.737202 43.383909
-3.737251 43.383911
-3.737273 43.383911
-3.737293 43.383910
-3.737310 43.383909
-3.737323 43.383907
-3.737331 43.383905
-3.737339 43.383904
-3.737346 43.383901
-3.737425 43.383856
-3.737507 43.383813
-3.737595 43.383780
-3.737672 43.383757
-3.737760 43.383738
-3.737838 43.383725
-3.737915 43.383715
-3.737959 43.383715
-3.738035 43.383720
-3.738088 43.383730
-3.738153 43.383749
-3.738371 43.383819
-3.738538 43.383893
-3.738988 43.384091
-3.739394 43.384273
-3.739519 43.384325
-3.739634 43.384379
-3.741063 43.384998
-3.741681 43.385281
-3.742532 43.385672
-3.742584 43.385725
-3.742624 43.385771
-3.742656 43.385814
-3.742683 43.385853
-3.742678 43.385871
-3.742691 43.385943
-3.742722 43.385992
-3.742789 43.386046
-3.742843 43.386069
-3.742939 43.386089
-3.743038 43.386083
-3.743103 43.386061
-3.743154 43.386057
-3.743199 43.386053
-3.743281 43.386059
-3.743394 43.386075
-3.743940 43.386323
-3.744364 43.386521
-3.744925 43.386767
-3.745182 43.386874
-3.745283 43.386914
-3.746220 43.387371
-3.746627 43.387555
-3.746806 43.387636
-3.746950 43.387709
-3.747087 43.387776
-3.747190 43.387828
-3.747286 43.387886
-3.747381 43.387949
-3.747476 43.388023
-3.747545 43.388088
-3.747606 43.388154
-3.747655 43.388225
-3.747691 43.388302
-3.747714 43.388376
-3.747722 43.388433
-3.747722 43.388486
-3.747710 43.388542
-3.747689 43.388591
-3.747641 43.388608
-3.747612 43.388625
-3.747574 43.388656
-3.747535 43.388708
-3.747520 43.388781
-3.747540 43.388852
-3.747575 43.388897
-3.747584 43.388979
-3.747575 43.389052
-3.747540 43.389178
-3.747466 43.389270
-3.747244 43.389507
-3.747197 43.389560
-3.747089 43.389678
-3.746732 43.390075
-3.746628 43.390207
-3.746568 43.390290
-3.746501 43.390397
-3.746465 43.390460
-3.746363 43.390632
-3.746300 43.390767
-3.746243 43.390895
-3.746157 43.390949
-3.746089 43.390993
-3.746030 43.391024
-3.745876 43.391000
-3.745690 43.391024
-3.745570 43.391075
-3.745491 43.391138
-3.745440 43.391202
-3.745405 43.391313
-3.745420 43.391372
-3.745443 43.391464
-3.745531 43.391559
-3.745712 43.391642
-3.745867 43.391660
-3.745934 43.391655
-3.745983 43.391647
-3.746044 43.391631
-3.746066 43.391624
-3.746191 43.391554
-3.746240 43.391513
-3.746290 43.391532
-3.746324 43.391548
-3.746361 43.391565
-3.746406 43.391588
-3.746659 43.391726
-3.746852 43.391830
-3.746976 43.391895
-3.747113 43.391967
-3.747266 43.392041
-3.747385 43.392096
-3.747512 43.392152
-3.748121 43.392402
-3.748328 43.392485
-3.748631 43.392616
-3.748784 43.392682
-3.748897 43.392736
-3.749028 43.392803
-3.749141 43.392859
-3.749318 43.392950
-3.750106 43.393349
-3.750464 43.393531
-3.750854 43.393706
-3.751280 43.393890
-3.751747 43.394069
-3.752442 43.394311
-3.753482 43.394611
-3.754528 43.394894
-3.755314 43.395146
-3.755941 43.395414
-3.756374 43.395639
-3.756740 43.395879
-3.757007 43.396069
-3.757299 43.396304
-3.757770 43.396778
-3.758183 43.397309
-3.758746 43.397996
-3.759058 43.398350
-3.759707 43.398891
-3.760194 43.399168
-3.760607 43.399404
-3.760961 43.399570
-3.761220 43.399648
-3.761687 43.399801
-3.762053 43.399897
-3.762554 43.399997
-3.763236 43.400085
-3.763555 43.400117
-3.763885 43.400120
-3.764694 43.400095
-3.765727 43.399989
-3.766538 43.399916
-3.766733 43.399905
-3.767018 43.399909
-3.767208 43.399904
-3.767912 43.399933
-3.768555 43.400022
-3.770016 43.400303
-3.771143 43.400485
-3.771896 43.400582
-3.772773 43.400646
-3.773789 43.400676
-3.774424 43.400676
-3.775420 43.400625
-3.776283 43.400560
-3.777122 43.400429
-3.777797 43.400308
-3.778490 43.400171
-3.779364 43.399936
-3.780250 43.399670
-3.782840 43.398854
-3.786327 43.397765
-3.787032 43.397540
-3.787972 43.397245
-3.788379 43.397118
-3.788806 43.396992
-3.789390 43.396832
-3.789722 43.396746
-3.790111 43.396656
-3.790367 43.396600
-3.790648 43.396540
-3.791172 43.396438
-3.791714 43.396334
-3.793531 43.395983
-3.794491 43.395799
-3.795469 43.395621
-3.796692 43.395377
-3.798811 43.394976
-3.801393 43.394518
-3.801737 43.394456
-3.803056 43.394206
-3.804532 43.393926
-3.804945 43.393852
-3.805239 43.393804
-3.805425 43.393779
-3.805614 43.393757
-3.805896 43.393733
-3.806154 43.393721
-3.806373 43.393715
-3.806581 43.393714
-3.806812 43.393720
-3.807027 43.393729
-3.807204 43.393743
-3.807384 43.393758
-3.807519 43.393772
-3.807676 43.393793
-3.807920 43.393829
-3.808242 43.393871
-3.808544 43.393910
-3.808945 43.393960
-3.809392 43.394019
-3.809768 43.394069
-3.810035 43.394106
-3.810395 43.394151
-3.810786 43.394200
-3.811059 43.394242
-3.811211 43.394270
-3.811440 43.394315
-3.811625 43.394359
-3.811830 43.394419
-3.812058 43.394497
-3.812249 43.394574
-3.812411 43.394647
-3.812570 43.394720
-3.812700 43.394790
-3.812857 43.394877
-3.813026 43.394987
-3.813178 43.395106
-3.813339 43.395238
-3.813461 43.395348
-3.813598 43.395488
-3.813710 43.395620
-3.813821 43.395766
-3.813893 43.395867
-3.813954 43.395969
-3.813997 43.396043
-3.814046 43.396134
-3.814110 43.396264
-3.814163 43.396379
-3.814214 43.396497
-3.814626 43.397489
-3.815467 43.399529
-3.815528 43.399675
-3.815589 43.399808
-3.815635 43.399903
-3.815684 43.400002
-3.815742 43.400106
-3.815787 43.400182
-3.815834 43.400257
-3.815897 43.400356
-3.815933 43.400413
-3.815975 43.400474
-3.816025 43.400541
-3.816077 43.400611
-3.816191 43.400752
-3.816300 43.400875
-3.816397 43.400973
-3.816522 43.401093
-3.816667 43.401227
-3.816883 43.401410
-3.817354 43.401800
-3.817960 43.402296
-3.818404 43.402635
-3.818936 43.403050
-3.819674 43.403624
-3.820382 43.404042
-3.820885 43.404285
-3.821389 43.404522
-3.822577 43.405097
-3.823092 43.405344
-3.823581 43.405553
-3.824673 43.405954
-3.828164 43.407341
-3.828670 43.407550
-3.831689 43.408809
-3.832282 43.409055
-3.832901 43.409391
-3.833428 43.409742
-3.833951 43.410234
-3.834532 43.410844
-3.835247 43.411642
-3.836573 43.413092
-3.837023 43.413593
-3.838505 43.415246
-3.839125 43.415956
-3.839425 43.416296
-3.839814 43.416811
-3.840005 43.417141
-3.840080 43.417391
-3.840119 43.417509
-3.840165 43.417715
-3.840187 43.417980
-3.840141 43.418252
-3.840071 43.418505
-3.839970 43.418737
-3.839795 43.418988
-3.839673 43.419126
-3.839492 43.419321
-3.839262 43.419499
-3.838569 43.420009
-3.838194 43.420295
-3.837721 43.420660
-3.837533 43.420811
-3.836593 43.421526
-3.836343 43.421748
-3.835733 43.422274
-3.835528 43.422512
-3.835371 43.422739
-3.835254 43.422966
-3.835204 43.423081
-3.835190 43.423121
-3.835133 43.423386
-3.835122 43.423507
-3.835120 43.423749
-3.835135 43.424029
-3.835167 43.424324
-3.835204 43.424608
-3.835223 43.424753
-3.835270 43.425039
-3.835443 43.425859
-3.835630 43.426689
-3.835999 43.428292
-3.836117 43.428976
-3.836538 43.430866
-3.836597 43.431222
-3.837054 43.433550
-3.837119 43.433980
-3.837220 43.434563
-3.837252 43.434719
-3.837283 43.434930
-3.837286 43.435777
-3.837272 43.436554
-3.837231 43.437077
-3.837117 43.437763
-3.837057 43.437963
-3.837016 43.438178
-3.836966 43.438475
-3.836884 43.438879
-3.836765 43.439319
-3.836628 43.439777
-3.836527 43.440073
-3.836461 43.440248
-3.836106 43.441074
-3.835993 43.441157
-3.835850 43.441216
-3.835701 43.441231
-3.835585 43.441209
-3.835453 43.441163
-3.835388 43.441093
-3.835337 43.441028
-3.835336 43.440881
-3.835371 43.440802
-3.835409 43.440747
-3.835472 43.440700
-3.835569 43.440657
-3.835802 43.440607
-3.836159 43.440559
-3.836410 43.440530
-3.836711 43.440474
-3.837056 43.440383
-3.837378 43.440310
-3.837844 43.440202
-3.838201 43.440160
-3.838480 43.440170
-3.838599 43.440172
-3.838634 43.440195
-3.838715 43.440226
-3.838834 43.440234
-3.838840 43.440373
-3.838865 43.440959
-3.838871 43.441254
-3.838886 43.442030
-3.838897 43.442634
-3.838900 43.442751
-3.838833 43.442759
-3.838780 43.442783
-3.838745 43.442816
-3.838728 43.442856
-3.838583 43.442859
-3.837963 43.442873
-3.837795 43.442877
-3.836940 43.442562
-3.836851 43.442684
-3.835023 43.445191
