9.851211 55.862629
9.851493 55.862584
9.851597 55.862571
9.851991 55.862536
9.852356 55.862497
9.852551 55.862485
9.852710 55.862490
9.853055 55.862492
9.853342 55.862490
9.853626 55.862482
9.853840 55.862470
9.854386 55.862440
9.855034 55.862398
9.855888 55.862367
9.856086 55.862361
9.856281 55.862358
9.856582 55.862357
9.857719 55.862360
9.859153 55.862351
9.859287 55.862352
9.859393 55.862358
9.859587 55.862373
9.859801 55.862407
9.860028 55.862454
9.860251 55.862516
9.860520 55.862588
9.860655 55.862624
9.860747 55.862647
9.860820 55.862662
9.861070 55.862715
9.861413 55.862766
9.862408 55.862879
9.862902 55.862928
9.863358 55.862980
9.863818 55.863038
9.863989 55.863067
9.864550 55.863177
9.865758 55.863388
9.865851 55.863404
9.865941 55.863420
9.866643 55.863544
9.866822 55.863577
9.867931 55.863776
9.867907 55.863825
9.867759 55.864912
9.867521 55.866355
9.867422 55.867602
9.867427 55.867649
9.867801 55.869503
9.867816 55.869566
9.867446 55.869607
9.865249 55.869836
9.864811 55.869882
9.863996 55.869968
9.862793 55.870095
9.862775 55.870036
9.862461 55.868346
9.862445 55.868252
9.862438 55.868207
9.862402 55.868190
9.862343 55.868187
9.861580 55.868266
9.861174 55.868313
9.859925 55.868455
9.859576 55.868491
9.858778 55.868578
9.858565 55.868601
9.857608 55.868702
9.856311 55.868839
9.855024 55.868977
9.854757 55.869005
9.854292 55.869058
9.853992 55.869080
9.853935 55.869089
9.853774 55.869102
9.853095 55.869182
9.852535 55.869248
9.851885 55.869317
9.851300 55.869379
9.850685 55.869446
9.850070 55.869515
9.849454 55.869584
9.848574 55.869671
9.848326 55.869698
9.848093 55.869718
9.847673 55.869740
9.847224 55.869764
9.846606 55.869798
9.846023 55.869828
9.845805 55.869833
9.845695 55.869834
9.845422 55.869818
9.845189 55.869782
9.844953 55.869741
9.844724 55.869684
9.844516 55.869640
9.844638 55.869495
9.845137 55.868926
9.845154 55.868907
9.845178 55.868873
9.845201 55.868831
9.845207 55.868769
9.845198 55.868708
9.845121 55.868468
9.845053 55.868339
9.845012 55.868231
9.844967 55.868095
9.844843 55.867699
9.844734 55.867346
9.844651 55.867064
9.844582 55.866850
9.844467 55.866480
9.844417 55.866311
9.844351 55.866070
9.844320 55.865875
9.844317 55.865677
9.844351 55.865358
9.844395 55.865090
9.844398 55.865073
9.844416 55.864983
9.844446 55.864890
9.844513 55.864676
9.844627 55.864219
9.844717 55.863861
9.844737 55.863786
9.844742 55.863756
9.844742 55.863699
9.844717 55.863623
9.844675 55.863552
9.844624 55.863499
9.844512 55.863431
9.844386 55.863385
9.844291 55.863355
9.844193 55.863333
9.844159 55.863326
9.843983 55.863287
9.843837 55.863265
9.843659 55.863246
9.843350 55.863225
9.842946 55.863207
9.842886 55.863197
9.842830 55.863179
9.842783 55.863157
9.842757 55.863131
9.842735 55.863098
9.842730 55.863060
9.842732 55.862997
9.842758 55.862905
9.842926 55.862281
9.842901 55.862190
9.842856 55.862102
9.842808 55.862058
9.842724 55.861980
9.842537 55.861862
9.842460 55.861749
9.842448 55.861687
9.842446 55.861602
9.842446 55.861563
9.842430 55.861168
9.842462 55.860648
9.842465 55.860613
9.842462 55.860544
9.842441 55.860392
9.842333 55.860271
9.842321 55.860205
9.842294 55.860121
9.842255 55.860001
9.842213 55.859921
9.842088 55.859691
9.841862 55.859419
9.841544 55.859078
9.841164 55.858694
9.841114 55.858545
9.840986 55.858410
9.840740 55.858195
9.840405 55.858021
9.840249 55.857941
9.840192 55.857914
9.840078 55.857859
9.839956 55.857793
9.839882 55.857756
9.839817 55.857723
9.838885 55.857255
9.838737 55.857181
9.837665 55.856641
9.837498 55.856553
9.836821 55.856216
9.836661 55.856136
9.836790 55.856047
9.837111 55.855846
9.836790 55.856047
9.836661 55.856136
9.836821 55.856216
9.836722 55.856279
9.836619 55.856347
9.836590 55.856372
9.836576 55.856565
9.836576 55.856610
9.836802 55.856615
9.836893 55.856622
9.836937 55.856643
9.837076 55.856553
9.837264 55.856641
9.837273 55.856652
9.837270 55.856666
9.837239 55.856684
9.837196 55.856708
9.837147 55.856744
9.836937 55.856643
9.836893 55.856622
9.836802 55.856615
9.836576 55.856610
9.836576 55.856565
9.836590 55.856372
9.836619 55.856347
9.836722 55.856279
9.836821 55.856216
9.837498 55.856553
9.837665 55.856641
9.838737 55.857181
9.838885 55.857255
9.839817 55.857723
9.839882 55.857756
9.839956 55.857793
9.840078 55.857859
9.840192 55.857914
9.840249 55.857941
9.840405 55.858021
9.840740 55.858195
9.840986 55.858410
9.841114 55.858545
9.841319 55.858660
9.841463 55.858806
9.841810 55.859170
9.842071 55.859462
9.842222 55.859647
9.842312 55.859785
9.842359 55.859864
9.842388 55.859922
9.842444 55.860031
9.842490 55.860147
9.842516 55.860233
9.842441 55.860392
9.842462 55.860544
9.842465 55.860613
9.842462 55.860648
9.842430 55.861168
9.842446 55.861563
9.842446 55.861602
9.842448 55.861687
9.842460 55.861749
9.842537 55.861862
9.842724 55.861980
9.842808 55.862058
9.842856 55.862102
9.842901 55.862190
9.842926 55.862281
9.842758 55.862905
9.842732 55.862997
9.842730 55.863060
9.842735 55.863098
9.842757 55.863131
9.842783 55.863157
9.842830 55.863179
9.842886 55.863197
9.842946 55.863207
9.843350 55.863225
9.843659 55.863246
9.843837 55.863265
9.843983 55.863287
9.844159 55.863326
9.844193 55.863333
9.844291 55.863355
9.844386 55.863385
9.844512 55.863431
9.844624 55.863499
9.844675 55.863552
9.844717 55.863623
9.844742 55.863699
9.844853 55.863698
9.844960 55.863686
9.845168 55.863660
9.846049 55.863523
9.846355 55.863471
9.847008 55.863375
9.847148 55.863335
9.847265 55.863297
9.847433 55.863241
9.847582 55.863190
9.847808 55.863131
9.847922 55.863111
9.848062 55.863094
9.848220 55.863074
9.848265 55.863068
9.848963 55.862952
9.850072 55.862796
9.851211 55.862629
