73.406992 61.267202
73.406836 61.266882
73.406759 61.266736
73.406703 61.266613
73.406414 61.265954
73.406354 61.265817
73.406681 61.265782
73.406858 61.265763
73.408079 61.265630
73.408365 61.265599
73.408958 61.265527
73.409414 61.265477
73.411444 61.265234
73.412106 61.265157
73.412569 61.265103
73.412698 61.265087
73.412571 61.264829
73.412259 61.264211
73.411879 61.263473
73.411857 61.263430
73.411832 61.263379
73.411803 61.263321
73.411355 61.262429
73.411156 61.262028
73.411060 61.261820
73.410907 61.261511
73.410725 61.261143
73.410509 61.260706
73.410414 61.260515
73.410279 61.260241
73.410222 61.260126
73.409927 61.259531
73.409664 61.259035
73.409611 61.258925
73.409479 61.258648
73.409396 61.258485
73.409309 61.258283
73.409714 61.258237
73.411675 61.258010
73.412820 61.257875
73.413097 61.257845
73.415353 61.257575
73.417084 61.257368
73.417604 61.257311
73.418053 61.257260
73.420371 61.257005
73.421145 61.256916
73.422205 61.256796
73.424277 61.256563
73.425228 61.256451
73.425793 61.256385
73.426461 61.256306
73.428857 61.256026
73.429844 61.255912
73.430077 61.255885
73.430350 61.255854
73.430992 61.255764
73.431337 61.255703
73.431441 61.255680
73.431645 61.255635
73.431889 61.255578
73.432113 61.255515
73.432405 61.255435
73.432647 61.255359
73.432946 61.255259
73.433217 61.255144
73.433444 61.255037
73.433860 61.254807
73.434077 61.254692
73.434365 61.254541
73.434728 61.254339
73.435172 61.254062
73.435368 61.253922
73.435544 61.253779
73.435721 61.253629
73.435878 61.253461
73.436080 61.253207
73.436707 61.252423
73.437437 61.251486
73.437875 61.250917
73.438498 61.250180
73.439164 61.249392
73.439308 61.249222
73.439421 61.249088
73.439581 61.248899
73.440123 61.248234
73.441687 61.246248
73.442023 61.245885
73.442562 61.245450
73.442917 61.245221
73.443571 61.244874
73.444318 61.244573
73.445091 61.244321
73.445978 61.244107
73.446494 61.244014
73.447013 61.243943
73.447938 61.243833
73.448228 61.243796
73.448120 61.243593
73.447705 61.242795
73.447667 61.242722
73.447297 61.242068
73.446843 61.241264
73.446760 61.241106
73.446311 61.240279
73.446030 61.239751
73.445696 61.239126
73.445619 61.238982
73.445328 61.239017
73.443688 61.239201
73.442263 61.239387
73.442090 61.239410
73.441381 61.239502
73.439520 61.239736
73.437864 61.239941
73.437110 61.240033
73.436743 61.240078
73.436339 61.240128
73.433402 61.240503
73.433274 61.240520
73.433162 61.240489
73.433219 61.240433
73.433352 61.240416
73.435321 61.240161
73.435255 61.240038
73.435321 61.240161
73.436258 61.240040
73.436693 61.239983
73.437005 61.239942
73.437796 61.239845
73.439262 61.239662
73.439342 61.239651
73.439458 61.239635
73.441316 61.239396
73.442030 61.239305
73.442250 61.239278
73.443199 61.239160
73.443739 61.239091
73.445250 61.238898
73.445550 61.238861
73.445487 61.238736
73.445506 61.238663
73.445525 61.238608
73.445258 61.238121
73.445141 61.237907
73.444836 61.237340
73.444658 61.237007
73.444553 61.236810
73.444498 61.236708
73.444476 61.236666
73.444424 61.236570
73.444183 61.236111
73.444096 61.235947
73.443837 61.235454
73.443630 61.235060
73.443596 61.234996
73.443074 61.234107
73.443002 61.233984
73.443392 61.233935
73.444450 61.233801
73.445151 61.233715
73.445352 61.233687
73.445298 61.233585
73.445124 61.233266
