8.087998 45.521262
8.087526 45.522116
8.087456 45.522237
8.087417 45.522294
8.087298 45.522454
8.087180 45.522586
8.086291 45.523528
8.086104 45.523721
8.085753 45.524083
8.086387 45.524921
8.086503 45.525059
8.086633 45.525177
8.086776 45.525295
8.087031 45.525425
8.088742 45.526296
8.089857 45.526862
8.089966 45.526909
8.090193 45.527045
8.090334 45.527090
8.090429 45.527110
8.090468 45.527107
8.090539 45.527111
8.090605 45.527130
8.090661 45.527162
8.090700 45.527203
8.090721 45.527251
8.090722 45.527299
8.090703 45.527346
8.090666 45.527387
8.090614 45.527419
8.090552 45.527439
8.090484 45.527447
8.090421 45.527472
8.090282 45.527566
8.090130 45.527712
8.089956 45.527862
8.087839 45.530496
8.087768 45.530585
8.087636 45.530757
8.087679 45.530782
8.087708 45.530816
8.087720 45.530854
8.087714 45.530890
8.087695 45.530923
8.087662 45.530950
8.087619 45.530969
8.087570 45.530979
8.087518 45.530978
8.087470 45.530967
8.087302 45.531174
8.086578 45.532046
8.085166 45.533765
8.085231 45.533812
8.085241 45.533894
8.085202 45.533924
8.085126 45.533952
8.085026 45.533938
8.084806 45.534212
8.083716 45.535573
8.083071 45.536372
8.083002 45.536458
8.082299 45.537322
8.081962 45.537732
8.081775 45.537962
8.081618 45.538155
8.081456 45.538354
8.080475 45.539614
8.080234 45.539863
8.080287 45.539901
8.080305 45.539953
8.080283 45.540005
8.080219 45.540045
8.080160 45.540054
8.080103 45.540138
8.080039 45.540220
8.079669 45.540696
8.079613 45.540769
8.079426 45.540982
8.079456 45.541044
8.079443 45.541085
8.079385 45.541130
8.079314 45.541144
8.076791 45.544137
8.076421 45.544574
8.076369 45.544681
8.076347 45.544772
8.076376 45.544816
8.076386 45.544866
8.076374 45.544916
8.076341 45.544961
8.076289 45.544999
8.076223 45.545023
8.076064 45.545099
8.075977 45.545160
8.075887 45.545259
8.075562 45.545647
8.073586 45.548009
8.072880 45.548871
8.072593 45.549283
8.071891 45.550102
8.071519 45.550565
8.071433 45.550664
8.071376 45.550736
8.071421 45.550796
8.071435 45.550862
8.071416 45.550928
8.071376 45.550978
8.071318 45.551017
8.071246 45.551042
8.071170 45.551052
8.071093 45.551048
8.070926 45.551236
8.070859 45.551316
8.070073 45.552275
8.070015 45.552347
8.069137 45.553444
8.068646 45.554051
8.068556 45.554149
8.068506 45.554218
8.068525 45.554238
8.068541 45.554266
8.068544 45.554295
8.068536 45.554321
8.068519 45.554344
8.068493 45.554363
8.068460 45.554376
8.068427 45.554423
8.068369 45.554502
8.068242 45.554612
8.068119 45.554738
8.067495 45.555470
8.066972 45.556065
8.066821 45.556204
8.066501 45.556523
8.066471 45.556583
8.066451 45.556645
8.066419 45.556749
8.066407 45.556793
8.066376 45.556831
8.066329 45.556861
8.066170 45.556941
8.066052 45.557021
8.065878 45.557172
8.065580 45.557618
8.065219 45.558262
8.064965 45.558686
8.064805 45.558922
8.064830 45.558932
8.064850 45.558947
8.064861 45.558966
8.064863 45.558987
8.064855 45.559006
8.064845 45.559019
8.064830 45.559029
8.064813 45.559037
8.064794 45.559041
8.064773 45.559043
8.064753 45.559041
8.064659 45.559255
8.063874 45.560384
8.063305 45.561148
8.063008 45.561532
8.063035 45.561545
8.063055 45.561564
8.063065 45.561585
8.063065 45.561608
8.063055 45.561630
8.063035 45.561649
8.063008 45.561662
8.062975 45.561669
8.062942 45.561668
8.062910 45.561659
8.062831 45.561779
8.062167 45.562421
8.061636 45.562958
8.061309 45.563299
8.061208 45.563418
8.061088 45.563574
8.061079 45.563598
8.061083 45.563751
8.061105 45.563823
8.061146 45.563968
8.061431 45.564571
8.061481 45.564725
8.061547 45.565052
8.061579 45.565224
8.061628 45.565384
8.061613 45.565503
8.061627 45.565549
8.061654 45.565575
8.061669 45.565607
8.061668 45.565640
8.061654 45.565671
8.061626 45.565697
8.061643 45.565773
8.061673 45.565890
8.061668 45.565981
8.061680 45.566047
8.061662 45.566180
8.061621 45.566290
8.061565 45.566385
8.061392 45.566545
8.061366 45.566569
8.060648 45.567323
8.060477 45.567615
8.060393 45.567852
8.060319 45.568288
8.060309 45.568401
8.060198 45.569630
8.060071 45.570371
8.060060 45.570409
8.060096 45.570426
8.060122 45.570451
8.060135 45.570480
8.060186 45.570545
8.060256 45.570658
8.060281 45.570715
8.060298 45.570785
8.060506 45.571100
8.060602 45.571164
8.060779 45.571290
8.060793 45.571303
8.060832 45.571341
8.060882 45.571356
8.060935 45.571402
8.060942 45.571445
8.060920 45.571486
8.060879 45.571514
8.060821 45.571528
8.060770 45.571568
8.060719 45.571627
8.060665 45.571661
8.060605 45.571668
8.060569 45.571676
8.060234 45.571738
8.059540 45.571866
8.058519 45.572077
8.058025 45.572177
8.057903 45.572219
8.057702 45.572301
8.057316 45.572546
8.056788 45.572891
8.056420 45.573136
8.055656 45.573615
8.055180 45.573917
8.054637 45.574212
8.054365 45.574377
8.053863 45.574665
8.053778 45.574715
8.053673 45.574815
8.053534 45.574964
8.053401 45.575211
8.053194 45.575663
8.052656 45.576934
8.052635 45.577122
8.052674 45.577346
8.052810 45.577617
8.053055 45.577911
8.053342 45.578155
8.053924 45.578477
8.055262 45.579040
8.056150 45.579337
8.056612 45.579609
8.056744 45.579697
8.057287 45.580308
8.058132 45.581451
8.058335 45.581736
8.058472 45.582002
8.058665 45.582642
8.058710 45.582754
8.058727 45.582750
8.058744 45.582751
8.058760 45.582755
8.058773 45.582763
8.058782 45.582774
8.058785 45.582785
8.058782 45.582796
8.059081 45.582808
8.059621 45.582861
8.059821 45.582903
8.059886 45.582922
8.059944 45.582970
8.060028 45.583124
8.060083 45.583331
8.060240 45.584032
8.060356 45.584291
8.060586 45.584605
8.060807 45.584983
8.060928 45.585404
8.061009 45.585767
8.061049 45.585885
8.061106 45.585968
8.061207 45.586036
8.061328 45.586063
8.061478 45.586066
8.061674 45.586041
8.061783 45.586017
8.062666 45.585824
8.063178 45.585714
8.064090 45.585512
8.064607 45.585395
8.066116 45.585052
8.066601 45.584942
8.067521 45.584727
8.067841 45.584675
8.068017 45.584655
8.068152 45.584667
8.068335 45.584692
8.068463 45.584727
8.068683 45.584845
8.068789 45.584915
8.069693 45.585474
8.070054 45.585716
8.074263 45.588530
8.074419 45.588609
8.074524 45.588634
8.074645 45.588642
8.074762 45.588638
8.074907 45.588604
8.075018 45.588549
8.075235 45.588441
8.075614 45.588260
8.075752 45.588213
8.075885 45.588187
8.076023 45.588183
8.076204 45.588201
8.076372 45.588232
8.076554 45.588288
8.076937 45.588458
8.080180 45.590161
8.080407 45.590290
8.080562 45.590389
8.080732 45.590528
8.080848 45.590668
8.081539 45.591564
8.081625 45.591704
8.081662 45.591864
8.081672 45.592017
8.081688 45.592241
8.081792 45.592489
8.081890 45.592630
8.081975 45.592737
8.082013 45.592858
8.082006 45.592942
8.081969 45.593038
8.081898 45.593122
8.081357 45.593607
8.081245 45.593671
8.081124 45.593685
8.081024 45.593670
8.080934 45.593626
8.080809 45.593527
8.080708 45.593356
8.080632 45.593212
8.080504 45.593091
8.080348 45.593003
8.080226 45.592956
8.080081 45.592949
8.079918 45.592969
8.079763 45.593038
8.079675 45.593109
8.079612 45.593230
8.079578 45.593380
8.079581 45.593585
8.079639 45.593839
8.079662 45.594002
8.079645 45.594116
8.079618 45.594186
8.079546 45.594256
8.079193 45.594536
8.079118 45.594628
8.079087 45.594712
8.079103 45.594856
8.079172 45.595125
8.079258 45.595281
8.079332 45.595354
8.079462 45.595424
8.079669 45.595489
8.079955 45.595571
8.080051 45.595637
8.080512 45.596017
8.080662 45.596090
8.080819 45.596167
8.081369 45.596696
8.081481 45.596772
8.081587 45.596832
8.081689 45.596862
8.081781 45.596864
8.082325 45.596760
8.082612 45.596705
8.082831 45.596663
8.082966 45.596638
8.083085 45.596615
8.083216 45.596621
8.083508 45.596660
8.083678 45.596687
8.083785 45.596675
8.083882 45.596638
8.084025 45.596534
8.084250 45.596210
8.084371 45.596093
8.084516 45.596014
8.084620 45.595952
8.084737 45.595854
8.085249 45.595360
8.085384 45.595281
8.085521 45.595224
8.085635 45.595202
8.085753 45.595198
8.085891 45.595220
8.086214 45.595290
8.086277 45.595299
8.086319 45.595226
8.086379 45.595189
8.086457 45.595176
8.086506 45.595168
8.086724 45.595168
8.086942 45.595184
8.087103 45.595224
8.087276 45.595310
8.087467 45.595421
8.087572 45.595523
8.087673 45.595657
8.087745 45.595838
8.087763 45.595964
8.087782 45.596237
8.087812 45.596279
8.087861 45.596319
8.087932 45.596345
8.088011 45.596348
8.088067 45.596337
8.088128 45.596311
8.088161 45.596274
8.088176 45.596232
8.088210 45.596167
8.088270 45.596051
8.088353 45.595935
8.088694 45.595636
8.088758 45.595553
8.088766 45.595518
8.088754 45.595421
8.088742 45.595386
8.088522 45.594982
8.088484 45.594859
8.088480 45.594788
8.088473 45.594701
8.088507 45.594638
8.088559 45.594551
8.088619 45.594488
8.088724 45.594402
8.088901 45.594270
8.089017 45.594136
8.089103 45.594002
8.089160 45.593860
8.089221 45.593587
8.089231 45.593419
