-86.567611 34.742810
-86.567597 34.743337
-86.567916 34.743333
-86.570289 34.743364
-86.570280 34.743875
-86.570270 34.744395
-86.570261 34.744898
-86.570261 34.745414
-86.570261 34.745599
-86.570261 34.745946
-86.570251 34.745998
-86.570237 34.746069
-86.570219 34.746444
-86.570195 34.746948
-86.572807 34.746982
-86.572814 34.746478
-86.572821 34.745968
-86.572833 34.745290
-86.572839 34.744938
-86.572853 34.744439
-86.572871 34.743915
-86.572888 34.743419
-86.572905 34.742894
-86.572923 34.742374
-86.572928 34.741840
-86.572932 34.741322
-86.572937 34.740807
-86.572930 34.740609
-86.572935 34.740273
-86.572954 34.739763
-86.572964 34.739236
-86.572977 34.738758
-86.572980 34.738674
-86.572996 34.738169
-86.573010 34.737735
-86.573012 34.737655
-86.573031 34.737139
-86.573037 34.736619
-86.573047 34.736110
-86.573064 34.735585
-86.573062 34.735061
-86.573059 34.734536
-86.574339 34.734553
-86.574646 34.734557
-86.575606 34.734565
-86.574646 34.734557
-86.574693 34.733918
-86.575322 34.733920
-86.574693 34.733918
-86.574646 34.734557
-86.574339 34.734553
-86.574332 34.735081
-86.574325 34.735606
-86.574316 34.736136
-86.574306 34.736312
-86.574299 34.736628
-86.574285 34.737157
-86.574268 34.737667
-86.574267 34.737756
-86.574260 34.738180
-86.574254 34.738691
-86.574259 34.738774
-86.574242 34.739258
-86.574239 34.739782
-86.574212 34.740294
-86.574205 34.740613
-86.574205 34.740824
-86.574194 34.741346
-86.574182 34.741857
-86.574174 34.742387
-86.574167 34.742914
-86.574160 34.743433
-86.574150 34.743935
-86.574135 34.744456
-86.574121 34.744953
-86.574106 34.745470
-86.574105 34.745515
-86.574090 34.745984
-86.574081 34.746484
-86.574073 34.746904
-86.574066 34.747002
-86.574060 34.747492
-86.574053 34.747981
-86.574046 34.748487
-86.574038 34.749053
-86.575185 34.749064
-86.575316 34.749065
-86.575461 34.749068
-86.576065 34.749078
-86.576567 34.749086
-86.577077 34.749074
-86.577331 34.749097
-86.577740 34.749100
-86.577974 34.749102
-86.578218 34.749118
-86.578452 34.749134
-86.578747 34.749132
-86.579283 34.749124
-86.579501 34.749120
-86.579796 34.749125
-86.580383 34.749135
-86.579618 34.750793
-86.579591 34.750843
-86.578997 34.751970
-86.578841 34.752265
-86.578711 34.752542
-86.578841 34.752265
-86.578997 34.751970
-86.579591 34.750843
-86.579618 34.750793
-86.580383 34.749135
-86.580913 34.749142
-86.581116 34.749149
-86.581111 34.749285
-86.581121 34.749442
-86.581102 34.749548
-86.581063 34.749697
-86.580410 34.751153
-86.580368 34.751246
-86.579943 34.752191
-86.579739 34.752667
-86.579943 34.752191
-86.580368 34.751246
-86.580410 34.751153
-86.581063 34.749697
-86.581102 34.749548
-86.581121 34.749442
-86.581111 34.749285
-86.581116 34.749149
-86.581879 34.749176
-86.582122 34.749178
-86.582046 34.749269
-86.581895 34.749571
-86.581077 34.751394
-86.580497 34.752697
-86.581077 34.751394
-86.581895 34.749571
-86.582046 34.749269
-86.582122 34.749178
-86.583000 34.749193
-86.584731 34.749194
-86.584741 34.749368
-86.584738 34.749865
-86.584709 34.750021
-86.584615 34.750504
-86.584550 34.750745
-86.584463 34.750967
-86.584353 34.751199
-86.584266 34.751404
-86.584177 34.751596
-86.583791 34.752425
-86.583408 34.753223
-86.583240 34.753614
-86.583211 34.753699
-86.583202 34.753767
-86.583096 34.753740
-86.582827 34.753639
-86.582014 34.753353
-86.581441 34.753171
-86.581209 34.753102
-86.581364 34.752852
-86.581392 34.752797
-86.581587 34.752429
-86.581758 34.752088
-86.582095 34.751311
-86.582152 34.751178
-86.582218 34.751026
-86.582387 34.750636
-86.582446 34.750500
-86.582687 34.749938
-86.582937 34.749953
-86.584095 34.750004
-86.584709 34.750021
-86.584615 34.750504
