37.201795 56.007282
37.200728 56.007594
37.200565 56.007642
37.200176 56.007204
37.199896 56.006887
37.199264 56.006182
37.197360 56.004007
37.197201 56.003826
37.197119 56.003734
37.196599 56.003156
37.195530 56.001970
37.194534 56.000863
37.193818 56.000068
37.193420 55.999625
37.193363 55.999564
37.192449 55.998565
37.191269 55.997276
37.190722 55.996677
37.188838 55.994576
37.188478 55.994175
37.187595 55.993177
37.186436 55.991864
37.186307 55.991719
37.186110 55.991495
37.183388 55.988404
37.182532 55.987452
37.182355 55.987254
37.181302 55.986082
37.179846 55.984461
37.179498 55.984153
37.179130 55.983827
37.178731 55.983555
37.177982 55.983154
37.177830 55.983076
37.177566 55.982913
37.177476 55.982842
37.177290 55.982703
37.177217 55.982655
37.176298 55.982000
37.175945 55.981780
37.168726 55.978338
37.167952 55.977969
37.167687 55.977838
37.167376 55.977685
37.166869 55.977484
37.166562 55.977387
37.166329 55.977331
37.166147 55.977295
37.165909 55.977266
37.165653 55.977237
37.165328 55.977214
37.165110 55.977207
37.163843 55.977218
37.163309 55.977221
37.162151 55.977226
37.162028 55.977226
37.161891 55.977225
37.160668 55.977221
37.159546 55.977216
37.158692 55.977213
37.158568 55.977213
37.158418 55.977212
37.157392 55.977208
37.157202 55.977206
37.157108 55.977207
37.156917 55.977207
37.156278 55.977207
37.155705 55.977204
37.155630 55.977203
37.155065 55.977200
37.154223 55.977196
37.154221 55.977266
37.154220 55.977322
37.154210 55.977489
37.154258 55.977518
37.154311 55.977533
37.154469 55.977511
37.154785 55.977497
37.155291 55.977508
37.155556 55.977509
