-93.350174 44.865030
-93.350215 44.862741
-93.350174 44.862000
-93.350217 44.861611
-93.350328 44.860906
-93.350359 44.860784
-93.350419 44.860656
-93.350482 44.860576
-93.350560 44.860493
-93.350657 44.860419
-93.350727 44.860376
-93.350863 44.860303
-93.352713 44.859418
-93.352808 44.859380
-93.352924 44.859346
-93.353031 44.859316
-93.353151 44.859289
-93.353259 44.859273
-93.353393 44.859255
-93.353647 44.859240
-93.353971 44.859240
-93.354460 44.859254
-93.355197 44.859277
-93.356187 44.859282
-93.357196 44.859307
-93.358579 44.859591
-93.359367 44.859735
-93.360174 44.859909
-93.362118 44.860064
-93.362021 44.860350
-93.361887 44.860700
-93.361592 44.861224
-93.361384 44.861705
-93.361239 44.862004
-93.361397 44.862053
-93.361527 44.862099
-93.361684 44.862161
-93.361852 44.862241
-93.362004 44.862321
-93.362230 44.862439
-93.362515 44.862593
-93.363218 44.862938
-93.363458 44.863038
-93.363604 44.863091
-93.363753 44.863135
-93.363936 44.863178
-93.364141 44.863221
-93.364408 44.863259
-93.364639 44.863283
-93.364924 44.863281
-93.365205 44.863262
-93.365517 44.863224
-93.365791 44.863174
-93.365855 44.863160
-93.365911 44.863147
-93.366180 44.863075
-93.367058 44.862778
-93.368118 44.862415
-93.368484 44.862293
-93.368652 44.862247
-93.368881 44.862190
-93.369286 44.862106
-93.369698 44.862045
-93.370110 44.862007
-93.370537 44.861996
-93.371880 44.861992
-93.373228 44.861985
-93.373520 44.861984
-93.373596 44.861984
-93.373695 44.861984
-93.374275 44.861984
-93.375145 44.861992
-93.375450 44.861988
-93.375755 44.861958
-93.376028 44.861923
-93.376305 44.861870
-93.376572 44.861801
-93.376823 44.861721
-93.377681 44.861379
-93.378413 44.861110
-93.378812 44.860976
-93.379159 44.860897
-93.379517 44.860831
-93.379977 44.860801
-93.380466 44.860847
-93.380935 44.860938
-93.381462 44.860999
-93.382139 44.861087
-93.382389 44.861111
-93.382529 44.861110
-93.382604 44.861110
-93.382776 44.861106
-93.383010 44.861083
-93.383186 44.861055
-93.383357 44.861013
-93.383515 44.860946
-93.383673 44.860875
-93.384232 44.860519
-93.384390 44.860455
-93.384640 44.860374
-93.385627 44.860223
-93.386230 44.860149
-93.386391 44.860131
-93.387187 44.860071
-93.387954 44.860040
-93.388138 44.860034
-93.388843 44.860013
-93.389576 44.860011
-93.390151 44.860012
-93.390948 44.860041
-93.391168 44.860050
-93.391430 44.860083
-93.391765 44.860153
-93.392026 44.860235
-93.392330 44.860349
-93.392979 44.860704
-93.393246 44.860859
-93.393444 44.860937
-93.393850 44.861060
-93.393986 44.861112
-93.394099 44.861191
-93.394144 44.861293
-93.394185 44.861413
-93.394178 44.861458
-93.394181 44.861475
-93.394185 44.861490
-93.394193 44.861509
-93.394204 44.861526
-93.394229 44.861553
-93.394271 44.861581
-93.394546 44.861883
-93.394905 44.862315
-93.395294 44.862947
-93.395368 44.863103
-93.395453 44.863304
-93.395838 44.864329
-93.396141 44.865332
-93.396218 44.865784
-93.396231 44.866205
-93.396238 44.867238
-93.396222 44.868225
-93.396218 44.869529
-93.396208 44.870647
-93.396194 44.870786
-93.396159 44.870920
-93.396120 44.871029
-93.396077 44.871138
-93.395567 44.872019
-93.395504 44.872117
-93.395435 44.872189
-93.395348 44.872248
-93.395263 44.872296
-93.395125 44.872347
-93.395024 44.872387
-93.394940 44.872439
-93.394847 44.872507
-93.394774 44.872592
-93.394709 44.872660
-93.394679 44.872737
-93.394665 44.872858
-93.395024 44.872910
-93.395642 44.872992
-93.396321 44.873082
-93.397041 44.873176
-93.397702 44.873265
-93.398724 44.873308
-93.398689 44.872799
-93.398500 44.869131
-93.398471 44.869024
-93.398602 44.865588
-93.398747 44.862602
-93.398773 44.862057
-93.398775 44.861961
-93.398850 44.860712
-93.398912 44.860577
-93.398867 44.860353
-93.398898 44.860217
-93.399030 44.860124
-93.399071 44.860074
-93.399079 44.859983
-93.399037 44.859918
-93.398989 44.859885
-93.398952 44.859798
-93.398545 44.858905
-93.398552 44.858848
-93.398611 44.858725
-93.398669 44.858692
-93.398714 44.858633
-93.398723 44.858588
-93.398716 44.858549
-93.398684 44.858498
-93.398690 44.858383
-93.398608 44.858291
-93.398458 44.858202
-93.398192 44.858106
-93.397899 44.857988
-93.397518 44.857877
-93.397311 44.857831
-93.397103 44.857810
-93.396957 44.857801
-93.396863 44.857779
-93.396775 44.857695
-93.396720 44.857633
-93.396627 44.857592
-93.396569 44.857583
-93.396480 44.857591
-93.396388 44.857599
-93.396296 44.857619
-93.396203 44.857632
-93.396068 44.857655
-93.395948 44.857672
-93.395901 44.857678
-93.395730 44.857693
-93.395456 44.857716
-93.395305 44.857725
-93.394566 44.857754
-93.394395 44.857774
-93.394227 44.857810
-93.393938 44.857874
-93.393791 44.857922
-93.393656 44.857951
-93.393527 44.857958
-93.393432 44.857941
-93.393326 44.857917
-93.393232 44.857917
-93.393123 44.857939
-93.392990 44.857962
-93.392904 44.858011
-93.392843 44.858097
-93.392781 44.858195
-93.392704 44.858288
-93.392612 44.858374
-93.392507 44.858448
-93.392380 44.858531
-93.392243 44.858607
-93.392055 44.858697
-93.391524 44.858798
-93.390910 44.858887
-93.389136 44.859037
-93.387652 44.859171
-93.385828 44.859324
-93.385291 44.859389
-93.384695 44.859449
-93.384426 44.859474
-93.384063 44.859496
-93.383614 44.859512
-93.383511 44.859476
-93.383426 44.859429
-93.383379 44.859358
-93.383365 44.859281
-93.383375 44.859195
-93.383527 44.859053
-93.383729 44.858848
-93.383823 44.858745
-93.383943 44.858560
-93.384705 44.857742
-93.384850 44.857605
-93.384972 44.857460
-93.385071 44.857304
-93.385155 44.857143
-93.385437 44.856564
-93.385590 44.856297
-93.385712 44.856022
-93.385857 44.855671
-93.385956 44.855434
-93.386017 44.855320
-93.386124 44.855152
-93.386368 44.854752
-93.386414 44.854664
-93.386505 44.854561
-93.386620 44.854473
-93.386749 44.854397
-93.386780 44.854382
-93.387032 44.854229
-93.387146 44.854153
-93.387268 44.854065
-93.387482 44.853889
-93.387840 44.853580
-93.388031 44.853390
-93.388191 44.853188
-93.388329 44.852958
-93.388412 44.852753
-93.388474 44.852524
-93.388474 44.852383
-93.388435 44.852245
-93.388359 44.852112
-93.388260 44.851994
-93.388016 44.851772
-93.387878 44.851631
-93.387772 44.851479
-93.387703 44.851318
-93.387665 44.851151
-93.387659 44.851101
-93.386391 44.851109
-93.386399 44.851509
-93.386305 44.851606
-93.386399 44.851509
-93.386391 44.851109
-93.387659 44.851101
-93.387665 44.851151
-93.387703 44.851318
-93.387772 44.851479
-93.387878 44.851631
-93.388016 44.851772
-93.388260 44.851994
-93.388359 44.852112
-93.388435 44.852245
-93.388474 44.852383
-93.388474 44.852524
-93.388412 44.852753
-93.388329 44.852958
-93.388191 44.853188
-93.388031 44.853390
-93.387840 44.853580
-93.387482 44.853889
-93.387268 44.854065
-93.387146 44.854153
-93.387535 44.854332
-93.387657 44.854382
-93.387756 44.854439
-93.387848 44.854511
-93.388168 44.854759
-93.388283 44.854836
-93.388412 44.854897
-93.388550 44.854942
-93.388573 44.854950
-93.388733 44.854988
-93.388847 44.854996
-93.389154 44.854990
-93.389531 44.854929
-93.390046 44.854844
-93.390767 44.854723
-93.391219 44.854676
-93.391511 44.854688
-93.391514 44.854837
-93.391996 44.855579
-93.392082 44.855647
-93.392142 44.855764
-93.392293 44.855876
-93.392597 44.856059
-93.392661 44.856204
-93.392701 44.856498
-93.392698 44.857346
-93.392678 44.857639
-93.392529 44.857862
-93.392678 44.857639
-93.392698 44.857346
-93.392701 44.856498
-93.392661 44.856204
-93.392597 44.856059
-93.392293 44.855876
-93.392142 44.855764
-93.392082 44.855647
-93.392095 44.855541
-93.391657 44.854807
-93.391511 44.854688
-93.391219 44.854676
-93.390767 44.854723
-93.390046 44.854844
-93.389531 44.854929
-93.389154 44.854990
-93.388847 44.854996
-93.388733 44.854988
-93.388573 44.854950
-93.388550 44.854942
-93.388412 44.854897
-93.388283 44.854836
-93.388168 44.854759
-93.387848 44.854511
-93.387756 44.854439
-93.387657 44.854382
-93.387535 44.854332
-93.387146 44.854153
-93.387032 44.854229
-93.386780 44.854382
-93.386749 44.854397
-93.386620 44.854473
-93.386505 44.854561
-93.386414 44.854664
-93.386368 44.854752
-93.386124 44.855152
-93.386017 44.855320
-93.385956 44.855434
-93.385857 44.855671
-93.385712 44.856022
-93.385590 44.856297
-93.385437 44.856564
-93.385155 44.857143
-93.385071 44.857304
-93.384972 44.857460
-93.384850 44.857605
-93.384705 44.857742
-93.383943 44.858560
-93.383729 44.858688
-93.383428 44.858958
-93.383082 44.859267
-93.382971 44.859384
-93.382863 44.859530
-93.382822 44.859585
-93.383009 44.859585
-93.383733 44.859592
-93.384066 44.859576
-93.384428 44.859547
-93.384702 44.859516
-93.385291 44.859389
-93.385828 44.859324
-93.387652 44.859171
-93.389136 44.859037
-93.390910 44.858887
-93.391524 44.858798
-93.392055 44.858697
-93.392308 44.858638
-93.392456 44.858581
-93.392562 44.858535
-93.392709 44.858428
-93.392819 44.858329
-93.392893 44.858291
-93.392986 44.858281
-93.393122 44.858267
-93.393191 44.858320
-93.393253 44.858407
-93.393281 44.858470
-93.393302 44.858572
-93.393298 44.858656
-93.393255 44.858771
-93.393154 44.858855
-93.392998 44.858896
-93.392860 44.858926
-93.392487 44.858967
-93.390455 44.859169
-93.389255 44.859255
-93.387518 44.859408
-93.385571 44.859657
-93.383051 44.859958
-93.381481 44.860108
-93.379537 44.860197
-93.377738 44.860214
-93.376347 44.860192
-93.374792 44.860181
-93.373372 44.860120
-93.370425 44.859921
-93.366570 44.859747
-93.356035 44.859063
-93.355448 44.859035
-93.350645 44.858766
-93.350177 44.858739
-93.349711 44.858616
-93.349274 44.858548
-93.349162 44.858525
-93.349058 44.858484
-93.348973 44.858436
-93.348906 44.858373
-93.348861 44.858314
-93.348832 44.858244
-93.348819 44.858170
-93.348821 44.858095
-93.348863 44.858006
-93.348916 44.857941
-93.348989 44.857879
-93.349071 44.857830
-93.349164 44.857800
-93.349259 44.857775
-93.349385 44.857771
-93.349478 44.857779
-93.349573 44.857800
-93.349674 44.857837
-93.349766 44.857890
-93.349849 44.857964
-93.349905 44.858070
-93.349936 44.858168
-93.349962 44.858396
-93.349982 44.858610
-93.350105 44.858815
-93.349979 44.859255
-93.349939 44.859414
-93.349894 44.859562
-93.349853 44.859641
-93.349793 44.859723
-93.349725 44.859782
-93.349641 44.859825
-93.349534 44.859871
-93.349406 44.859898
-93.349292 44.859906
-93.349158 44.859896
-93.349048 44.859871
-93.348943 44.859831
-93.348856 44.859785
-93.348778 44.859718
-93.348717 44.859648
-93.348674 44.859563
-93.348658 44.859485
-93.348660 44.859407
-93.348684 44.859327
-93.348747 44.859230
-93.348816 44.859160
-93.348887 44.859109
-93.348979 44.859065
-93.349111 44.859025
-93.349219 44.859008
-93.349396 44.858995
-93.349699 44.858992
-93.350185 44.858905
-93.350639 44.858932
-93.351550 44.858992
-93.353726 44.859107
-93.354027 44.859122
-93.356187 44.859282
-93.357196 44.859307
-93.358307 44.859370
-93.359210 44.859439
-93.361707 44.859628
-93.364012 44.859794
-93.368484 44.860071
-93.371686 44.860270
-93.373157 44.860360
-93.374098 44.860434
-93.375486 44.860458
-93.378055 44.860488
-93.379360 44.860490
-93.380314 44.860459
-93.381317 44.860410
-93.382216 44.860334
-93.382988 44.860257
-93.384845 44.860018
-93.385958 44.859901
-93.386685 44.859822
-93.387437 44.859808
-93.388234 44.859819
-93.389733 44.859839
-93.391723 44.859847
-93.392260 44.859819
-93.392568 44.859802
-93.392731 44.859773
-93.392913 44.859719
-93.393059 44.859672
-93.393216 44.859611
-93.393372 44.859549
-93.393494 44.859478
-93.393611 44.859414
-93.393718 44.859345
-93.393822 44.859258
-93.393890 44.859207
-93.393957 44.859136
-93.394013 44.859066
-93.394110 44.858958
-93.394144 44.858921
-93.394189 44.858861
-93.394263 44.858755
-93.394313 44.858674
-93.394346 44.858611
-93.394386 44.858522
-93.394414 44.858448
-93.394446 44.858345
-93.394468 44.858261
-93.394475 44.858213
-93.394480 44.858164
-93.394487 44.858073
-93.394490 44.858005
-93.394486 44.857933
-93.394470 44.857791
-93.394449 44.857694
-93.394421 44.857602
-93.394317 44.857069
-93.394177 44.856484
-93.394113 44.856116
-93.394100 44.855742
-93.394135 44.855439
-93.394212 44.855213
-93.394336 44.854889
-93.394523 44.854472
-93.394702 44.854180
-93.394957 44.853928
-93.395199 44.853725
-93.395477 44.853488
-93.395769 44.853264
-93.396940 44.852260
-93.397608 44.851601
-93.397882 44.851273
-93.398114 44.850920
-93.398295 44.850561
-93.398535 44.849843
-93.398570 44.849094
-93.398638 44.847634
-93.398655 44.846764
-93.398732 44.844914
-93.398767 44.843648
-93.398824 44.841991
-93.398940 44.841358
-93.399018 44.840962
-93.399104 44.840305
-93.399155 44.839934
-93.399301 44.839538
-93.399473 44.839234
-93.399747 44.838893
-93.400005 44.838577
-93.400211 44.838309
-93.400314 44.837950
-93.400305 44.837590
-93.400279 44.837165
-93.400166 44.837012
-93.400013 44.837006
-93.399301 44.837006
-93.398991 44.836996
-93.398448 44.836933
-93.398074 44.836854
-93.397850 44.836797
-93.397670 44.836732
-93.397631 44.836926
-93.397593 44.837110
-93.397584 44.837469
-93.397722 44.837944
-93.397936 44.838497
-93.398177 44.839039
-93.398305 44.839380
-93.398434 44.839751
-93.398538 44.840262
-93.398552 44.840520
-93.398552 44.841469
-93.398526 44.842705
-93.398466 44.844366
-93.398440 44.844871
-93.398363 44.846782
-93.398346 44.847403
-93.398312 44.848437
-93.398260 44.849356
-93.398209 44.849964
-93.398080 44.850476
-93.397771 44.851084
-93.397453 44.851486
-93.397110 44.851838
-93.396724 44.852155
-93.395494 44.853104
-93.395109 44.853437
-93.394827 44.853688
-93.394503 44.853999
-93.394249 44.854323
-93.394152 44.854499
-93.393953 44.854818
-93.393795 44.855150
-93.393642 44.855501
-93.393553 44.855796
-93.393509 44.855994
-93.393442 44.856401
-93.393453 44.856806
-93.393368 44.857688
-93.393313 44.857892
-93.393213 44.858091
-93.393086 44.858274
-93.392988 44.858379
-93.392796 44.858540
-93.392608 44.858663
-93.392341 44.858791
-93.392020 44.858879
-93.391717 44.858932
-93.390193 44.859058
-93.385929 44.859425
-93.385460 44.859487
-93.383930 44.859749
-93.383051 44.859958
-93.381481 44.860108
-93.379537 44.860197
-93.377738 44.860214
-93.376347 44.860192
-93.374792 44.860181
-93.373372 44.860120
-93.370425 44.859921
-93.366570 44.859747
-93.356035 44.859063
-93.355448 44.859035
-93.350645 44.858766
-93.350177 44.858739
-93.349711 44.858616
-93.349274 44.858548
-93.349162 44.858525
-93.349058 44.858484
-93.348973 44.858436
-93.348906 44.858373
-93.348861 44.858314
-93.348832 44.858244
-93.348819 44.858170
-93.348821 44.858095
-93.348863 44.858006
-93.348916 44.857941
-93.348989 44.857879
-93.349071 44.857830
-93.349164 44.857800
-93.349259 44.857775
-93.349385 44.857771
-93.349478 44.857779
-93.349573 44.857800
-93.349674 44.857837
-93.349766 44.857890
-93.349849 44.857964
-93.349905 44.858070
-93.349936 44.858168
-93.349962 44.858396
-93.349982 44.858610
-93.350105 44.858815
-93.349979 44.859255
-93.349939 44.859414
-93.349894 44.859562
-93.349853 44.859641
-93.349793 44.859723
-93.349725 44.859782
-93.349641 44.859825
-93.349534 44.859871
-93.349406 44.859898
-93.349292 44.859906
-93.349158 44.859896
-93.349048 44.859871
-93.348943 44.859831
-93.348856 44.859785
-93.348778 44.859718
-93.348717 44.859648
-93.348674 44.859563
-93.348658 44.859485
-93.348660 44.859407
-93.348684 44.859327
-93.348747 44.859230
-93.348816 44.859160
-93.348887 44.859109
-93.348979 44.859065
-93.349111 44.859025
-93.349219 44.859008
-93.349396 44.858995
-93.349699 44.858992
-93.350185 44.858905
-93.350639 44.858932
-93.351550 44.858992
-93.353726 44.859107
-93.354027 44.859122
-93.356187 44.859282
-93.357196 44.859307
-93.358307 44.859370
-93.359210 44.859439
-93.361707 44.859628
-93.364012 44.859794
-93.368484 44.860071
-93.371686 44.860270
-93.373157 44.860360
-93.374098 44.860434
-93.375486 44.860458
-93.378055 44.860488
-93.379360 44.860490
-93.380314 44.860459
-93.381317 44.860410
-93.382216 44.860334
-93.382988 44.860257
-93.384845 44.860018
-93.385958 44.859901
-93.386685 44.859822
-93.387437 44.859808
-93.388234 44.859819
-93.389733 44.859839
-93.391723 44.859847
-93.392317 44.859896
-93.392789 44.859980
-93.393413 44.860206
-93.393918 44.860496
-93.394305 44.860829
-93.394578 44.861196
-93.394879 44.861623
-93.395062 44.861975
-93.395438 44.862781
-93.396378 44.864753
-93.396466 44.865059
-93.396655 44.865887
-93.396715 44.866392
-93.396758 44.866957
-93.396681 44.868770
-93.396672 44.869153
-93.396569 44.869652
-93.396466 44.870364
-93.396372 44.870790
-93.396183 44.871343
-93.395654 44.872841
-93.395642 44.872992
-93.396321 44.873082
-93.397041 44.873176
-93.397702 44.873265
-93.397677 44.873137
-93.397668 44.872809
-93.397556 44.872499
-93.397436 44.872262
-93.397247 44.871921
-93.397153 44.871738
-93.397050 44.871513
-93.396964 44.871185
-93.396921 44.870857
-93.396852 44.870303
-93.396870 44.869482
-93.396938 44.867219
-93.396965 44.866559
-93.396904 44.866033
-93.396827 44.865382
-93.396621 44.864615
-93.396449 44.864086
-93.396209 44.863441
-93.395651 44.862060
-93.395404 44.861403
-93.395313 44.861152
-93.394801 44.859833
-93.394492 44.859055
-93.394391 44.858790
-93.394226 44.858355
-93.394200 44.858270
-93.394107 44.858045
-93.393998 44.857767
-93.393814 44.857175
-93.393775 44.856869
-93.393746 44.856584
-93.393754 44.856309
-93.393796 44.856053
-93.393873 44.855822
-93.393980 44.855478
-93.394071 44.855264
-93.394195 44.855022
-93.394383 44.854653
-93.394523 44.854472
-93.394702 44.854180
-93.394957 44.853928
-93.395199 44.853725
-93.395477 44.853488
-93.395769 44.853264
-93.396940 44.852260
-93.397608 44.851601
-93.397882 44.851273
-93.398114 44.850920
-93.398295 44.850561
-93.398535 44.849843
-93.398570 44.849094
-93.398638 44.847634
-93.398655 44.846764
-93.398732 44.844914
-93.398767 44.843648
-93.398824 44.841991
-93.398940 44.841358
-93.399018 44.840962
-93.399104 44.840305
-93.399155 44.839934
-93.399301 44.839538
-93.399473 44.839234
-93.399747 44.838893
-93.400005 44.838577
-93.400211 44.838309
-93.400314 44.837950
-93.400305 44.837590
-93.400279 44.837165
-93.400166 44.837012
-93.400013 44.837006
-93.399301 44.837006
-93.398991 44.836996
-93.398448 44.836933
-93.398074 44.836854
-93.397850 44.836797
-93.397670 44.836732
-93.397631 44.836926
-93.397593 44.837110
-93.397584 44.837469
-93.397722 44.837944
-93.397936 44.838497
-93.398177 44.839039
-93.398305 44.839380
-93.398434 44.839751
-93.398538 44.840262
-93.398552 44.840520
-93.398552 44.841469
-93.398526 44.842705
-93.398466 44.844366
-93.398440 44.844871
-93.398363 44.846782
-93.398346 44.847403
-93.398312 44.848437
-93.398260 44.849356
-93.398209 44.849964
-93.398080 44.850476
-93.397771 44.851084
-93.397453 44.851486
-93.397110 44.851838
-93.396724 44.852155
-93.395494 44.853104
-93.395109 44.853437
-93.394561 44.853828
-93.394093 44.854328
-93.393752 44.854830
-93.393551 44.855179
-93.393406 44.855527
-93.393322 44.855729
-93.393199 44.856234
-93.393155 44.856509
-93.393135 44.856741
-93.393126 44.857055
-93.393134 44.857352
-93.393171 44.857600
-93.393200 44.857709
-93.393192 44.857809
-93.393174 44.857869
-93.393123 44.857939
-93.393075 44.857977
-93.393015 44.858044
-93.393010 44.858120
-93.393035 44.858186
-93.393061 44.858221
-93.393122 44.858267
-93.393260 44.858268
-93.393352 44.858240
-93.393433 44.858200
-93.393498 44.858149
-93.393644 44.858066
-93.393885 44.857947
-93.394028 44.857909
-93.394420 44.857848
-93.394736 44.857834
-93.395335 44.857799
-93.395804 44.857763
-93.395973 44.857745
-93.396048 44.857737
-93.396165 44.857757
-93.396255 44.857793
-93.396332 44.857818
-93.396362 44.857854
-93.396441 44.857901
-93.396572 44.857919
-93.396749 44.857911
-93.397009 44.857925
-93.397217 44.857937
-93.397490 44.857992
-93.397895 44.858118
-93.398116 44.858214
-93.398191 44.858252
-93.398266 44.858318
-93.398313 44.858434
-93.398318 44.858497
-93.398282 44.858559
-93.398285 44.858628
-93.398317 44.858677
-93.398371 44.858716
-93.398440 44.858740
-93.398533 44.858744
-93.398611 44.858725
-93.398944 44.858748
-93.399349 44.858758
-93.401291 44.858868
-93.404823 44.858818
-93.406654 44.858799
-93.408836 44.858776
-93.409920 44.858757
-93.411552 44.858730
-93.414223 44.858692
-93.415039 44.858672
-93.415535 44.858650
-93.416138 44.858612
-93.416733 44.858562
-93.417328 44.858498
-93.419022 44.858311
-93.420211 44.858177
-93.419895 44.859205
-93.419775 44.859406
-93.419694 44.859476
-93.419587 44.859523
-93.419474 44.859537
-93.419152 44.859540
-93.416685 44.859294
-93.415295 44.859161
-93.413729 44.859039
-93.412619 44.859058
-93.411672 44.859141
-93.410375 44.859155
-93.408878 44.859164
-93.405009 44.859212
-93.402102 44.859137
-93.398786 44.859066
-93.398144 44.859048
-93.397841 44.859010
-93.397526 44.858969
-93.396963 44.858831
-93.396601 44.858706
-93.396323 44.858595
-93.396036 44.858441
-93.395790 44.858299
-93.395546 44.858123
-93.395289 44.857892
-93.395010 44.857610
-93.394670 44.857198
-93.394531 44.856890
-93.394425 44.856656
-93.394360 44.856418
-93.394321 44.856173
-93.394308 44.855927
-93.394300 44.855685
-93.394352 44.855440
-93.394408 44.855208
-93.394484 44.854961
-93.394589 44.854725
-93.394708 44.854498
-93.394838 44.854281
-93.395012 44.854064
-93.395169 44.853871
-93.395379 44.853672
-93.395769 44.853264
-93.396940 44.852260
-93.397608 44.851601
-93.397882 44.851273
-93.398114 44.850920
-93.398295 44.850561
-93.398535 44.849843
-93.398570 44.849094
-93.398638 44.847634
-93.398655 44.846764
-93.398732 44.844914
-93.398767 44.843648
-93.398824 44.841991
-93.398940 44.841358
-93.399018 44.840962
-93.399104 44.840305
-93.399155 44.839934
-93.399301 44.839538
-93.399473 44.839234
-93.399747 44.838893
-93.400005 44.838577
-93.400211 44.838309
-93.400314 44.837950
-93.400305 44.837590
-93.400279 44.837165
-93.400166 44.837012
-93.400368 44.837003
-93.400425 44.836996
-93.400649 44.836969
-93.400971 44.836925
-93.401220 44.836891
-93.401393 44.836869
-93.401911 44.836776
-93.402441 44.836701
-93.403126 44.836592
-93.403545 44.836515
-93.404019 44.836414
-93.404682 44.836272
-93.405403 44.836075
-93.405647 44.836029
-93.405891 44.836002
-93.406143 44.835991
-93.406445 44.835985
-93.406776 44.836022
-93.407058 44.836072
-93.407396 44.836176
-93.407673 44.836301
-93.407928 44.836444
-93.408150 44.836605
-93.408291 44.836717
-93.408408 44.836831
-93.408464 44.836894
-93.408561 44.837004
-93.408674 44.837162
-93.408788 44.837406
-93.408910 44.837704
-93.409397 44.838935
-93.409531 44.839275
-93.409828 44.839958
-93.409918 44.840138
-93.410032 44.840320
-93.410171 44.840496
-93.410350 44.840656
-93.410579 44.840818
-93.410835 44.840958
-93.411087 44.841095
-93.411354 44.841209
-93.411636 44.841309
-93.411926 44.841381
-93.412209 44.841465
-93.412476 44.841576
-93.412727 44.841702
-93.412804 44.841749
-93.412964 44.841846
-93.413170 44.842010
-93.413353 44.842190
-93.413506 44.842381
-93.413643 44.842590
-93.413788 44.842773
-93.413900 44.842896
-93.414182 44.843116
-93.414429 44.843295
-93.414729 44.843466
-93.414997 44.843607
-93.415207 44.843706
-93.415394 44.843767
-93.415555 44.843805
-93.415684 44.843847
-93.416006 44.843891
-93.416280 44.843929
-93.416478 44.843945
-93.416703 44.843949
-93.417025 44.843957
-93.417455 44.843925
-93.417739 44.843888
-93.417937 44.843877
-93.418178 44.843873
-93.418404 44.843877
-93.419031 44.843942
-93.419343 44.843976
-93.419809 44.844014
-93.420045 44.844041
-93.420367 44.844079
-93.420652 44.844124
-93.420850 44.844162
-93.421129 44.844219
-93.421381 44.844250
-93.421671 44.844254
-93.421928 44.844238
-93.422277 44.844189
-93.422400 44.844155
-93.422556 44.844109
-93.422738 44.844052
-93.423060 44.843927
-93.423706 44.843670
-93.423766 44.843753
-93.423817 44.843824
-93.423897 44.843948
-93.423988 44.844101
-93.424049 44.844257
-93.424088 44.844418
-93.424103 44.844582
-93.424103 44.844822
-93.424080 44.845173
-93.424026 44.845520
-93.424019 44.845551
-93.423981 44.845764
-93.423950 44.846008
-93.423935 44.846252
-93.423943 44.846817
-93.423943 44.848051
-93.423943 44.848118
-93.423935 44.848854
-93.423973 44.849239
-93.424002 44.849399
-93.424015 44.849470
-93.424042 44.849621
-93.424141 44.850002
-93.424278 44.850353
-93.424460 44.850973
-93.424057 44.851058
-93.423705 44.851150
-93.423335 44.851271
-93.422949 44.851436
-93.422640 44.851600
-93.422305 44.851782
-93.421997 44.851996
-93.421791 44.852172
-93.421662 44.852300
-93.421095 44.853030
-93.420761 44.853517
-93.420606 44.853736
-93.420469 44.853979
-93.420349 44.854271
-93.420314 44.854362
-93.420271 44.854527
-93.420203 44.854837
-93.420186 44.855105
-93.420228 44.855379
-93.420297 44.855634
-93.420443 44.856255
-93.420469 44.856376
-93.420512 44.856553
-93.420537 44.856662
-93.420546 44.856766
-93.420555 44.856894
-93.420546 44.857040
-93.420495 44.857210
-93.420211 44.858177
-93.419895 44.859205
-93.419775 44.859406
-93.419694 44.859476
-93.419587 44.859523
-93.419474 44.859537
-93.419152 44.859540
-93.416685 44.859294
-93.415295 44.859161
-93.413729 44.859039
-93.412619 44.859058
-93.411672 44.859141
-93.410375 44.859155
-93.408878 44.859164
-93.406048 44.859046
-93.405047 44.859023
-93.403479 44.859019
-93.398928 44.858995
-93.398329 44.858965
-93.397944 44.858922
-93.397394 44.858820
-93.396750 44.858546
-93.396520 44.858377
-93.396491 44.858207
-93.396602 44.858088
-93.396684 44.858023
-93.396837 44.857954
-93.397009 44.857925
-93.397217 44.857937
-93.397490 44.857992
-93.397895 44.858118
-93.398116 44.858214
-93.398191 44.858252
-93.398266 44.858318
-93.398313 44.858434
-93.398318 44.858497
-93.398282 44.858559
-93.398285 44.858628
-93.398317 44.858677
-93.398407 44.858898
-93.398752 44.859621
-93.398770 44.859714
-93.398756 44.859797
-93.398734 44.859876
-93.398691 44.859902
-93.398659 44.859927
-93.398631 44.859968
-93.398627 44.860057
-93.398664 44.860114
-93.398743 44.860163
-93.398807 44.860179
-93.398838 44.860182
-93.398910 44.860177
-93.398983 44.860154
-93.399030 44.860124
-93.399226 44.860112
-93.400203 44.860059
-93.400496 44.860039
-93.400852 44.860018
-93.401878 44.859840
-93.402672 44.859820
-93.404358 44.859806
-93.404663 44.859802
-93.404358 44.859806
-93.402672 44.859820
-93.401878 44.859840
-93.400852 44.860018
-93.400496 44.860039
-93.400207 44.859976
-93.399309 44.860043
-93.399170 44.860019
-93.399079 44.859983
-93.399037 44.859918
-93.398989 44.859885
-93.398907 44.859858
-93.398813 44.859856
-93.398734 44.859876
-93.398691 44.859902
-93.398659 44.859927
-93.398631 44.859968
-93.398627 44.860057
-93.398664 44.860114
-93.398745 44.860374
-93.398786 44.860586
-93.398850 44.860712
-93.398775 44.861961
-93.398773 44.862057
-93.398747 44.862602
-93.398602 44.865588
-93.398471 44.869024
-93.398500 44.869131
-93.398689 44.872799
-93.398724 44.873308
-93.397702 44.873265
-93.397677 44.873137
-93.397668 44.872809
-93.397556 44.872499
-93.397436 44.872262
-93.397247 44.871921
-93.397153 44.871738
-93.397050 44.871513
-93.396964 44.871185
-93.396921 44.870857
-93.396852 44.870303
-93.396870 44.869482
-93.396938 44.867219
-93.396965 44.866559
-93.396904 44.866033
-93.396827 44.865382
-93.396621 44.864615
-93.396449 44.864086
-93.396209 44.863441
-93.395651 44.862060
-93.395404 44.861403
-93.395313 44.861152
-93.394801 44.859833
-93.394492 44.859055
-93.394535 44.858902
-93.394556 44.858745
-93.394604 44.858620
-93.394686 44.858522
-93.394784 44.858445
-93.394906 44.858389
-93.395067 44.858349
-93.395260 44.858344
-93.395385 44.858364
-93.395505 44.858407
-93.395597 44.858466
-93.395703 44.858552
-93.395780 44.858675
-93.395794 44.858794
-93.395788 44.858829
-93.395763 44.858914
-93.395662 44.859056
-93.395523 44.859154
-93.395302 44.859217
-93.394750 44.859257
-93.391761 44.859377
-93.388657 44.859428
-93.387952 44.859455
-93.387245 44.859502
-93.385571 44.859657
-93.383051 44.859958
-93.381481 44.860108
-93.379537 44.860197
-93.377738 44.860214
-93.376347 44.860192
-93.374792 44.860181
-93.373372 44.860120
-93.370425 44.859921
-93.366570 44.859747
-93.356035 44.859063
-93.355448 44.859035
-93.350645 44.858766
-93.350177 44.858739
-93.349703 44.858714
-93.346314 44.858517
