35.548172 49.615574
35.544044 49.612933
35.538819 49.609243
35.533959 49.605823
35.529883 49.603012
35.525390 49.599930
35.522289 49.597774
35.521105 49.596950
35.519775 49.596010
35.517029 49.594071
35.513214 49.591429
35.509348 49.588651
35.505272 49.585907
35.501405 49.583197
35.498949 49.581402
35.496650 49.579606
35.494873 49.578047
35.493201 49.576455
35.492104 49.574998
35.491163 49.573846
35.490223 49.572457
35.489596 49.570999
35.489003 49.569361
35.488527 49.567611
35.488382 49.565310
35.488376 49.563401
35.488574 49.560814
35.489125 49.557094
35.489828 49.552768
35.490495 49.548600
35.491082 49.545092
35.491587 49.541898
35.492109 49.538372
35.492527 49.535218
35.492684 49.532912
35.492841 49.528605
35.493050 49.524015
35.493236 49.519224
35.493259 49.516326
35.492968 49.513231
35.492318 49.509948
35.491273 49.506996
35.489840 49.503186
35.488451 49.499734
35.487668 49.497664
35.486727 49.495084
35.486152 49.492776
35.485787 49.490400
35.485630 49.488330
35.485943 49.485988
35.486518 49.483408
35.487406 49.480828
35.488556 49.478078
35.490146 49.474340
35.491096 49.472159
35.492182 49.469667
35.492614 49.468735
35.493120 49.467596
35.494152 49.465475
35.494225 49.465304
35.495419 49.462490
35.502052 49.445862
35.508020 49.431682
35.515412 49.413996
35.517595 49.408823
35.517955 49.407812
35.518237 49.406941
35.518428 49.406237
35.518627 49.405422
35.518789 49.404646
35.518902 49.404025
35.518998 49.403155
35.519012 49.402267
35.518965 49.401362
35.518890 49.400430
35.518680 49.399170
35.518330 49.397894
35.517850 49.396600
35.517263 49.395297
35.516768 49.394309
35.516217 49.393324
35.516001 49.392960
35.515274 49.391734
35.515233 49.391665
35.514193 49.390023
35.510868 49.384820
35.509498 49.382552
35.508940 49.381588
35.508422 49.380625
35.507967 49.379660
35.507704 49.379037
35.507506 49.378567
35.507025 49.377427
35.506508 49.375822
35.506210 49.374525
35.506010 49.373207
35.505930 49.371868
35.505970 49.370512
35.506077 49.369158
35.506365 49.367500
35.506825 49.365558
35.507390 49.363698
35.509372 49.358025
35.509332 49.357901
35.509238 49.357784
35.508853 49.357730
