30.301622 60.014501
30.303623 60.015203
30.303698 60.015231
30.303880 60.015299
30.304285 60.015450
30.304854 60.015662
30.304904 60.015678
30.305167 60.015769
30.305129 60.015853
30.305096 60.015931
30.304963 60.016235
30.304792 60.016628
30.304741 60.016746
30.304509 60.017277
30.304482 60.017340
30.303857 60.018772
30.303265 60.020130
30.303090 60.020532
30.303064 60.020592
30.302969 60.020809
30.302882 60.021008
30.302721 60.021377
30.302622 60.021606
30.302396 60.022124
30.302263 60.022429
30.301779 60.023539
30.301479 60.024227
30.301281 60.024681
30.301291 60.024835
30.301514 60.025135
30.301788 60.025503
30.302128 60.025493
30.303028 60.025415
30.303432 60.025397
30.303917 60.025349
30.304660 60.025279
30.305885 60.025166
30.307133 60.025077
30.307701 60.025098
30.307914 60.025150
30.308433 60.025342
30.308486 60.025365
30.308773 60.025488
30.308885 60.025534
30.308900 60.025539
30.308943 60.025555
30.308993 60.025573
30.309028 60.025588
30.309072 60.025606
30.309134 60.025631
30.310726 60.026273
30.310841 60.026319
30.310880 60.026231
30.310972 60.026017
30.311051 60.025834
30.311246 60.025379
30.311407 60.025006
30.311747 60.024214
30.312103 60.023386
30.312316 60.022890
30.312359 60.022790
30.312435 60.022613
30.312474 60.022522
30.312584 60.022266
30.312723 60.021941
30.312790 60.021786
30.312984 60.021333
30.313076 60.021118
30.313094 60.021074
30.313170 60.020887
30.313255 60.020678
30.313317 60.020525
30.313427 60.020255
30.313484 60.020114
30.313596 60.019840
30.313782 60.019382
30.314025 60.018783
30.314100 60.018599
30.314179 60.018400
30.314410 60.017820
30.314438 60.017749
30.314642 60.017771
30.315138 60.017823
30.315276 60.017838
30.316249 60.017941
30.316659 60.017984
30.316795 60.017999
30.317006 60.017479
30.317142 60.017204
30.317332 60.017223
30.317890 60.017278
30.318192 60.017308
30.318780 60.017367
30.319468 60.017439
30.319510 60.017335
30.319600 60.017116
30.319641 60.017017
30.319667 60.016955
30.319703 60.016868
30.319740 60.016777
30.319761 60.016725
30.320101 60.016759
30.320216 60.016772
30.320442 60.016795
30.320604 60.016812
30.321324 60.016888
30.321995 60.016958
30.322232 60.016982
30.322276 60.016874
30.322391 60.016589
30.322519 60.016270
30.322743 60.015712
30.322819 60.015524
30.322951 60.015197
30.323028 60.015005
30.323435 60.013992
30.323596 60.013592
30.323637 60.013491
30.323736 60.013244
30.323844 60.012975
30.323899 60.012838
30.324043 60.012482
30.324567 60.011178
30.324631 60.011018
30.324665 60.010935
30.324708 60.010828
30.324783 60.010640
30.324915 60.010313
30.324943 60.010243
30.325457 60.008966
30.325508 60.008839
30.325555 60.008722
30.325794 60.008127
30.325938 60.007768
30.326182 60.007163
30.326673 60.005941
30.326819 60.005578
30.326853 60.005491
30.326861 60.005473
30.327146 60.004765
30.327364 60.004224
30.327388 60.004159
30.327408 60.004094
30.327424 60.004028
30.327437 60.003964
30.327462 60.003808
30.327468 60.003772
30.327484 60.003705
30.327537 60.003544
30.327645 60.003287
30.327727 60.003074
30.327840 60.002806
30.328093 60.002204
30.328315 60.001678
30.328731 60.000688
30.328836 60.000433
30.328942 60.000176
30.329007 60.000017
30.329044 59.999928
30.329077 59.999846
30.329120 59.999742
30.329341 59.999198
30.329376 59.999117
30.329430 59.998987
30.329787 59.998117
30.329373 59.998095
30.327053 59.997795
30.326510 59.997724
30.326332 59.997691
30.326210 59.997660
30.326012 59.997595
30.325299 59.997376
30.324988 59.997274
30.324135 59.997010
30.323982 59.996963
30.323091 59.996682
30.322552 59.996505
30.317971 59.995023
30.317761 59.994955
30.317628 59.994912
30.316800 59.994644
30.316638 59.994591
30.313292 59.993509
30.309843 59.992392
30.307257 59.991551
30.306540 59.991326
30.306241 59.991230
30.306126 59.991193
30.306192 59.991141
30.306441 59.990948
30.306551 59.990862
30.307175 59.990375
30.308092 59.989669
30.308759 59.989151
30.307855 59.989974
30.307564 59.990201
30.306557 59.990983
30.306307 59.991179
30.306604 59.991275
30.307317 59.991505
30.309906 59.992342
30.313358 59.993457
30.316706 59.994538
30.316867 59.994590
30.317699 59.994858
30.317834 59.994902
30.322072 59.996267
30.322345 59.996359
30.322626 59.996446
30.322883 59.996534
30.324035 59.996908
30.324205 59.996963
30.325034 59.997230
30.325335 59.997318
30.325761 59.997440
30.326101 59.997550
30.326250 59.997599
30.326365 59.997632
30.326551 59.997667
30.327113 59.997742
30.328737 59.997955
30.328927 59.997979
30.329397 59.998041
30.329787 59.998117
30.330166 59.998067
30.332689 59.997712
30.333223 59.997640
30.333722 59.997571
30.334217 59.997502
30.335929 59.997264
30.337693 59.997019
30.339726 59.996725
30.341417 59.996482
30.341960 59.996404
30.343296 59.996212
30.343935 59.996120
30.345254 59.995929
30.345431 59.995902
30.348963 59.995403
30.351735 59.994999
30.352711 59.994860
30.353691 59.994717
30.354274 59.994633
30.354642 59.994582
30.355158 59.994509
30.355656 59.994439
30.356211 59.994361
30.356521 59.994318
30.356827 59.994275
30.358886 59.993965
30.359305 59.993926
30.359015 59.993808
30.358037 59.993405
30.356433 59.992741
30.356119 59.992611
30.355515 59.992360
30.354969 59.992139
30.354778 59.992257
30.354739 59.992281
30.354718 59.992295
30.354686 59.992282
30.354496 59.992209
30.354418 59.992179
30.354487 59.992139
30.354681 59.992024
30.354188 59.991821
