12.220913 56.057446
12.220519 56.057359
12.219792 56.057276
12.218808 56.057190
12.215713 56.056845
12.215194 56.056768
12.214857 56.056724
12.214241 56.056659
12.213241 56.056618
12.211934 56.056605
12.210552 56.056602
12.209971 56.056638
12.208914 56.056805
12.208195 56.056959
12.207977 56.057041
12.207522 56.057313
12.207242 56.057444
12.206592 56.057662
12.205861 56.057837
12.205214 56.058169
12.204693 56.058426
12.204464 56.058526
12.203560 56.058883
12.203359 56.058954
12.203255 56.058993
12.202364 56.057886
12.201546 56.056944
12.201420 56.056788
12.200645 56.055699
12.200124 56.055060
12.198989 56.053622
12.198417 56.052894
12.198307 56.052723
12.198228 56.052536
12.198191 56.052350
12.198196 56.052139
12.198198 56.052002
12.198247 56.051770
12.198343 56.051507
12.198491 56.051247
12.200382 56.048821
12.200535 56.048547
12.200638 56.048250
12.200783 56.047689
12.201063 56.046445
12.201188 56.045888
12.201382 56.045022
12.201676 56.044158
12.201837 56.043586
12.202004 56.042592
12.202036 56.042260
12.202052 56.042063
12.202028 56.041735
12.201980 56.041492
12.201809 56.040717
12.201723 56.040375
12.201583 56.039917
12.201387 56.039365
12.201178 56.038890
12.201064 56.038651
12.200647 56.037972
12.200520 56.037729
12.200446 56.037513
12.200409 56.037222
12.200391 56.036371
12.200359 56.036118
12.200295 56.035842
12.200190 56.035565
12.200066 56.035334
12.199910 56.035095
12.199713 56.034849
12.199395 56.034536
12.198973 56.034213
12.198559 56.033943
12.198278 56.033795
12.197832 56.033588
12.197394 56.033421
12.196401 56.033094
12.196104 56.032996
12.194750 56.032543
12.194706 56.032523
12.194221 56.032331
12.193770 56.032126
12.193314 56.031881
12.192968 56.031667
12.192647 56.031426
12.192394 56.031213
12.192174 56.031000
12.191952 56.030751
12.191774 56.030512
12.191569 56.030178
12.191420 56.029800
12.191310 56.029295
12.191107 56.029310
12.190797 56.029309
12.190508 56.029277
12.190264 56.029222
12.190056 56.029149
12.189883 56.029050
12.189775 56.028960
12.189688 56.028872
12.189640 56.028778
12.189655 56.028598
12.188313 56.028323
12.187553 56.028146
12.186055 56.027765
12.185020 56.027448
12.183884 56.027073
12.182962 56.026750
12.181887 56.026404
12.181207 56.026218
12.180499 56.026040
12.179927 56.025912
12.179065 56.025734
12.177961 56.025533
12.176948 56.025350
12.176011 56.025150
12.174873 56.024877
12.173888 56.024672
12.173830 56.024690
12.173728 56.024703
12.173624 56.024695
12.173538 56.024671
12.173455 56.024620
12.173415 56.024551
12.173437 56.024470
12.173442 56.024466
12.172790 56.024061
12.171942 56.023690
12.170874 56.023242
12.170053 56.022925
12.168916 56.022516
12.167881 56.022168
12.166242 56.021676
12.162259 56.020592
12.161313 56.020308
12.160227 56.019968
12.159223 56.019626
12.158231 56.019268
12.157342 56.018925
12.156421 56.018557
12.155449 56.018162
12.154759 56.017891
12.153777 56.017538
12.153008 56.017299
12.152334 56.017109
12.151455 56.016889
12.150643 56.016709
12.149887 56.016566
12.149094 56.016434
12.148315 56.016340
12.147566 56.016252
12.146451 56.016158
12.145722 56.016111
12.144706 56.016071
12.144015 56.016064
12.143383 56.016070
12.142744 56.016091
12.142096 56.016123
12.141446 56.016169
12.140676 56.016243
12.139998 56.016319
12.139223 56.016426
12.137358 56.016694
12.136814 56.016767
12.136302 56.016822
12.134748 56.016954
12.131832 56.017178
12.131310 56.017199
12.130870 56.017196
12.130479 56.017181
12.130045 56.017149
12.129558 56.017091
12.129002 56.016997
12.125427 56.016232
12.124664 56.016095
12.124039 56.016005
12.123137 56.015904
12.122824 56.015870
12.122010 56.015789
12.120941 56.015649
12.119805 56.015511
12.118909 56.015410
12.118867 56.015404
12.117952 56.015331
12.117235 56.015279
12.116671 56.015267
12.116419 56.015263
12.116219 56.015263
12.115895 56.015274
12.114701 56.015363
12.113816 56.015423
12.113169 56.015460
12.112602 56.015491
12.111580 56.015578
12.111064 56.015661
12.110816 56.015735
12.110565 56.015848
12.110037 56.016123
12.109665 56.016285
12.109390 56.016372
12.109337 56.016386
12.109132 56.016436
12.108660 56.016536
12.108587 56.016553
12.104589 56.017477
12.103022 56.017822
12.102521 56.017917
12.101825 56.018032
12.099585 56.018315
12.094739 56.018924
12.093775 56.019022
12.092789 56.019085
12.091437 56.019098
12.090113 56.019084
12.088299 56.019090
12.087549 56.019069
12.086799 56.019058
12.086045 56.019067
12.083510 56.019151
12.082520 56.019222
12.081464 56.019347
12.080461 56.019482
12.080172 56.019516
12.079655 56.019557
12.077455 56.019700
12.075479 56.019785
12.074558 56.019750
12.073979 56.019723
12.071058 56.019514
12.069296 56.019346
12.068030 56.019239
12.065544 56.019030
12.062917 56.018800
12.060988 56.018649
12.059402 56.018495
12.058132 56.018371
12.057058 56.018267
12.054267 56.017941
12.053273 56.017826
12.050874 56.017529
12.050775 56.017522
12.048834 56.017314
12.048388 56.017251
12.048032 56.017186
12.047577 56.017072
12.047097 56.016922
12.046807 56.016792
12.046585 56.016676
12.046320 56.016517
12.046011 56.016309
12.045710 56.016039
12.045404 56.015685
12.044881 56.015080
12.044541 56.014623
12.044166 56.014148
12.043336 56.013323
12.042721 56.012642
12.042322 56.012200
12.042133 56.011990
12.041658 56.011481
12.041044 56.010822
12.040924 56.010693
12.040571 56.010315
12.039484 56.009137
12.039205 56.008835
12.039071 56.008727
12.038148 56.007989
12.037960 56.007801
12.037789 56.007619
12.037091 56.006558
12.036603 56.005420
12.036532 56.005031
12.036473 56.004704
12.036571 56.004216
12.036750 56.003826
12.037026 56.003127
12.037391 56.002141
12.037742 56.001192
12.038181 55.999972
12.038278 55.999370
12.038181 55.998785
12.037937 55.998232
12.037579 55.997679
12.037156 55.996996
12.036571 55.996069
12.036050 55.995175
12.035762 55.994529
12.035723 55.994440
12.035579 55.994118
12.034967 55.992718
12.034653 55.991934
12.034366 55.991299
12.034155 55.990782
12.033839 55.989597
12.033625 55.988914
12.033332 55.987925
12.033010 55.986605
12.032906 55.986398
12.032822 55.986311
12.032688 55.986217
12.032526 55.986137
12.032385 55.986090
12.032179 55.986053
12.031820 55.986031
12.031458 55.986007
12.031049 55.985985
12.030521 55.985995
12.029557 55.986067
12.027209 55.986175
12.026474 55.986207
12.026156 55.986209
12.025870 55.986181
12.025577 55.986140
12.025309 55.986079
12.025014 55.985985
12.024731 55.985859
12.024539 55.985744
12.024316 55.985587
12.023418 55.984859
12.022914 55.984411
12.020933 55.982109
12.020732 55.981930
12.020669 55.981955
12.020597 55.981969
12.020520 55.981973
12.020444 55.981966
12.020366 55.981944
12.020303 55.981911
12.020260 55.981870
12.020240 55.981822
12.019893 55.981758
12.018339 55.981499
12.017880 55.981401
12.017512 55.981310
12.015529 55.980748
12.010254 55.979256
12.006965 55.978353
12.005104 55.977826
12.003322 55.977345
11.999472 55.976400
11.998186 55.976059
11.997094 55.975746
11.995869 55.975369
11.994969 55.975064
11.993757 55.974624
11.992586 55.974148
11.991376 55.973610
11.989451 55.972716
11.988376 55.972255
11.987273 55.971831
11.986192 55.971463
11.984776 55.971044
11.982981 55.970618
11.976125 55.969159
11.972085 55.968286
11.970872 55.967930
11.969987 55.967616
11.967930 55.966734
11.967029 55.966397
11.962122 55.965078
11.959368 55.964357
11.957493 55.963966
11.956507 55.963799
11.956402 55.963783
11.953240 55.963306
11.939733 55.961329
11.938888 55.961205
11.935037 55.960640
11.929022 55.959761
11.926761 55.959434
11.926110 55.959305
11.922504 55.958466
11.921524 55.958299
11.920620 55.958208
11.919756 55.958182
11.918679 55.958215
11.916944 55.958398
11.909199 55.959286
11.907907 55.959534
11.906521 55.959803
11.904546 55.959997
11.903662 55.960165
11.902862 55.960344
11.901651 55.960672
11.900635 55.960970
11.899883 55.961163
11.899778 55.961196
11.899394 55.961273
11.898802 55.961406
11.898708 55.961419
11.898020 55.961521
11.897092 55.961607
11.896269 55.961625
11.895708 55.961603
11.893840 55.961529
11.892872 55.961486
11.890708 55.961391
11.889136 55.961317
11.883565 55.961069
11.882419 55.961020
11.881529 55.960989
11.880513 55.960990
11.879798 55.961021
11.878998 55.961126
11.877936 55.961318
11.877100 55.961486
11.876861 55.961123
11.876798 55.961081
11.876699 55.961056
11.876003 55.961004
11.875899 55.960961
11.875875 55.960906
11.875891 55.960693
11.875852 55.960575
11.875699 55.960447
11.875227 55.960228
11.874533 55.959949
11.874224 55.959798
11.873948 55.959654
11.873607 55.959405
11.872680 55.958541
11.871921 55.957817
11.871492 55.957420
11.870987 55.956907
11.870728 55.956639
11.870501 55.956326
11.870342 55.955836
11.870117 55.955072
11.870008 55.954832
11.869775 55.954533
11.869080 55.953884
11.868948 55.953725
11.868839 55.953521
11.868270 55.952335
11.867618 55.951317
11.867062 55.950451
11.866880 55.950235
11.866601 55.949977
11.865915 55.949327
11.865403 55.948966
11.864785 55.948639
11.864416 55.948430
11.864104 55.948209
11.863805 55.947867
