10.465473 51.626606
10.465382 51.626557
10.465163 51.626481
10.465096 51.626462
10.464565 51.626301
10.464427 51.626259
10.464062 51.626137
10.463712 51.626016
10.463382 51.625903
10.463317 51.625880
10.463124 51.625813
10.462973 51.625761
10.462626 51.625653
10.462017 51.625464
10.461382 51.625261
10.460849 51.625090
10.460665 51.625032
10.460193 51.624893
10.459992 51.624837
10.459930 51.624817
10.459715 51.624752
10.459548 51.624700
10.459445 51.624672
10.459350 51.624648
10.459164 51.624601
10.458858 51.624531
10.458642 51.624492
10.458472 51.624469
10.458261 51.624449
10.457871 51.624433
10.457490 51.624433
10.456115 51.624526
10.455779 51.624528
10.455628 51.624521
10.455204 51.624476
10.454930 51.624437
10.454462 51.624342
10.454049 51.624233
10.453987 51.624215
10.453807 51.624165
10.453369 51.624024
10.452929 51.623883
10.452643 51.623803
10.452169 51.623683
10.451823 51.623615
10.451466 51.623560
10.451093 51.623509
10.450767 51.623479
10.450452 51.623458
10.450248 51.623445
10.449938 51.623439
10.449726 51.623444
10.449511 51.623454
10.449196 51.623476
10.448584 51.623548
10.447940 51.623665
10.447220 51.623863
10.446695 51.624032
10.446236 51.624173
10.445312 51.624447
10.444472 51.624636
10.443980 51.624728
10.443345 51.624814
10.442725 51.624872
10.442277 51.624898
10.441727 51.624919
10.441474 51.624921
10.438258 51.624855
10.437004 51.624817
10.436164 51.624794
10.435134 51.624816
10.434851 51.624826
10.434639 51.624832
10.434227 51.624859
10.433699 51.624900
10.433429 51.624918
10.432597 51.624976
10.431765 51.625036
10.431202 51.625065
10.430827 51.625086
10.430143 51.625110
10.429860 51.625124
10.429680 51.625141
10.429514 51.625159
10.429322 51.625181
10.429077 51.625221
10.428726 51.625278
10.428434 51.625319
10.428345 51.625327
10.428174 51.625344
10.427929 51.625357
10.427704 51.625361
10.427220 51.625359
10.426815 51.625326
10.424663 51.625342
10.423236 51.625321
10.422151 51.625298
10.418930 51.625445
10.417946 51.625464
10.417717 51.625471
10.417711 51.625411
10.417697 51.625361
10.417667 51.625295
10.417595 51.625145
10.417497 51.624992
10.417407 51.624885
10.417690 51.624876
10.418059 51.624864
10.418435 51.624867
10.418853 51.624882
10.419245 51.624917
10.420246 51.625005
10.421133 51.625087
10.421385 51.625114
10.422223 51.625174
10.422531 51.625210
10.424173 51.625241
10.425810 51.625248
10.426817 51.625231
10.427585 51.625077
10.427832 51.625020
10.428158 51.624934
10.428631 51.624816
10.428802 51.624779
10.428970 51.624754
10.429123 51.624734
10.429307 51.624726
10.429457 51.624723
10.429648 51.624732
10.429840 51.624750
10.429954 51.624764
10.430105 51.624790
10.430637 51.624908
10.430851 51.624945
10.431004 51.624971
10.431172 51.624986
10.431399 51.625001
10.431679 51.624997
10.431946 51.624982
10.432353 51.624948
10.432965 51.624896
10.433237 51.624819
10.433312 51.624782
10.433388 51.624709
10.433423 51.624641
10.433407 51.624478
10.433364 51.624351
10.433211 51.624173
10.433157 51.624109
10.432994 51.623982
10.432795 51.623869
10.432548 51.623762
10.432377 51.623709
10.432169 51.623657
10.432256 51.623477
10.432291 51.623409
10.432377 51.623322
10.432497 51.623250
10.432814 51.623098
10.433572 51.622734
10.433909 51.622579
10.434145 51.622469
10.435124 51.621989
10.435414 51.621847
10.435714 51.621705
10.435823 51.621650
10.436004 51.621558
10.436390 51.621372
10.436616 51.621275
10.436798 51.621218
10.437120 51.621165
10.438165 51.621044
10.438852 51.620976
10.438838 51.620932
10.438751 51.620659
10.438729 51.620582
10.438778 51.620502
10.439099 51.620263
10.439217 51.620193
10.439389 51.620139
10.440950 51.619827
10.442241 51.619698
10.442385 51.620264
10.443364 51.620164
10.443951 51.620168
10.444366 51.620142
10.444274 51.619529
10.442241 51.619698
10.440950 51.619827
10.441131 51.620421
10.441146 51.620469
10.441315 51.620452
10.441554 51.620429
10.441315 51.620452
10.441146 51.620469
10.441131 51.620421
10.440950 51.619827
10.442241 51.619698
10.444274 51.619529
10.444434 51.619518
10.444368 51.619022
10.444434 51.619518
10.445139 51.619463
10.445070 51.618720
10.445139 51.619463
10.446027 51.619535
10.447500 51.619647
10.447697 51.619669
10.447847 51.618942
10.447697 51.619669
10.448424 51.619733
10.448667 51.619763
10.449461 51.620049
10.450030 51.620243
10.450938 51.620559
10.450873 51.620617
10.450672 51.620782
10.450193 51.621067
10.450090 51.621145
10.450085 51.621184
10.449796 51.621161
10.449203 51.621150
10.449100 51.621149
10.448553 51.621143
10.448218 51.621133
10.448065 51.621121
10.447806 51.621088
10.447477 51.621037
10.447361 51.621019
10.447078 51.620992
10.446741 51.620974
10.446270 51.620951
10.445997 51.620937
10.445990 51.621009
10.445968 51.621218
10.445799 51.621291
