-51.186596 -29.655864
-51.187469 -29.656136
-51.188375 -29.656210
-51.188996 -29.656161
-51.189112 -29.656148
-51.189918 -29.656057
-51.192880 -29.655693
-51.192966 -29.655792
-51.193625 -29.656489
-51.193787 -29.656681
-51.194453 -29.657664
-51.194682 -29.657978
-51.194769 -29.658169
-51.194799 -29.658300
-51.195030 -29.659771
-51.195143 -29.660456
-51.195195 -29.660749
-51.195226 -29.661140
-51.195426 -29.662071
-51.195500 -29.662578
-51.195553 -29.662763
-51.195674 -29.663312
-51.195718 -29.663431
-51.195762 -29.663478
-51.195802 -29.663511
-51.195876 -29.663556
-51.195985 -29.663608
-51.196252 -29.663696
-51.196796 -29.663846
-51.196904 -29.663960
-51.197304 -29.664686
-51.197433 -29.664894
-51.197550 -29.665231
-51.197594 -29.665391
-51.197626 -29.665847
-51.197564 -29.666441
-51.197514 -29.666928
-51.197478 -29.667271
-51.197448 -29.667563
-51.197374 -29.668155
-51.197312 -29.668531
-51.197003 -29.669189
-51.196717 -29.669808
-51.196560 -29.670204
-51.196516 -29.670910
-51.196720 -29.672303
-51.196735 -29.672410
-51.196904 -29.673640
-51.196763 -29.675198
-51.196497 -29.675911
-51.196506 -29.676434
-51.196702 -29.677140
-51.197502 -29.679304
-51.197613 -29.680939
-51.197746 -29.681261
-51.198772 -29.683144
-51.199064 -29.683535
-51.202562 -29.688146
-51.203128 -29.688824
-51.203485 -29.689285
-51.204097 -29.690370
-51.204741 -29.691165
-51.205357 -29.691934
-51.206408 -29.693040
-51.206688 -29.693457
-51.207242 -29.694525
-51.207445 -29.694949
-51.207716 -29.695866
-51.207933 -29.696334
-51.208149 -29.696689
-51.208559 -29.697146
-51.208934 -29.697542
-51.209312 -29.697993
-51.209407 -29.698199
-51.209487 -29.698457
-51.209497 -29.698597
-51.209516 -29.698880
-51.209462 -29.699575
-51.209456 -29.700039
-51.209551 -29.701392
-51.209624 -29.701461
-51.209666 -29.701490
-51.209739 -29.701517
-51.209800 -29.701530
-51.209945 -29.701547
-51.214134 -29.700131
-51.214429 -29.700030
-51.216220 -29.699420
-51.216598 -29.699292
-51.217571 -29.698955
-51.219210 -29.698410
-51.220195 -29.698085
-51.221083 -29.697780
-51.221963 -29.697478
-51.222856 -29.697180
-51.224773 -29.696524
-51.225226 -29.696336
-51.225587 -29.696165
-51.227329 -29.695280
-51.228414 -29.694744
-51.229141 -29.694364
-51.229362 -29.694225
-51.229608 -29.694046
-51.229867 -29.693829
-51.230218 -29.693509
-51.231621 -29.692205
-51.232420 -29.691443
-51.233257 -29.690645
-51.233338 -29.690568
-51.234642 -29.689326
-51.236218 -29.687842
-51.238948 -29.685268
-51.239438 -29.684807
-51.240101 -29.684209
-51.240412 -29.683927
-51.241437 -29.682970
-51.242702 -29.681777
-51.242993 -29.681506
-51.244318 -29.680271
-51.244839 -29.679772
-51.245708 -29.678959
-51.246941 -29.677814
-51.248420 -29.676451
-51.248910 -29.675953
-51.248984 -29.675859
-51.249284 -29.675475
-51.249358 -29.675380
-51.249802 -29.674645
-51.250200 -29.673955
-51.250309 -29.673753
-51.250829 -29.672894
-51.250877 -29.672802
-51.251352 -29.671913
-51.251649 -29.671430
-51.252126 -29.670618
-51.252456 -29.670167
-51.252713 -29.669859
-51.253004 -29.669548
-51.254547 -29.668171
-51.255488 -29.667316
-51.255896 -29.666902
-51.256503 -29.666364
-51.256880 -29.666006
-51.257283 -29.665662
-51.257523 -29.665494
-51.257768 -29.665334
-51.258122 -29.665164
-51.258506 -29.664997
-51.258797 -29.664903
-51.259034 -29.664861
-51.260047 -29.664631
-51.261513 -29.664309
-51.262761 -29.663995
-51.263164 -29.663873
-51.263407 -29.663772
-51.263567 -29.663679
-51.263923 -29.663470
-51.264527 -29.663044
-51.265336 -29.662438
-51.266177 -29.661703
-51.266749 -29.661158
-51.266903 -29.661012
-51.267065 -29.660844
-51.267657 -29.660233
-51.268964 -29.659007
-51.271845 -29.656304
-51.273289 -29.654917
-51.275256 -29.653028
-51.276081 -29.652239
-51.276974 -29.651391
-51.278366 -29.650060
-51.278869 -29.649565
-51.282383 -29.646230
-51.282594 -29.646030
-51.284123 -29.644553
-51.284575 -29.644141
-51.284783 -29.643971
-51.285068 -29.643754
-51.285344 -29.643570
-51.285661 -29.643397
-51.285998 -29.643235
-51.286384 -29.643078
-51.286808 -29.642933
-51.287273 -29.642807
-51.288278 -29.642580
-51.288706 -29.642466
-51.288969 -29.642373
-51.289189 -29.642275
-51.289616 -29.642033
-51.290170 -29.641648
-51.291665 -29.640573
-51.294192 -29.638427
-51.296342 -29.636704
-51.296410 -29.636650
-51.297124 -29.636086
-51.299279 -29.634356
-51.301052 -29.632918
-51.301314 -29.632737
-51.301530 -29.632618
-51.301801 -29.632492
-51.305128 -29.631227
-51.305599 -29.631032
-51.305937 -29.630858
-51.306205 -29.630697
-51.306562 -29.630460
-51.306964 -29.630131
-51.307132 -29.629989
-51.307348 -29.629788
-51.307672 -29.629431
-51.308437 -29.628543
-51.309118 -29.627754
-51.310693 -29.625920
-51.311138 -29.625490
-51.311428 -29.625211
-51.312182 -29.624598
-51.312296 -29.624506
-51.312923 -29.624075
-51.313677 -29.623607
-51.313888 -29.623497
-51.314361 -29.623264
-51.315900 -29.622559
-51.316270 -29.622402
-51.316897 -29.622109
-51.317992 -29.621645
-51.319258 -29.621092
-51.321101 -29.620284
-51.322519 -29.619654
-51.323253 -29.619315
-51.326867 -29.617729
-51.328022 -29.617239
-51.328872 -29.616861
-51.329562 -29.616537
-51.332537 -29.615241
-51.333460 -29.614839
-51.335332 -29.614027
-51.336111 -29.613674
-51.336396 -29.613548
-51.339551 -29.612154
-51.339749 -29.612067
-51.340390 -29.611785
-51.340908 -29.611621
-51.341197 -29.611557
-51.341490 -29.611508
-51.341808 -29.611477
-51.342706 -29.611446
-51.343403 -29.611418
-51.343892 -29.611344
-51.344318 -29.611245
-51.344711 -29.611111
-51.345089 -29.610948
-51.347223 -29.609848
-51.347954 -29.609464
-51.348500 -29.609184
-51.350754 -29.608030
-51.351620 -29.607588
-51.352077 -29.607368
-51.352277 -29.607237
-51.352562 -29.607012
-51.352814 -29.606788
-51.353004 -29.606551
-51.353178 -29.606280
-51.353274 -29.606077
-51.353353 -29.605858
-51.353400 -29.605678
-51.353437 -29.605454
-51.353492 -29.605005
-51.353638 -29.601790
-51.353667 -29.601114
-51.353716 -29.600194
-51.353728 -29.599803
-51.353744 -29.599282
-51.353754 -29.598935
-51.353820 -29.596690
-51.353905 -29.595832
-51.353979 -29.594214
-51.354069 -29.592417
-51.354107 -29.591183
-51.354126 -29.590802
-51.354166 -29.590096
-51.354198 -29.589545
-51.354211 -29.588903
-51.354289 -29.586810
-51.354356 -29.585783
-51.354402 -29.585480
-51.354608 -29.584495
-51.354818 -29.583788
-51.355203 -29.582408
-51.355317 -29.582000
-51.355525 -29.581259
-51.355727 -29.580596
-51.355789 -29.580345
-51.356120 -29.579207
-51.356283 -29.578764
-51.356388 -29.578405
-51.356614 -29.577609
-51.356754 -29.577221
-51.356896 -29.576871
-51.357038 -29.576568
-51.358059 -29.574733
-51.358663 -29.573614
-51.358925 -29.573121
-51.359195 -29.572560
-51.359315 -29.572279
-51.359497 -29.571734
-51.359612 -29.571278
-51.359669 -29.571042
-51.359753 -29.570636
-51.359894 -29.569989
-51.360107 -29.569005
-51.360172 -29.568696
-51.360314 -29.567998
-51.360534 -29.566982
-51.360720 -29.566127
-51.360898 -29.565199
-51.360969 -29.564765
-51.361016 -29.564321
-51.361032 -29.564051
-51.361038 -29.563380
-51.360936 -29.561294
-51.360889 -29.560494
-51.360861 -29.560043
-51.360796 -29.558938
-51.360738 -29.557967
-51.360550 -29.554779
-51.360521 -29.553986
-51.360512 -29.553399
-51.360524 -29.552725
-51.360574 -29.552071
-51.360661 -29.551379
-51.360811 -29.550308
-51.360897 -29.549609
-51.360999 -29.548848
-51.361021 -29.548579
-51.361018 -29.548321
-51.360999 -29.547876
-51.360948 -29.547494
-51.360883 -29.547194
-51.360802 -29.546917
-51.360687 -29.546603
-51.360547 -29.546297
-51.360178 -29.545614
-51.359922 -29.545126
-51.359440 -29.544192
-51.359090 -29.543546
-51.358914 -29.543229
-51.358818 -29.543054
-51.358561 -29.542562
-51.358367 -29.542200
-51.357068 -29.539800
-51.356878 -29.539374
-51.356767 -29.539084
-51.356691 -29.538833
-51.356640 -29.538600
-51.356589 -29.538332
-51.356539 -29.537994
-51.356507 -29.537592
-51.356484 -29.536912
-51.356467 -29.535999
-51.356465 -29.533783
-51.356457 -29.533120
-51.356467 -29.529816
-51.356476 -29.527284
-51.356461 -29.525034
-51.356466 -29.524345
-51.356462 -29.524151
-51.356469 -29.521826
-51.356473 -29.520793
-51.356477 -29.520470
-51.356477 -29.518446
-51.356476 -29.517766
-51.356470 -29.517280
-51.356481 -29.516857
-51.356508 -29.516556
-51.356654 -29.515820
-51.356885 -29.514549
-51.357073 -29.513664
-51.357107 -29.513508
-51.357141 -29.513230
-51.357146 -29.512935
-51.357129 -29.512702
-51.357087 -29.512462
-51.357015 -29.512141
-51.356483 -29.510064
-51.356060 -29.508428
-51.355950 -29.507940
-51.355832 -29.507225
-51.355475 -29.504957
-51.355304 -29.503848
-51.355242 -29.503559
-51.355151 -29.503245
-51.354987 -29.502821
-51.354809 -29.502475
-51.354588 -29.502129
-51.354356 -29.501820
-51.354174 -29.501603
-51.354021 -29.501435
-51.353536 -29.500877
-51.353417 -29.500699
-51.353258 -29.500421
-51.353142 -29.500169
-51.353059 -29.499938
-51.352994 -29.499696
-51.352950 -29.499392
-51.352932 -29.498992
-51.352955 -29.498704
-51.352997 -29.498363
-51.353268 -29.496566
-51.353318 -29.496108
-51.353342 -29.495746
-51.353301 -29.495397
-51.353239 -29.495057
-51.353128 -29.494740
-51.352888 -29.494227
-51.352608 -29.493732
-51.352203 -29.493005
-51.350453 -29.489972
-51.350321 -29.489694
-51.350138 -29.489220
-51.350037 -29.488911
-51.349941 -29.488562
-51.349876 -29.488259
-51.349830 -29.487874
-51.349800 -29.487588
-51.349685 -29.486587
-51.349664 -29.486203
-51.349676 -29.485870
-51.349717 -29.485596
-51.349755 -29.485439
-51.349810 -29.485267
-51.349904 -29.485055
-51.350043 -29.484781
-51.350180 -29.484570
-51.351214 -29.482804
-51.351600 -29.482057
-51.351745 -29.481502
-51.351831 -29.481046
-51.351916 -29.480503
-51.351996 -29.480027
-51.352056 -29.479550
-51.352148 -29.478410
-51.352155 -29.478203
-51.352187 -29.477522
-51.352291 -29.476699
-51.352447 -29.475982
-51.352659 -29.475042
-51.352844 -29.473966
-51.353214 -29.471521
-51.353301 -29.470804
-51.353359 -29.470138
-51.353413 -29.469094
-51.353497 -29.467115
-51.353578 -29.465750
-51.353581 -29.465097
-51.353523 -29.464409
-51.353382 -29.463701
-51.353239 -29.463020
-51.353002 -29.461889
-51.352945 -29.461489
-51.352909 -29.461026
-51.352897 -29.460434
-51.352886 -29.460109
-51.352839 -29.458916
-51.352779 -29.457164
-51.352756 -29.456448
-51.352758 -29.456104
-51.352737 -29.455236
-51.352665 -29.453449
-51.352630 -29.452629
-51.352542 -29.452109
-51.352356 -29.451346
-51.352199 -29.450861
-51.351951 -29.450248
-51.351713 -29.449769
-51.351475 -29.449356
-51.351106 -29.448808
-51.350921 -29.448523
-51.350351 -29.447651
-51.350377 -29.447574
-51.350401 -29.447516
-51.350426 -29.447483
-51.350483 -29.447433
-51.350552 -29.447406
-51.350619 -29.447409
-51.350686 -29.447420
-51.350733 -29.447451
-51.350779 -29.447495
-51.350801 -29.447554
-51.350795 -29.448104
-51.351372 -29.448988
-51.351580 -29.449027
-51.351805 -29.449028
-51.357802 -29.448921
-51.358014 -29.448840
-51.362526 -29.447678
-51.365851 -29.446935
-51.367393 -29.446586
-51.367503 -29.446590
-51.368264 -29.446397
-51.368730 -29.446184
-51.372060 -29.443847
-51.373958 -29.442568
-51.375772 -29.441414
-51.378373 -29.440722
-51.379667 -29.439577
-51.382190 -29.438162
-51.383020 -29.437396
-51.383775 -29.436864
-51.384704 -29.435547
-51.386903 -29.433856
-51.388098 -29.432318
-51.388936 -29.431449
-51.391038 -29.430421
-51.391543 -29.429765
-51.393060 -29.428514
-51.393719 -29.427677
-51.395374 -29.426869
-51.396146 -29.426513
-51.398066 -29.424750
-51.398570 -29.425086
-51.399118 -29.425616
-51.399419 -29.425794
-51.399687 -29.425616
-51.399975 -29.424385
-51.399546 -29.422918
-51.400222 -29.421180
-51.399906 -29.419572
-51.399900 -29.419545
-51.399900 -29.419040
-51.400266 -29.418598
-51.400995 -29.418367
-51.402153 -29.417899
-51.403419 -29.416927
-51.404299 -29.416367
-51.404986 -29.416367
-51.406059 -29.415246
-51.407068 -29.412757
-51.408801 -29.411340
-51.410641 -29.410608
-51.413323 -29.409495
-51.415071 -29.409526
-51.416923 -29.408864
-51.418346 -29.408367
-51.419632 -29.408084
-51.420811 -29.407423
-51.421369 -29.406218
-51.421982 -29.405635
-51.423376 -29.405346
-51.424277 -29.404757
-51.425124 -29.403881
-51.427715 -29.403570
-51.428601 -29.403308
-51.429598 -29.402862
-51.429815 -29.402205
-51.430103 -29.401336
-51.430243 -29.400523
-51.430084 -29.400087
-51.429673 -29.398965
-51.429996 -29.398382
-51.431833 -29.397526
-51.432413 -29.397343
-51.432807 -29.396980
-51.432903 -29.396709
-51.432917 -29.396275
-51.432948 -29.395297
-51.432999 -29.393664
-51.436079 -29.392493
-51.441677 -29.393560
-51.443384 -29.392945
-51.443846 -29.392524
-51.444463 -29.391764
-51.444967 -29.391540
-51.445381 -29.391514
-51.445842 -29.391617
-51.447145 -29.392283
-51.451786 -29.394655
-51.452698 -29.395131
-51.453975 -29.395430
-51.458180 -29.396160
-51.460712 -29.396337
-51.461560 -29.396309
-51.462483 -29.396141
-51.463116 -29.395917
-51.463888 -29.395814
-51.464961 -29.395814
-51.466313 -29.395795
-51.467096 -29.395833
-51.467493 -29.395963
-51.467847 -29.396337
-51.468152 -29.396691
-51.468180 -29.397001
-51.468158 -29.398076
-51.468169 -29.398347
-51.468416 -29.398599
-51.468845 -29.398880
-51.469489 -29.399067
-51.470197 -29.399179
-51.470830 -29.399160
-51.471516 -29.399001
-51.473115 -29.398309
-51.473785 -29.398121
-51.474472 -29.398111
-51.474928 -29.398197
-51.475062 -29.398513
-51.475003 -29.398908
-51.474874 -29.399431
-51.474907 -29.399749
-51.475068 -29.399870
-51.477675 -29.399067
-51.479445 -29.398581
-51.481301 -29.398300
-51.481687 -29.398207
-51.481827 -29.398057
-51.481902 -29.397842
-51.481902 -29.397627
-51.481816 -29.397422
-51.481805 -29.397066
-51.482004 -29.396644
-51.482203 -29.396340
-51.482392 -29.396196
-51.482587 -29.396126
-51.483103 -29.396103
-51.485442 -29.396141
-51.486247 -29.396375
-51.486762 -29.396477
-51.488232 -29.396103
-51.489989 -29.396215
-51.494278 -29.395719
-51.495762 -29.396726
-51.496173 -29.397085
-51.496386 -29.397728
-51.496482 -29.398020
-51.496982 -29.398415
-51.499837 -29.399326
-51.501044 -29.399901
-51.501954 -29.400471
-51.502858 -29.400866
-51.503330 -29.400831
-51.504473 -29.400334
-51.504896 -29.400267
-51.505391 -29.400325
-51.507783 -29.401370
-51.509504 -29.401779
-51.510274 -29.402073
-51.511292 -29.403392
-51.511708 -29.404618
-51.511927 -29.405533
-51.512588 -29.406314
-51.513891 -29.406601
-51.514845 -29.406917
-51.516399 -29.408619
-51.517009 -29.409914
-51.517650 -29.409851
-51.518240 -29.409627
-51.518563 -29.409340
-51.518809 -29.409122
-51.519581 -29.408300
-51.520375 -29.407757
-51.521191 -29.407627
-51.522167 -29.408012
-51.522834 -29.408397
-51.523958 -29.408482
-51.524196 -29.408500
-51.527049 -29.410057
-51.529173 -29.411421
-51.529610 -29.411937
-51.529641 -29.411974
-51.529784 -29.412143
-51.530100 -29.412452
-51.530528 -29.412714
-51.531355 -29.413096
-51.532259 -29.413382
-51.532755 -29.413636
-51.533003 -29.413954
-51.533357 -29.414693
-51.534124 -29.414826
-51.534881 -29.415085
-51.535329 -29.415182
-51.536847 -29.415512
-51.537988 -29.416408
-51.538881 -29.416886
-51.539501 -29.417897
-51.539813 -29.418715
-51.540395 -29.419403
-51.541221 -29.420124
-51.542090 -29.420262
-51.543238 -29.420031
-51.543828 -29.419627
-51.544658 -29.418921
-51.545123 -29.418836
-51.545855 -29.418896
-51.545926 -29.418944
-51.546227 -29.419150
-51.546290 -29.419194
-51.546551 -29.419850
-51.546455 -29.420845
-51.546459 -29.421511
-51.546278 -29.421829
-51.546170 -29.422363
-51.546428 -29.423263
-51.546146 -29.424122
-51.546178 -29.424814
-51.546500 -29.425130
-51.546607 -29.425236
-51.547187 -29.425610
-51.548045 -29.425636
-51.548560 -29.425536
-51.548866 -29.425477
-51.549112 -29.425360
-51.549804 -29.425038
-51.551253 -29.424804
-51.552916 -29.425021
-51.553656 -29.425582
-51.554353 -29.426122
-51.554944 -29.426169
-51.555888 -29.426264
-51.557068 -29.426785
-51.557712 -29.427112
-51.557988 -29.427119
-51.558570 -29.427133
-51.559267 -29.426759
-51.560297 -29.425701
-51.561016 -29.424077
-51.561467 -29.423318
-51.562894 -29.422346
-51.563448 -29.422128
-51.564481 -29.421720
-51.565640 -29.421393
-51.565772 -29.421364
-51.566348 -29.421234
-51.567743 -29.421218
-51.568988 -29.421197
-51.569932 -29.420956
-51.571015 -29.420526
-51.571553 -29.420477
-51.571863 -29.420449
-51.572592 -29.420319
-51.573301 -29.419872
-51.573859 -29.419599
-51.574449 -29.419451
-51.575768 -29.419590
-51.576155 -29.419552
-51.577184 -29.418912
-51.577860 -29.418596
-51.579175 -29.418213
-51.579379 -29.418142
-51.582452 -29.417066
-51.582796 -29.416956
-51.583134 -29.416923
-51.583407 -29.416937
-51.583686 -29.417129
-51.583885 -29.417436
-51.584641 -29.418552
-51.584812 -29.418649
-51.584915 -29.418706
-51.586191 -29.419045
-51.586317 -29.419072
-51.588021 -29.419446
-51.589582 -29.419498
-51.593465 -29.419559
-51.594554 -29.419503
-51.595413 -29.419358
-51.596230 -29.419148
-51.596416 -29.419101
-51.597086 -29.418819
-51.597128 -29.418773
-51.597408 -29.418464
-51.597703 -29.417788
-51.598218 -29.417015
-51.599058 -29.416141
-51.599184 -29.416010
-51.599978 -29.415606
-51.600254 -29.415536
-51.601786 -29.415151
-51.602215 -29.415066
-51.602875 -29.415188
-51.604006 -29.415936
-51.605085 -29.416487
-51.605889 -29.417054
-51.607070 -29.417319
-51.608051 -29.417548
-51.608550 -29.417870
-51.608845 -29.418249
-51.609237 -29.418711
-51.610256 -29.419118
-51.610916 -29.419347
-51.611743 -29.419752
-51.612057 -29.420161
-51.612652 -29.420725
-51.613213 -29.421167
-51.614065 -29.421563
-51.614973 -29.421842
-51.615961 -29.422029
-51.616762 -29.422168
-51.617630 -29.421993
-51.618979 -29.421517
-51.619567 -29.421215
-51.620082 -29.420875
-51.620340 -29.420607
-51.620715 -29.420215
-51.621196 -29.419819
-51.621704 -29.419610
-51.622318 -29.419610
-51.622959 -29.419726
-51.623226 -29.419795
-51.623311 -29.419867
-51.623550 -29.420071
-51.623549 -29.420096
-51.623535 -29.420547
-51.622631 -29.421950
-51.622017 -29.422672
-51.621740 -29.423385
-51.621678 -29.424062
-51.621580 -29.424843
-51.621414 -29.425601
-51.621074 -29.426315
-51.620429 -29.427259
-51.620270 -29.427702
-51.620158 -29.428456
-51.620095 -29.429410
-51.620117 -29.430520
-51.620194 -29.430809
-51.620316 -29.431233
-51.620285 -29.431780
-51.619760 -29.432361
-51.619561 -29.432534
-51.619172 -29.432873
-51.618504 -29.433827
-51.618081 -29.434622
-51.617574 -29.435147
-51.616365 -29.435417
-51.615351 -29.435563
-51.614103 -29.435893
-51.613915 -29.435999
-51.613739 -29.436911
-51.613549 -29.437618
-51.613568 -29.438021
-51.613705 -29.438664
-51.614028 -29.439738
-51.614389 -29.441028
-51.614662 -29.441454
-51.614957 -29.441675
-51.615425 -29.442135
-51.615711 -29.442612
-51.615899 -29.443163
-51.616232 -29.444323
-51.616407 -29.444745
-51.616967 -29.445598
-51.617766 -29.447570
-51.618472 -29.448472
-51.619087 -29.448832
-51.620446 -29.449441
-51.621428 -29.449924
-51.622437 -29.450267
-51.623174 -29.450586
-51.623849 -29.450790
-51.624663 -29.450826
-51.625276 -29.450738
-51.625878 -29.450749
-51.626687 -29.450675
-51.627132 -29.450520
-51.629932 -29.450331
-51.632116 -29.449921
-51.632647 -29.449785
-51.633327 -29.449421
-51.633892 -29.449045
-51.634075 -29.448783
-51.634474 -29.448585
-51.634850 -29.448662
-51.636272 -29.449470
-51.638213 -29.450484
-51.638988 -29.450618
-51.639749 -29.450734
-51.642581 -29.450731
-51.644031 -29.450343
-51.644896 -29.450314
-51.646340 -29.450905
-51.646897 -29.451111
-51.647357 -29.451086
-51.647816 -29.450698
-51.648694 -29.449704
-51.649279 -29.449146
-51.649794 -29.448939
-51.650561 -29.448733
-51.651020 -29.448491
-51.651578 -29.448297
-51.652260 -29.448042
-51.652873 -29.447751
-51.653402 -29.447399
-51.654155 -29.447035
-51.654990 -29.446683
-51.655464 -29.446623
-51.656105 -29.446744
-51.656551 -29.446817
-51.657581 -29.446877
-51.658208 -29.447023
-51.658974 -29.447375
-51.660326 -29.447920
-51.662499 -29.448709
-51.664086 -29.448958
-51.665439 -29.449274
-51.666082 -29.449313
-51.666582 -29.449419
-51.666883 -29.449562
-51.667476 -29.449958
-51.667831 -29.450193
-51.668371 -29.450537
-51.668616 -29.450660
-51.669105 -29.450719
-51.668320 -29.451340
-51.667798 -29.451653
-51.667683 -29.451768
-51.667450 -29.452279
-51.667413 -29.452360
-51.667262 -29.452691
-51.667278 -29.452915
-51.667761 -29.453303
-51.667974 -29.453709
-51.668090 -29.454239
-51.668298 -29.455191
-51.668585 -29.456117
-51.668604 -29.456552
-51.668743 -29.457320
-51.668932 -29.457560
-51.668671 -29.459088
-51.668407 -29.460386
-51.668083 -29.461506
-51.667693 -29.462170
-51.666924 -29.462958
-51.666739 -29.463157
-51.666197 -29.463930
-51.665701 -29.464499
-51.665274 -29.464911
-51.664988 -29.465132
-51.664707 -29.465454
-51.664479 -29.465888
-51.663784 -29.466870
-51.663558 -29.467142
-51.663194 -29.467456
-51.662722 -29.467752
-51.662429 -29.467954
-51.662106 -29.468287
-51.662021 -29.468407
-51.661392 -29.469454
-51.661158 -29.469946
-51.660935 -29.470444
-51.660851 -29.470622
-51.660712 -29.470935
-51.660592 -29.471199
-51.660457 -29.471408
-51.660154 -29.471776
-51.659863 -29.472009
-51.659682 -29.472513
-51.659335 -29.473015
-51.659177 -29.473383
-51.658984 -29.473884
-51.658715 -29.474797
-51.658456 -29.475335
-51.658456 -29.475743
-51.658672 -29.476098
-51.658816 -29.476787
-51.658792 -29.477163
-51.658876 -29.478155
-51.659020 -29.478604
-51.658828 -29.479450
-51.658564 -29.480244
-51.658492 -29.480589
-51.658636 -29.481863
-51.658552 -29.482249
-51.658132 -29.482845
-51.657988 -29.483597
-51.657532 -29.485027
-51.657520 -29.485268
-51.657232 -29.485602
-51.657208 -29.486030
-51.657592 -29.487262
-51.657760 -29.487440
-51.657760 -29.487743
-51.657580 -29.487899
-51.657184 -29.487899
-51.656992 -29.487816
-51.655553 -29.487962
-51.654773 -29.488119
-51.654401 -29.488348
-51.654233 -29.488902
-51.654149 -29.489058
-51.653465 -29.489570
-51.653129 -29.490145
-51.652409 -29.490364
-51.651150 -29.491105
-51.650514 -29.491732
-51.650370 -29.492223
-51.650358 -29.492505
-51.649900 -29.493335
-51.649471 -29.493746
-51.648827 -29.494082
-51.648183 -29.494269
-51.648039 -29.494590
-51.647810 -29.495316
-51.647515 -29.496324
-51.647153 -29.497000
-51.646848 -29.497372
-51.646234 -29.498036
-51.646103 -29.498338
-51.646017 -29.498533
