39.237352 51.610142
39.237352 51.610244
39.237352 51.610603
39.237347 51.611032
39.237402 51.612750
39.237401 51.612862
39.237400 51.612955
39.237369 51.613976
39.237313 51.615745
39.239290 51.615740
39.241226 51.615735
39.244361 51.615713
39.244591 51.615819
39.247325 51.615015
39.247456 51.614982
39.248618 51.616539
39.250325 51.618799
39.250432 51.618941
39.250481 51.619031
39.250472 51.619070
39.250531 51.619159
39.250566 51.619211
39.250641 51.619370
39.251055 51.619864
39.251102 51.619920
39.251807 51.620912
39.252137 51.621411
39.252351 51.621972
39.253050 51.621883
39.253549 51.621859
39.254054 51.621859
39.254612 51.621889
39.255186 51.621949
39.257138 51.622162
39.258569 51.622309
39.259311 51.622361
39.259559 51.622379
39.259811 51.622360
39.260057 51.622343
39.260281 51.622304
39.260575 51.622204
39.260671 51.622124
39.260855 51.622039
39.261073 51.622008
39.261294 51.622031
39.261524 51.622103
39.261663 51.622227
39.261745 51.622347
39.261752 51.622447
39.261692 51.622576
39.261530 51.622732
39.261321 51.622862
39.261177 51.623011
39.261094 51.623138
39.261012 51.623413
39.260978 51.624123
39.260998 51.624360
39.261053 51.624611
39.261122 51.624847
39.261212 51.625208
39.261606 51.625983
39.261649 51.626138
39.261667 51.626240
39.261682 51.626334
39.261734 51.626917
39.261788 51.628020
39.261820 51.628340
39.261831 51.628443
39.261880 51.628932
39.261914 51.629781
39.261905 51.629859
39.261822 51.630609
39.261812 51.630790
39.261803 51.630966
39.261798 51.631164
39.261844 51.631333
39.261933 51.631553
39.262157 51.631929
39.262678 51.632696
39.263012 51.633268
39.263220 51.633709
39.263318 51.633921
39.263374 51.634092
39.263681 51.635386
39.263707 51.635493
39.264002 51.636721
39.264104 51.637251
39.264164 51.637480
39.264217 51.637754
39.264250 51.637854
39.264355 51.638151
39.264424 51.638347
39.264499 51.638564
39.264810 51.639255
39.265158 51.639932
39.265400 51.640451
39.265806 51.641254
39.265943 51.641525
39.266009 51.641647
39.266022 51.641676
39.266437 51.642538
39.267216 51.644152
39.267254 51.644299
39.267298 51.644835
39.267327 51.645172
39.267352 51.645578
39.267368 51.645847
39.267403 51.646428
39.267430 51.646933
39.267422 51.647225
39.267427 51.647407
39.267454 51.647647
39.267551 51.647835
39.267596 51.647894
39.267707 51.648040
39.268355 51.648829
39.268649 51.649186
39.269562 51.650332
39.270495 51.651504
39.270761 51.651838
39.270822 51.651913
39.271064 51.652212
39.272906 51.654479
39.273439 51.655136
39.273645 51.655390
39.273925 51.655746
39.274438 51.656400
39.274661 51.656673
39.274864 51.656942
39.274930 51.657026
39.275041 51.657167
