-78.230832 0.304495
-78.229818 0.306080
-78.229150 0.307135
-78.228222 0.308487
-78.227968 0.308938
-78.227559 0.309563
-78.227256 0.309995
-78.226739 0.310762
-78.225758 0.312319
-78.225178 0.313196
-78.225051 0.313401
-78.224851 0.313694
-78.224681 0.313989
-78.224637 0.314053
-78.224273 0.314585
-78.224144 0.314774
-78.222992 0.316595
-78.222127 0.317910
-78.221485 0.318865
-78.220613 0.320179
-78.219882 0.321338
-78.219551 0.321834
-78.219170 0.322370
-78.219113 0.322553
-78.218446 0.323601
-78.217930 0.324363
-78.217698 0.324686
-78.217499 0.324934
-78.217260 0.325195
-78.215504 0.326999
-78.214290 0.328239
-78.213817 0.328703
-78.212511 0.330042
-78.212281 0.330250
-78.212063 0.330433
-78.211689 0.330699
-78.211615 0.330750
-78.211388 0.330922
-78.210959 0.331199
-78.210526 0.331454
-78.210377 0.331542
-78.209894 0.331773
-78.209531 0.331927
-78.208781 0.332182
-78.208576 0.332252
-78.207631 0.332494
-78.207010 0.332656
-78.206075 0.332895
-78.204717 0.333247
-78.203930 0.333454
-78.203550 0.333537
-78.202241 0.333871
-78.201286 0.334128
-78.201159 0.334163
-78.199079 0.334726
-78.198332 0.334926
-78.196681 0.335368
-78.196004 0.335529
-78.194794 0.335855
-78.194381 0.335965
-78.193158 0.336285
-78.193050 0.336313
-78.192896 0.336358
-78.192208 0.336561
-78.190555 0.336986
-78.188006 0.337709
-78.187779 0.337772
-78.187387 0.337878
-78.186184 0.338203
-78.185730 0.338332
-78.182813 0.339113
-78.182659 0.339154
-78.181428 0.339464
-78.180001 0.339824
-78.175627 0.340952
-78.175223 0.341056
-78.174901 0.341178
-78.174684 0.341287
-78.174468 0.341461
-78.174290 0.341643
-78.173920 0.342134
-78.173738 0.342332
-78.173638 0.342425
-78.173470 0.342492
-78.173284 0.342525
-78.173029 0.342531
-78.171806 0.342578
-78.171628 0.342562
-78.171454 0.342484
-78.171325 0.342381
-78.171218 0.342248
-78.171171 0.342174
-78.171134 0.342051
-78.171126 0.341890
-78.171153 0.341730
-78.171230 0.341580
-78.171287 0.341497
-78.171363 0.341421
-78.171607 0.341207
-78.171813 0.341004
-78.171907 0.340882
-78.171980 0.340746
-78.172016 0.340667
-78.172034 0.340565
-78.172031 0.340308
-78.171931 0.339774
-78.171791 0.339211
-78.171675 0.338695
-78.171550 0.338295
-78.171426 0.338064
-78.171306 0.337911
-78.171183 0.337807
-78.171025 0.337715
-78.170852 0.337634
-78.170657 0.337579
-78.170508 0.337564
-78.170336 0.337567
-78.169368 0.337665
-78.168313 0.337779
-78.167246 0.337898
-78.166573 0.337981
-78.166135 0.338032
-78.164704 0.338197
-78.164066 0.338287
-78.163420 0.338337
-78.163057 0.338319
-78.162494 0.338209
-78.161354 0.337874
-78.160551 0.337638
-78.159307 0.337286
-78.158599 0.337098
-78.158273 0.336994
-78.157749 0.336841
-78.156594 0.336525
-78.156360 0.336460
-78.156008 0.336363
-78.154451 0.335934
-78.154374 0.335918
-78.154060 0.335851
-78.153854 0.335845
-78.153653 0.335864
-78.153302 0.335946
-78.153092 0.336035
-78.152927 0.336131
-78.152754 0.336248
-78.152531 0.336452
-78.152343 0.336658
-78.151852 0.337202
-78.151072 0.338060
-78.150423 0.338788
-78.149778 0.339479
-78.149399 0.339768
-78.149139 0.339873
-78.148943 0.339906
-78.148809 0.339922
-78.148681 0.339937
-78.148465 0.339946
-78.147714 0.340009
-78.147086 0.340044
-78.146333 0.340130
-78.145983 0.340222
-78.145773 0.340347
-78.145040 0.340849
-78.144931 0.340927
-78.144885 0.340960
-78.144152 0.341482
-78.143434 0.341990
-78.143421 0.341998
-78.143191 0.342166
-78.142653 0.342553
-78.140457 0.344113
-78.140026 0.344420
-78.139412 0.344881
-78.138611 0.345475
-78.138324 0.345632
-78.138030 0.345772
-78.137630 0.345882
-78.136726 0.346082
-78.136103 0.346220
-78.135801 0.346278
-78.134941 0.346487
-78.134130 0.346639
-78.133652 0.346728
-78.133139 0.346842
-78.132774 0.346912
-78.132584 0.346916
-78.132479 0.346910
-78.132435 0.346904
-78.132361 0.346902
-78.132310 0.346906
-78.132231 0.346935
-78.132171 0.346990
-78.132121 0.347009
-78.132023 0.347052
-78.131889 0.347100
-78.131795 0.347026
-78.131792 0.346922
-78.132066 0.346343
-78.133133 0.344089
-78.133171 0.344004
-78.134430 0.341476
-78.133453 0.341001
-78.132858 0.340687
-78.132415 0.340456
-78.131622 0.340033
-78.131405 0.339911
-78.131296 0.339850
-78.131112 0.339713
-78.130462 0.339133
-78.130174 0.338875
-78.129882 0.338617
-78.129789 0.338540
-78.129296 0.338087
-78.129020 0.337815
-78.128846 0.337681
-78.129871 0.336566
-78.129625 0.336381
-78.129463 0.336280
-78.129264 0.336210
-78.128918 0.336127
-78.128277 0.336038
-78.127669 0.335959
-78.127086 0.335834
-78.126979 0.335819
-78.126415 0.335705
-78.125841 0.335608
-78.125254 0.335528
-78.124670 0.335437
-78.124571 0.335415
-78.123961 0.335310
-78.123432 0.335240
-78.122807 0.335122
-78.122176 0.335016
-78.121635 0.334918
-78.120970 0.334774
-78.119703 0.334565
-78.118706 0.334431
-78.118285 0.334375
-78.118001 0.334337
-78.117958 0.333923
-78.117893 0.333454
-78.117296 0.333308
-78.116759 0.333216
-78.116877 0.332789
-78.116971 0.332408
-78.117248 0.331284
-78.117254 0.331263
-78.117160 0.331219
-78.116722 0.331080
-78.116265 0.330923
-78.115453 0.330593
-78.115306 0.330541
-78.115138 0.330490
-78.115005 0.330486
-78.114776 0.330248
-78.114640 0.330115
-78.114498 0.329997
-78.112969 0.329491
-78.112826 0.329890
-78.112650 0.330091
-78.112159 0.330300
-78.111880 0.330371
-78.111502 0.330374
-78.111092 0.330346
-78.111062 0.329690
-78.110848 0.329295
-78.110754 0.329073
-78.110700 0.328584
-78.110533 0.328215
-78.110553 0.327746
-78.110523 0.327504
-78.110421 0.327239
-78.110249 0.327063
-78.109802 0.326840
-78.109645 0.326707
-78.109340 0.325907
-78.109138 0.325663
-78.108859 0.325507
-78.108339 0.325410
-78.108122 0.325308
-78.107868 0.324662
-78.107766 0.324056
-78.107715 0.323649
-78.107448 0.322940
-78.107408 0.322530
-78.107265 0.322365
-78.107024 0.322225
-78.106639 0.321939
-78.106585 0.321814
-78.106540 0.321531
-78.106384 0.321223
-78.106089 0.319814
-78.106004 0.319613
-78.105890 0.319568
-78.105649 0.319480
-78.105470 0.319435
-78.105382 0.319325
-78.105361 0.318642
-78.105359 0.317958
-78.105363 0.317543
-78.105363 0.317337
