37.519086 55.803759
37.522706 55.802884
37.524432 55.802428
37.525477 55.802109
37.525645 55.802066
37.527176 55.801673
37.529847 55.800994
37.530429 55.800835
37.530975 55.800667
37.531474 55.800503
37.532205 55.800213
37.532857 55.799955
37.541106 55.796321
37.543016 55.795453
37.546087 55.794080
37.546141 55.794056
37.551325 55.791772
37.554229 55.790504
37.559106 55.788369
37.559580 55.788158
37.561943 55.787110
37.564154 55.786144
37.567657 55.784530
37.571449 55.782782
37.573789 55.781714
37.574086 55.781569
37.577239 55.780109
37.579918 55.778862
37.580774 55.778432
37.580875 55.778385
37.583502 55.777123
37.583533 55.777109
37.584302 55.776727
37.585177 55.776293
37.585280 55.776241
37.585823 55.775939
37.586698 55.775452
37.588240 55.774563
37.588840 55.774209
37.590626 55.773158
37.590967 55.772960
37.591967 55.772379
37.592804 55.771889
37.594048 55.771159
37.594955 55.770623
37.595708 55.770171
37.595836 55.770083
37.596488 55.769637
37.596617 55.769543
37.596761 55.769448
37.597319 55.769139
37.598066 55.768729
37.599153 55.768121
37.599530 55.767906
37.599668 55.767823
37.600859 55.767146
37.601506 55.766799
37.603135 55.765925
37.603320 55.765826
37.604250 55.765283
37.605169 55.764764
37.605556 55.764568
37.605645 55.764528
37.605748 55.764473
37.605840 55.764414
37.606367 55.764002
37.607408 55.763190
37.608229 55.762514
37.608503 55.762292
37.609079 55.761816
37.609603 55.761371
37.609830 55.761162
37.610537 55.760429
37.611725 55.759204
37.612255 55.758647
37.612426 55.758475
37.612753 55.758188
37.613166 55.757869
37.613341 55.757759
37.614136 55.757337
37.614752 55.757013
37.614826 55.756975
37.614895 55.756944
37.614954 55.756923
37.615012 55.756910
37.615059 55.756914
37.615251 55.756998
37.615477 55.757092
37.615710 55.757181
37.616129 55.757417
37.617213 55.758070
37.617821 55.758456
37.618015 55.758524
37.618279 55.758568
37.618390 55.758586
37.618615 55.758624
37.618668 55.758633
37.618882 55.758670
37.619024 55.758693
37.620063 55.758864
37.620217 55.758890
37.620351 55.758913
37.621551 55.759124
37.622132 55.759219
37.622692 55.759294
37.622762 55.759303
37.623798 55.759430
37.624799 55.759553
37.624894 55.759550
37.625011 55.759538
37.625268 55.759507
37.625415 55.759483
37.625577 55.759450
37.625676 55.759421
37.625772 55.759386
37.625824 55.759364
37.625914 55.759321
37.626039 55.759251
37.626101 55.759216
37.626311 55.759095
37.626734 55.758853
37.627260 55.758522
37.627576 55.758322
37.627689 55.758241
37.627873 55.758112
37.628153 55.757896
37.628432 55.757657
37.628835 55.757352
37.629297 55.757021
37.629645 55.756783
37.629837 55.756670
37.630044 55.756567
37.630194 55.756643
37.630430 55.756754
37.630727 55.756875
37.630901 55.756930
37.631308 55.757097
37.631487 55.757163
37.631601 55.757202
37.631662 55.757222
37.631699 55.757233
37.631741 55.757244
37.631868 55.757268
37.632322 55.757353
37.632561 55.757393
37.632756 55.757426
37.633177 55.757491
37.633514 55.757536
37.633564 55.757540
37.633709 55.757556
37.633809 55.757565
37.633915 55.757571
37.634139 55.757584
37.634472 55.757601
37.634786 55.757616
37.635229 55.757635
37.635631 55.757662
37.635841 55.757677
37.636030 55.757691
37.636286 55.757716
37.636390 55.757724
37.636493 55.757733
37.636596 55.757745
37.636714 55.757760
37.636826 55.757778
37.637003 55.757814
37.637298 55.757878
37.637756 55.757981
37.638066 55.758047
37.638435 55.758131
37.638636 55.758178
37.639190 55.758309
37.639762 55.758442
37.639889 55.758473
37.640196 55.758544
37.640277 55.758563
37.640439 55.758594
37.640743 55.758648
37.640986 55.758683
37.641620 55.758788
37.641757 55.758811
37.642561 55.758946
37.642886 55.759002
