-52.767790 47.530057
-52.765862 47.531055
-52.765776 47.531132
-52.765750 47.531215
-52.765799 47.531317
-52.765882 47.531381
-52.765955 47.531427
-52.766581 47.531629
-52.766441 47.531798
-52.766318 47.532019
-52.766262 47.532142
-52.766201 47.532243
-52.766151 47.532314
-52.765885 47.532803
-52.765279 47.533791
-52.765230 47.533867
-52.765201 47.533921
-52.764952 47.534355
-52.764601 47.534933
-52.764459 47.535123
-52.764204 47.535345
-52.763786 47.535717
-52.763700 47.535797
-52.763411 47.535979
-52.762343 47.536597
-52.761961 47.536825
-52.761770 47.536936
-52.761519 47.537124
-52.761068 47.537553
-52.760615 47.537987
-52.760011 47.538574
-52.759561 47.538995
-52.759443 47.539071
-52.759264 47.539201
-52.759065 47.539306
-52.758807 47.539449
-52.758655 47.539509
-52.758266 47.539623
-52.758146 47.539659
-52.757796 47.539728
-52.757689 47.539745
-52.757677 47.539874
-52.757708 47.539980
-52.757460 47.540225
-52.757261 47.540143
-52.757047 47.540155
-52.757045 47.540561
-52.757056 47.540811
-52.757061 47.541064
-52.757013 47.541145
-52.756989 47.541172
-52.756962 47.541190
-52.756775 47.541264
-52.756139 47.541280
-52.754747 47.541331
-52.754348 47.541345
-52.754113 47.541358
-52.753857 47.541358
-52.753560 47.541344
-52.753398 47.541327
-52.752878 47.541228
-52.752584 47.541144
-52.752313 47.541044
-52.751800 47.540820
-52.751661 47.540739
-52.751498 47.540848
-52.751160 47.541042
-52.750598 47.541284
-52.749845 47.541715
-52.749116 47.541998
-52.748940 47.542078
-52.747593 47.542657
-52.746652 47.543067
-52.746426 47.543186
-52.746327 47.543253
-52.746234 47.543318
-52.746119 47.543405
-52.746009 47.543495
-52.745855 47.543705
-52.745679 47.543802
-52.745567 47.544010
-52.745525 47.544265
-52.745517 47.544580
-52.745536 47.544930
-52.745582 47.546319
-52.745624 47.546580
-52.745732 47.546783
-52.745889 47.547000
-52.746116 47.547217
-52.746330 47.547376
-52.746912 47.547751
-52.747305 47.548038
-52.747491 47.548223
-52.747614 47.548432
-52.747969 47.549264
-52.748005 47.549332
-52.748508 47.550546
-52.748573 47.550787
-52.748551 47.550997
-52.748476 47.551236
-52.748315 47.551475
-52.748079 47.551714
-52.747457 47.552213
-52.747060 47.552546
-52.746738 47.552872
-52.746319 47.553357
-52.745901 47.553857
-52.745639 47.554183
-52.745508 47.554463
-52.745398 47.554817
-52.745303 47.555540
-52.745202 47.556203
-52.745184 47.556328
-52.745185 47.556624
-52.745247 47.557022
-52.745362 47.557387
-52.745660 47.557988
-52.745830 47.558228
-52.746015 47.558455
-52.746355 47.558788
-52.746813 47.559188
-52.747171 47.559532
-52.747377 47.559708
-52.747720 47.560106
-52.748042 47.560482
-52.748385 47.561003
-52.748514 47.561250
-52.748635 47.561542
-52.748690 47.561700
-52.748911 47.561709
-52.749231 47.561722
-52.749498 47.561738
-52.749922 47.561781
-52.750183 47.561764
-52.751765 47.561937
-52.752384 47.562010
-52.752640 47.562052
-52.752965 47.562102
-52.753442 47.562165
-52.753915 47.562251
-52.754484 47.562370
-52.755489 47.562608
-52.757569 47.563125
-52.758055 47.563249
-52.759001 47.563485
-52.759767 47.563695
-52.760058 47.563762
-52.760949 47.563972
-52.761625 47.564138
-52.761886 47.564202
-52.762279 47.564289
-52.762604 47.564356
-52.762639 47.564583
-52.762722 47.564639
-52.762686 47.564999
-52.763271 47.564887
-52.763383 47.564481
-52.763663 47.564515
-52.764460 47.564560
-52.765155 47.564583
-52.765397 47.564592
-52.766120 47.564587
-52.767032 47.564551
-52.767590 47.564551
-52.768094 47.564594
-52.768609 47.564667
-52.768815 47.564713
-52.769242 47.564811
-52.770207 47.565067
-52.770543 47.564656
-52.770716 47.564503
-52.770915 47.564380
-52.771062 47.564306
-52.771937 47.563977
-52.772050 47.563933
-52.772806 47.563638
-52.773077 47.563531
-52.772976 47.563407
-52.772474 47.562787
-52.774884 47.561839
-52.774253 47.561078
-52.774199 47.560994
-52.774177 47.560960
-52.773684 47.560135
-52.773638 47.560051
-52.773426 47.559669
-52.773364 47.559556
-52.773194 47.559602
-52.772778 47.559002
-52.773019 47.558933
-52.772960 47.558884
-52.772830 47.558738
-52.772632 47.558500
-52.772252 47.558043
-52.772119 47.557884
-52.771848 47.557558
-52.771830 47.557537
-52.771617 47.557287
-52.771265 47.556874
-52.771311 47.556778
-52.771306 47.556701
-52.771259 47.556641
-52.771183 47.556609
-52.771131 47.556610
-52.771091 47.556612
-52.771018 47.556649
-52.770980 47.556714
-52.771012 47.556793
-52.771069 47.556837
-52.771265 47.556874
-52.771617 47.557287
-52.771830 47.557537
-52.771848 47.557558
-52.772119 47.557884
-52.772252 47.558043
-52.772632 47.558500
-52.772830 47.558738
-52.772960 47.558884
-52.773019 47.558933
-52.773364 47.559556
-52.773426 47.559669
-52.773638 47.560051
-52.771064 47.560805
-52.770637 47.560135
-52.770341 47.559669
-52.770199 47.559446
-52.769285 47.558020
-52.769051 47.557780
-52.769002 47.557736
-52.768668 47.557416
-52.768087 47.557019
-52.767589 47.556558
-52.767434 47.556369
-52.767126 47.555894
-52.766867 47.555511
-52.766689 47.555237
-52.766861 47.555200
-52.767844 47.554893
-52.768412 47.554738
-52.769013 47.554555
-52.769291 47.554453
-52.769526 47.554365
-52.769747 47.554275
-52.770944 47.553748
-52.771183 47.553639
-52.771436 47.553525
-52.771904 47.553315
-52.772660 47.552970
-52.772849 47.552884
-52.774721 47.552066
-52.775504 47.551706
-52.776880 47.551094
-52.777682 47.550746
-52.778894 47.550226
-52.779101 47.550150
-52.781332 47.549166
-52.781497 47.549094
-52.783559 47.548197
-52.784302 47.547900
-52.784717 47.547743
-52.785096 47.547610
-52.785514 47.547464
-52.787788 47.546702
-52.790053 47.545911
-52.790904 47.545597
-52.791642 47.545306
-52.792699 47.544860
-52.795191 47.543787
-52.797675 47.542706
-52.799076 47.542113
-52.801580 47.541013
-52.804104 47.539949
-52.803028 47.538789
-52.802862 47.538608
-52.802723 47.538435
-52.802653 47.538331
-52.802591 47.538227
-52.802539 47.538119
-52.802492 47.538013
-52.802458 47.537861
-52.802440 47.537711
-52.802450 47.537560
-52.802482 47.537413
-52.802526 47.537305
-52.802579 47.537198
-52.802662 47.537059
-52.802765 47.536928
-52.802614 47.536858
-52.802448 47.536772
-52.802316 47.536689
-52.802255 47.536616
-52.802215 47.536528
-52.802175 47.536077
-52.802156 47.535831
-52.802140 47.535687
-52.802108 47.535554
-52.801982 47.535274
-52.801903 47.535131
-52.801804 47.534995
-52.801581 47.534753
-52.801443 47.534593
-52.801340 47.534447
-52.801206 47.534261
-52.801114 47.534089
-52.801032 47.533883
-52.800965 47.533637
-52.800933 47.533401
-52.800808 47.532554
-52.800658 47.531917
-52.800379 47.531439
-52.799772 47.530992
-52.799588 47.530695
-52.799539 47.530557
-52.799504 47.530415
-52.799621 47.529463
-52.799076 47.529410
-52.798980 47.529345
-52.798931 47.529221
-52.798920 47.528932
-52.798907 47.528738
-52.798899 47.528613
-52.798937 47.528441
-52.799295 47.528237
-52.799472 47.528166
-52.800233 47.527885
-52.800444 47.527788
-52.801323 47.527403
-52.801961 47.527130
-52.802135 47.527057
-52.802251 47.526925
-52.802188 47.526754
-52.801910 47.526624
-52.800372 47.526108
-52.799208 47.525811
-52.798491 47.525574
-52.798327 47.525468
-52.798259 47.525398
-52.798038 47.524895
-52.797806 47.524407
-52.797692 47.524169
-52.797644 47.523992
-52.796972 47.524070
-52.796033 47.524190
-52.795915 47.524205
-52.795713 47.524231
-52.795266 47.524287
-52.794836 47.524342
-52.794427 47.524394
-52.794367 47.524401
-52.794206 47.524418
-52.793928 47.524447
-52.793850 47.524455
-52.793693 47.524472
-52.793146 47.524476
-52.792893 47.524465
-52.792710 47.524682
-52.792634 47.524732
-52.792573 47.524795
-52.792433 47.524868
-52.792193 47.525003
-52.791509 47.525394
-52.791060 47.525650
-52.790483 47.526015
-52.790448 47.526037
-52.790010 47.526237
-52.789584 47.526401
-52.789127 47.526573
-52.788783 47.526718
-52.788459 47.526847
-52.788231 47.526934
-52.788012 47.527018
-52.787249 47.527286
-52.786895 47.527416
-52.786620 47.527519
-52.786290 47.527650
-52.785936 47.527792
-52.785097 47.528138
-52.784532 47.528366
-52.783746 47.528641
-52.782945 47.528931
-52.782448 47.529130
-52.782150 47.529406
-52.781887 47.529733
-52.781390 47.530060
-52.781014 47.530250
-52.780585 47.530416
-52.780187 47.530651
-52.778680 47.531766
-52.777771 47.531166
-52.777607 47.530975
-52.777509 47.530741
-52.776785 47.530828
-52.776401 47.530870
-52.776059 47.530991
-52.775693 47.531161
-52.775524 47.531261
-52.775305 47.531412
-52.775167 47.531504
-52.774984 47.531562
-52.774626 47.531631
-52.774294 47.531668
-52.774278 47.531538
-52.774242 47.531290
-52.774249 47.531088
-52.774249 47.531024
-52.774259 47.530828
-52.774351 47.530155
-52.774284 47.529922
-52.774144 47.529705
-52.773747 47.529342
-52.773499 47.529182
-52.773289 47.529093
-52.773189 47.529067
-52.772866 47.529053
-52.772649 47.529047
-52.772348 47.529102
-52.771902 47.529261
-52.771740 47.529322
-52.770608 47.529742
-52.770007 47.529972
-52.769823 47.530042
-52.768939 47.530413
-52.768178 47.530738
-52.768065 47.530794
-52.767281 47.531218
-52.766947 47.531391
-52.766581 47.531629
-52.765955 47.531427
-52.765882 47.531381
-52.765799 47.531317
-52.765750 47.531215
-52.765776 47.531132
-52.765862 47.531055
-52.767790 47.530057
-52.768200 47.529894
-52.768333 47.529880
-52.768474 47.529898
-52.768571 47.529984
-52.768939 47.530413
-52.768178 47.530738
-52.768065 47.530794
-52.767281 47.531218
-52.766947 47.531391
-52.766581 47.531629
-52.765955 47.531427
-52.765882 47.531381
-52.765799 47.531317
-52.765750 47.531215
-52.765776 47.531132
-52.765862 47.531055
-52.767790 47.530057
-52.768200 47.529894
-52.768333 47.529880
-52.768474 47.529898
-52.768571 47.529984
-52.768939 47.530413
-52.768178 47.530738
-52.768065 47.530794
-52.767281 47.531218
-52.766947 47.531391
-52.766581 47.531629
-52.765955 47.531427
-52.765882 47.531381
-52.765799 47.531317
-52.765750 47.531215
-52.765776 47.531132
-52.765862 47.531055
-52.767790 47.530057
