8.547038 49.360584
8.547294 49.359846
8.547706 49.358719
8.548129 49.357643
8.548490 49.356782
8.548896 49.355861
8.549100 49.355426
8.549357 49.354872
8.549531 49.354523
8.549674 49.354226
8.550032 49.353524
8.550291 49.353010
8.550572 49.352474
8.550777 49.352079
8.551208 49.351285
8.551621 49.350518
8.552036 49.349759
8.552477 49.348942
8.552750 49.348438
8.553044 49.347875
8.553312 49.347364
8.553421 49.347146
8.553738 49.346540
8.553859 49.346299
8.554291 49.345421
8.554735 49.344497
8.555185 49.343527
8.555643 49.342513
8.555730 49.342316
8.556173 49.341266
8.556395 49.340739
8.557077 49.339039
8.557117 49.338931
8.557242 49.338617
8.557377 49.338256
8.557732 49.337258
8.558645 49.334912
8.559545 49.332928
8.560159 49.331736
8.560597 49.331016
8.560979 49.330358
8.561216 49.329996
8.561749 49.329163
8.562001 49.328773
8.562786 49.327671
8.563444 49.326803
8.564101 49.325945
8.566145 49.323699
8.566326 49.323369
8.566555 49.323119
8.566965 49.322600
8.566987 49.322460
8.567146 49.322142
8.567329 49.321895
8.567475 49.321751
8.567779 49.321519
8.567747 49.321137
8.567825 49.320964
8.568164 49.320630
8.569009 49.319908
8.569117 49.319828
8.569311 49.319760
8.569494 49.319742
8.569675 49.319743
8.569845 49.319726
8.570050 49.319696
8.570229 49.319677
8.571148 49.319221
8.572267 49.318347
8.572814 49.317934
8.575600 49.315830
8.580014 49.312338
8.581556 49.311028
8.584529 49.308350
8.587051 49.305960
8.589606 49.303309
8.590110 49.302764
8.591720 49.301020
8.593410 49.299187
8.595086 49.297455
8.596588 49.295953
8.598654 49.294076
8.599770 49.293114
8.600994 49.292130
8.602408 49.291016
8.604883 49.289265
8.607494 49.287574
8.610062 49.286024
8.611631 49.285134
8.611822 49.285034
8.613714 49.284048
8.614610 49.283593
8.614977 49.283288
8.615913 49.282776
8.616183 49.282562
8.616647 49.282288
8.617112 49.281965
8.617370 49.281765
8.617580 49.281540
8.617806 49.281273
8.617994 49.280987
8.618184 49.280640
8.618380 49.280202
8.618554 49.279802
8.618624 49.279595
8.618677 49.279379
8.618700 49.279156
8.618693 49.278924
8.618679 49.278724
8.618641 49.278546
8.618587 49.278338
8.618507 49.278116
8.618393 49.277836
8.618158 49.277352
8.618077 49.277107
8.617905 49.276788
8.617631 49.276290
8.617453 49.276000
8.617429 49.275880
8.616551 49.274646
8.615466 49.273231
8.614228 49.271710
8.613231 49.270520
8.610554 49.267256
8.610033 49.266644
8.609205 49.265635
8.609049 49.265446
8.607253 49.263280
8.605574 49.261252
8.605195 49.260801
8.604063 49.259428
8.603242 49.258422
8.602889 49.257968
8.602562 49.257511
8.602365 49.257220
8.602191 49.256943
8.602020 49.256648
8.601838 49.256351
8.601591 49.255895
8.601342 49.255371
8.601248 49.255177
8.601135 49.254919
8.600800 49.254073
8.600697 49.253704
8.600540 49.253149
8.600466 49.252825
8.600342 49.252261
8.600279 49.251871
8.600233 49.251500
8.600187 49.251100
8.600164 49.250738
8.600148 49.250203
8.600153 49.249668
8.600185 49.249127
8.600268 49.248422
8.600508 49.246553
8.600629 49.245737
8.600730 49.244962
8.601025 49.242776
8.601328 49.240501
8.601465 49.239587
8.601554 49.238942
8.601674 49.238192
8.601802 49.237027
8.602136 49.234494
8.602440 49.232231
8.602464 49.232033
8.602600 49.231038
8.602739 49.229966
8.602844 49.229182
8.602961 49.228301
8.603173 49.226766
8.603227 49.226323
8.603600 49.223535
8.603745 49.222443
8.603774 49.222133
8.603786 49.221986
8.603803 49.221806
8.603817 49.221344
8.603806 49.220929
8.603786 49.220465
8.603767 49.220024
8.603690 49.219350
8.603619 49.218904
8.603528 49.218452
8.603432 49.218070
8.603332 49.217703
8.603083 49.216942
8.602961 49.216601
8.602773 49.216163
8.602572 49.215724
8.602437 49.215460
8.602260 49.215112
8.602080 49.214788
8.601892 49.214469
8.601705 49.214174
8.600915 49.212957
8.600482 49.212293
8.599635 49.210983
8.599216 49.210335
8.597677 49.207961
8.596132 49.205583
8.595971 49.205335
8.595657 49.204838
8.594987 49.203808
8.594319 49.202785
8.593155 49.201062
8.591991 49.199355
8.590480 49.197145
8.589988 49.196434
8.589280 49.195384
8.587530 49.192822
8.586432 49.191220
8.585360 49.189643
8.581535 49.184039
8.580844 49.183022
8.580490 49.182491
8.580181 49.182024
8.579587 49.181084
8.579224 49.180512
8.578947 49.180065
8.578389 49.179137
8.577739 49.178016
8.576745 49.176212
8.576346 49.175487
8.575861 49.174611
8.575006 49.173033
8.573522 49.170308
8.572712 49.168848
8.571867 49.167311
8.571343 49.166356
8.570950 49.165630
8.570541 49.164894
8.570276 49.164410
8.569291 49.162692
8.568506 49.161366
8.568044 49.160619
8.567531 49.159806
8.567298 49.159450
8.565924 49.157332
8.565784 49.157116
8.565779 49.157108
8.564747 49.155522
8.564323 49.154862
8.563798 49.154052
8.563363 49.153378
8.563264 49.153224
8.562521 49.152081
8.560233 49.148546
8.559559 49.147494
