54.968545 56.251293
54.962778 56.251535
54.962244 56.251558
54.961159 56.251725
54.957930 56.252220
54.954247 56.252785
54.951992 56.253132
54.946825 56.253925
54.943984 56.254343
54.942881 56.254488
54.941186 56.252656
54.940463 56.252019
54.939598 56.251455
54.938984 56.251168
54.938507 56.250946
54.936310 56.250126
54.934810 56.249787
54.931559 56.249369
54.930485 56.249241
54.928901 56.249040
54.926781 56.248662
54.925581 56.248410
54.924321 56.247999
54.923082 56.247533
54.921860 56.246998
54.906656 56.238560
54.899386 56.234550
54.896693 56.233274
54.894110 56.232474
54.886282 56.230997
54.885663 56.230880
54.877614 56.229359
54.864883 56.226852
54.858090 56.225949
54.827547 56.221889
54.807331 56.218586
54.806696 56.218467
54.805853 56.218290
54.798347 56.216875
54.795900 56.216413
54.785301 56.214258
54.755434 56.208562
54.744852 56.206409
54.743217 56.206028
54.741481 56.205497
54.739068 56.204668
54.735527 56.203186
54.734451 56.202809
54.734339 56.202773
54.732997 56.202348
54.731440 56.202000
54.730111 56.201813
54.729493 56.201739
54.728771 56.201668
54.727553 56.201573
54.726211 56.201534
54.724764 56.201568
54.713790 56.202746
54.712331 56.202829
54.711281 56.202855
54.710210 56.202826
54.708246 56.202664
54.695196 56.200504
54.694491 56.200384
54.683694 56.198547
54.678630 56.197353
54.644524 56.188123
54.638602 56.186078
54.637932 56.185857
54.635315 56.184932
54.633203 56.184282
54.630412 56.183291
54.628076 56.182547
54.624803 56.182304
54.602073 56.183242
54.592285 56.183646
54.576063 56.185843
54.561974 56.186589
54.561345 56.186622
54.549948 56.187225
54.547073 56.187273
54.544626 56.186867
54.532396 56.183882
54.524916 56.182074
54.510459 56.177744
54.507829 56.176996
54.504762 56.176457
54.499908 56.176118
54.498796 56.174719
54.496845 56.173504
54.491246 56.171695
54.486132 56.170725
54.463955 56.167993
54.458775 56.166614
54.425493 56.156943
54.404269 56.150812
54.399438 56.149430
54.396450 56.148566
54.393373 56.147688
54.390400 56.146761
54.387274 56.145478
54.384493 56.143978
54.380100 56.141380
54.362537 56.131206
54.358031 56.128169
54.353052 56.124533
54.349147 56.122428
54.337077 56.117748
54.336460 56.117503
54.336363 56.117465
54.335879 56.117280
54.334511 56.116753
54.334134 56.116609
54.319601 56.111033
54.318013 56.110391
54.312413 56.108251
54.308671 56.106881
54.307843 56.106808
54.307634 56.106832
54.307517 56.106822
54.307466 56.106818
54.307328 56.106783
54.307228 56.106738
54.307139 56.106667
54.307116 56.106649
54.307101 56.106406
54.306777 56.106161
54.305332 56.105630
54.301851 56.104299
54.298540 56.103186
54.296147 56.102510
54.295633 56.102368
54.293770 56.102019
54.293088 56.101900
54.290093 56.101355
54.287975 56.100965
54.286115 56.100622
54.284127 56.100255
54.283479 56.100131
54.283117 56.100062
54.281321 56.099719
54.280694 56.099599
54.279012 56.099280
54.277209 56.098939
54.276741 56.098819
54.275140 56.098408
54.274484 56.098487
54.274113 56.098527
54.273800 56.098427
54.273665 56.098293
54.272131 56.096826
54.270636 56.095341
54.270172 56.094880
54.269512 56.094225
54.269003 56.093672
54.268607 56.093309
54.268212 56.092943
54.267815 56.092535
54.266957 56.091720
54.266911 56.091676
54.263868 56.088788
54.263715 56.088637
54.259580 56.084725
54.259165 56.084452
54.257895 56.083155
54.256887 56.082275
54.256444 56.081855
54.256190 56.081631
54.254867 56.080461
54.254137 56.080712
54.253902 56.080785
54.252269 56.081345
54.248948 56.082392
54.248618 56.082498
54.248936 56.082796
54.250062 56.083861
54.250523 56.083706
54.250660 56.083593
54.250554 56.083492
54.250380 56.083547
