-95.866094 36.167571
-95.866309 36.167137
-95.866361 36.167063
-95.866424 36.167005
-95.866534 36.166952
-95.866637 36.166930
-95.866742 36.166913
-95.867004 36.166914
-95.867482 36.166914
-95.867724 36.166914
-95.867848 36.166914
-95.867968 36.166914
-95.868398 36.166915
-95.868690 36.166915
-95.868783 36.166915
-95.868785 36.166786
-95.868782 36.166415
-95.868782 36.166308
-95.868782 36.165689
-95.868790 36.165502
-95.868806 36.165113
-95.868810 36.164996
-95.868807 36.164097
-95.868805 36.163661
-95.868802 36.163416
-95.868790 36.163022
-95.868787 36.162722
-95.868785 36.161821
-95.868790 36.161633
-95.868793 36.161558
-95.868797 36.161502
-95.868815 36.161434
-95.868863 36.161323
-95.868955 36.161213
-95.869112 36.161028
-95.869133 36.161011
-95.869176 36.160969
-95.869213 36.160923
-95.869242 36.160873
-95.869263 36.160821
-95.869276 36.160768
-95.869280 36.160713
-95.869276 36.160659
-95.869264 36.160605
-95.869243 36.160553
-95.869214 36.160504
-95.869178 36.160457
-95.869135 36.160415
-95.869086 36.160378
-95.869031 36.160345
-95.868972 36.160319
-95.868909 36.160299
-95.868844 36.160285
-95.868777 36.160278
-95.868709 36.160278
-95.868642 36.160285
-95.868576 36.160298
-95.868513 36.160318
-95.868454 36.160344
-95.868399 36.160376
-95.868350 36.160413
-95.868128 36.160517
-95.868070 36.160559
-95.868011 36.160592
-95.867942 36.160623
-95.867868 36.160645
-95.867774 36.160663
-95.867673 36.160670
-95.867483 36.160711
-95.867200 36.160710
-95.866163 36.160705
-95.865803 36.160704
-95.865166 36.160707
-95.864356 36.160626
-95.863820 36.160615
-95.862846 36.160609
-95.862521 36.160614
-95.862313 36.160616
-95.862186 36.160616
-95.861566 36.160614
-95.861559 36.160205
-95.861554 36.160036
-95.861537 36.159872
-95.861497 36.159672
-95.861364 36.159205
-95.861154 36.158542
-95.861085 36.158264
-95.860906 36.157821
-95.860894 36.157548
-95.860788 36.155491
-95.860769 36.154996
-95.860659 36.152182
-95.860584 36.150051
-95.860533 36.148964
-95.860526 36.148321
-95.860495 36.147625
-95.860483 36.147264
-95.860415 36.145541
-95.860295 36.142510
-95.860204 36.140159
-95.860198 36.139870
-95.860192 36.139651
-95.860170 36.138918
-95.860128 36.137957
-95.860260 36.137752
-95.860308 36.137699
-95.860366 36.137653
-95.860423 36.137612
-95.860538 36.137562
-95.860630 36.137541
-95.860722 36.137526
-95.860799 36.137527
-95.860898 36.137540
-95.860971 36.137563
-95.861065 36.137606
-95.861145 36.137653
-95.861205 36.137701
-95.861249 36.137751
-95.861282 36.137803
-95.861309 36.137866
-95.861328 36.137929
-95.861333 36.137994
-95.861323 36.138062
-95.861299 36.138120
-95.861261 36.138193
-95.861082 36.138405
-95.859671 36.139408
-95.858467 36.140261
-95.857247 36.141120
-95.856188 36.142022
-95.855291 36.142653
-95.854130 36.143477
-95.851505 36.145331
-95.850290 36.146191
-95.848114 36.147725
-95.847320 36.148289
-95.845140 36.149831
-95.837397 36.155300
-95.833876 36.157792
-95.832932 36.158456
-95.832462 36.158786
-95.832002 36.159091
-95.831411 36.159455
-95.830821 36.159793
-95.830505 36.159965
-95.829956 36.160240
-95.829364 36.160517
-95.828679 36.160804
-95.828347 36.160940
-95.827750 36.161159
-95.827271 36.161325
-95.826680 36.161510
-95.825666 36.161800
-95.825250 36.161899
-95.824820 36.161994
-95.824342 36.162087
-95.823941 36.162155
-95.823636 36.162202
-95.823227 36.162255
-95.822474 36.162336
-95.822019 36.162379
-95.821538 36.162416
-95.821150 36.162436
-95.820745 36.162452
-95.820247 36.162459
-95.819772 36.162461
-95.818438 36.162465
-95.817825 36.162464
-95.815109 36.162461
-95.799154 36.162443
-95.797898 36.162319
-95.797598 36.162274
-95.797314 36.162222
-95.795588 36.161752
-95.795258 36.161670
-95.794965 36.161619
-95.794607 36.161585
-95.794445 36.161584
-95.794435 36.161235
-95.794236 36.161235
-95.794053 36.161235
-95.794236 36.161235
-95.794435 36.161235
-95.794445 36.161584
-95.794170 36.161582
-95.794020 36.161593
-95.793876 36.161612
-95.793758 36.161636
-95.793652 36.161667
-95.793505 36.161724
-95.792729 36.162084
-95.792521 36.162158
-95.792313 36.162230
-95.792099 36.162287
-95.791858 36.162330
-95.790601 36.162434
-95.788397 36.162434
-95.784178 36.162421
-95.783401 36.162415
-95.780071 36.162411
-95.779181 36.162412
-95.776742 36.162407
-95.774996 36.162408
-95.772727 36.162404
-95.769926 36.162419
-95.767106 36.162463
-95.766034 36.162478
-95.762030 36.162553
-95.760864 36.162572
-95.758266 36.162635
-95.754231 36.162702
-95.752246 36.162725
-95.751146 36.162749
-95.748982 36.162791
-95.745619 36.162853
-95.744834 36.162865
-95.742141 36.162913
-95.738638 36.162979
-95.736326 36.162983
-95.734437 36.162961
-95.733032 36.162928
-95.729914 36.162800
-95.727886 36.162712
-95.724512 36.162565
-95.721407 36.162413
-95.718892 36.162324
-95.716369 36.162256
-95.708258 36.162241
-95.706700 36.162274
-95.705178 36.162331
-95.703534 36.162430
-95.701598 36.162585
-95.700123 36.162727
-95.698564 36.162911
-95.695336 36.163280
-95.691024 36.163780
-95.688845 36.164019
-95.686960 36.164177
-95.684566 36.164330
-95.682722 36.164405
-95.681692 36.164431
-95.654779 36.164453
-95.639052 36.164461
-95.636929 36.164462
-95.636516 36.164462
-95.627523 36.164457
-95.626032 36.164451
-95.623390 36.164453
-95.620192 36.164458
-95.617273 36.164461
-95.614434 36.164462
-95.612595 36.164459
-95.611545 36.164481
-95.610298 36.164553
-95.609065 36.164671
-95.608036 36.164808
-95.606835 36.165013
-95.605885 36.165207
-95.605169 36.165379
-95.604315 36.165601
-95.603340 36.165904
-95.602045 36.166330
-95.601015 36.166683
-95.596121 36.168364
-95.594676 36.168851
-95.593723 36.169157
-95.592754 36.169441
-95.591479 36.169771
-95.590198 36.170063
-95.588031 36.170427
-95.586831 36.170580
-95.585703 36.170704
-95.584378 36.170792
-95.583071 36.170828
-95.581987 36.170835
-95.580875 36.170808
-95.565127 36.169978
-95.558704 36.169640
-95.555810 36.169488
-95.552739 36.169350
-95.550855 36.169271
-95.547220 36.169171
-95.542702 36.169119
-95.538562 36.169166
-95.536011 36.169195
-95.534100 36.169201
-95.532402 36.169163
-95.531050 36.169041
-95.529621 36.168963
-95.526820 36.168627
-95.525948 36.168598
-95.524797 36.168543
-95.523675 36.168529
-95.522077 36.168567
-95.520634 36.168662
-95.519670 36.168762
-95.518342 36.168938
-95.516520 36.169264
-95.511912 36.170245
-95.511362 36.170356
-95.509612 36.170711
-95.508449 36.170911
-95.506695 36.171126
-95.504865 36.171243
-95.503038 36.171231
-95.501412 36.171122
-95.500003 36.170974
-95.498640 36.170758
-95.497942 36.170626
-95.496087 36.170155
-95.493822 36.169498
-95.492099 36.169114
-95.489846 36.168741
-95.487979 36.168572
-95.486552 36.168531
-95.484978 36.168557
-95.483374 36.168670
-95.481925 36.168802
-95.477313 36.169270
-95.475837 36.169399
-95.472207 36.169598
-95.467870 36.169693
-95.464244 36.169649
-95.460469 36.169495
-95.457914 36.169319
-95.456179 36.169203
-95.454484 36.169116
-95.452670 36.169074
-95.451024 36.169073
-95.448472 36.169142
-95.446562 36.169273
-95.444756 36.169421
-95.440855 36.169833
-95.440000 36.169920
-95.435779 36.170264
-95.433340 36.170407
-95.430953 36.170500
-95.429051 36.170545
-95.426794 36.170540
-95.424603 36.170503
-95.422477 36.170439
-95.420341 36.170310
-95.418047 36.170147
-95.415787 36.169941
-95.413551 36.169685
-95.410955 36.169424
-95.408617 36.169215
-95.406585 36.169080
-95.404538 36.169010
-95.404045 36.168993
-95.401828 36.168979
-95.399737 36.168999
-95.397847 36.169072
-95.386642 36.169656
-95.384561 36.169772
-95.379836 36.170024
-95.376555 36.170072
-95.374616 36.170024
-95.372749 36.169941
-95.370753 36.169788
-95.368708 36.169583
-95.365952 36.169186
-95.351364 36.166798
-95.350802 36.166719
-95.348683 36.166483
-95.347680 36.166396
-95.346582 36.166320
-95.345938 36.166286
-95.342653 36.166289
-95.342313 36.166301
-95.341497 36.166340
-95.340879 36.166371
-95.340402 36.166356
-95.340241 36.166337
-95.340063 36.166268
-95.339939 36.166190
-95.339799 36.166043
-95.339726 36.165887
-95.339699 36.165740
-95.339718 36.165596
-95.339772 36.165440
-95.339888 36.165321
-95.340024 36.165205
-95.340206 36.165140
-95.340322 36.165109
-95.340465 36.165087
-95.341279 36.165093
-95.341433 36.165121
-95.341579 36.165193
-95.341658 36.165252
-95.341724 36.165362
-95.341821 36.165812
-95.341819 36.167405
-95.341827 36.168693
-95.341890 36.168927
-95.341892 36.169310
-95.341896 36.169939
-95.341897 36.170182
-95.341904 36.171482
-95.341951 36.175093
-95.342099 36.176075
-95.342161 36.176290
-95.342233 36.176521
-95.342419 36.177079
-95.343107 36.179200
-95.343278 36.179848
-95.343338 36.180312
-95.343367 36.181064
-95.343322 36.181775
-95.343088 36.183473
-95.342965 36.184404
-95.342736 36.185874
-95.342545 36.186150
-95.342463 36.186224
-95.342357 36.186286
-95.342183 36.186336
-95.342669 36.186392
-95.342552 36.187195
-95.342451 36.188054
-95.342230 36.189693
-95.342168 36.190264
-95.342088 36.190631
-95.342013 36.191619
-95.341735 36.193678
-95.341603 36.194627
-95.341520 36.195254
-95.341212 36.197495
-95.341034 36.198795
-95.340846 36.200305
-95.340758 36.201610
-95.340744 36.204219
-95.340792 36.206795
-95.340796 36.207317
-95.340971 36.220739
-95.340958 36.221619
-95.340928 36.222316
-95.340844 36.223013
-95.340716 36.223730
-95.339772 36.228608
-95.339196 36.231584
-95.338481 36.235243
-95.338119 36.237139
-95.337724 36.239199
-95.337079 36.242540
-95.336650 36.244791
-95.336118 36.247585
-95.336023 36.248000
-95.335772 36.249337
-95.335612 36.250127
-95.335277 36.251711
-95.334909 36.253698
-95.334319 36.256813
-95.334169 36.257567
-95.333878 36.259021
-95.333618 36.260413
-95.333472 36.261187
-95.332947 36.263840
