7.382737 52.105682
7.381465 52.106406
7.380843 52.106800
7.380474 52.107033
7.379736 52.107547
7.379575 52.107659
7.378702 52.108268
7.377541 52.109166
7.376427 52.110094
7.375827 52.110625
7.374747 52.111674
7.373451 52.113090
7.372832 52.113844
7.372583 52.114213
7.372371 52.114518
7.372186 52.114765
7.372001 52.115015
7.371403 52.115923
7.370932 52.116675
7.370759 52.116994
7.370713 52.117078
7.370520 52.117432
7.369618 52.119461
7.369135 52.120831
7.369083 52.121004
7.368678 52.122345
7.368610 52.122605
7.368278 52.124227
7.368179 52.124711
7.368129 52.124997
7.367739 52.127567
7.367316 52.131018
7.366900 52.134031
7.366891 52.134082
7.366826 52.134435
7.366583 52.135772
7.366376 52.136798
7.366249 52.137413
7.365997 52.138351
7.365993 52.138372
7.365860 52.138824
7.365263 52.140566
7.365126 52.140972
7.364789 52.141756
7.364571 52.142238
7.364186 52.142981
7.363850 52.143598
7.363008 52.144971
7.362508 52.145663
7.362409 52.145800
7.362234 52.146043
7.361856 52.146508
7.361505 52.146941
7.360006 52.148629
7.358648 52.149888
7.357193 52.151134
7.355933 52.152043
7.355666 52.152236
7.355324 52.152483
7.353852 52.153433
7.353670 52.153551
7.353521 52.153647
7.351783 52.154635
7.350740 52.155171
7.350580 52.155253
7.349624 52.155744
7.348477 52.156281
7.347664 52.156631
7.346846 52.156953
7.346654 52.157029
7.345226 52.157546
7.343390 52.158171
7.342933 52.158318
7.342603 52.158423
7.342285 52.158525
7.341718 52.158688
7.340815 52.158919
7.340232 52.159048
7.339917 52.159106
7.339306 52.159228
7.338713 52.159336
7.338052 52.159451
7.336863 52.159609
7.335654 52.159757
7.335316 52.159789
7.334544 52.159856
7.334171 52.159884
7.333422 52.159902
7.332511 52.159917
7.331571 52.159904
7.330545 52.159864
7.329774 52.159810
7.329011 52.159743
7.328102 52.159650
7.327061 52.159539
7.326346 52.159467
7.322563 52.158352
7.322493 52.158330
7.321949 52.158158
7.321568 52.158017
7.321442 52.157967
7.321364 52.157985
7.321276 52.157985
7.321212 52.157972
7.321140 52.157940
7.321107 52.157912
7.321010 52.157946
7.319846 52.158371
7.319032 52.158672
7.318432 52.158859
7.314742 52.160187
7.312011 52.161172
7.310420 52.161746
7.310326 52.161776
7.307633 52.162726
7.307270 52.162850
7.305602 52.163435
7.302408 52.164575
7.301076 52.165056
7.299629 52.165558
7.297661 52.166274
7.294266 52.167510
7.293896 52.167691
7.293576 52.167848
7.292961 52.168205
7.291190 52.169596
7.290879 52.169850
7.287806 52.172303
7.286980 52.172961
7.286845 52.173074
7.285306 52.174365
7.283525 52.175336
7.283032 52.175591
7.282779 52.175724
7.276683 52.178914
7.274788 52.179907
7.274582 52.180014
7.274361 52.180133
7.274177 52.180006
7.273508 52.179497
7.273250 52.179299
7.272212 52.178512
7.267948 52.175273
7.262941 52.171468
7.262875 52.171418
7.262148 52.170878
7.261809 52.170629
7.261461 52.170423
7.260963 52.170077
7.260751 52.170028
7.260615 52.170039
7.259904 52.170389
7.259603 52.170556
7.255777 52.173633
7.254675 52.174218
7.254324 52.174422
7.252565 52.175448
7.248672 52.177786
7.244783 52.180121
7.243727 52.180727
7.242998 52.181139
7.241427 52.182059
7.239060 52.183348
7.237404 52.184184
7.236429 52.184632
7.235955 52.184852
7.234174 52.185648
7.232638 52.186305
7.231637 52.186698
7.230625 52.187077
7.229927 52.187325
7.228195 52.187909
7.226504 52.188458
7.224902 52.188915
7.224018 52.189150
7.221686 52.189752
7.221408 52.189820
7.220828 52.189956
7.220217 52.190088
7.219235 52.190287
7.218243 52.190471
7.216824 52.190728
7.215399 52.190974
7.213694 52.191245
7.212039 52.191494
7.210592 52.191701
7.210241 52.191751
7.206426 52.192296
7.205822 52.192380
7.202202 52.192911
7.199773 52.193247
7.198705 52.193387
7.198211 52.193448
7.197815 52.193498
7.196962 52.193583
7.196045 52.193644
7.195123 52.193681
7.194342 52.193699
7.193052 52.193688
7.192079 52.193644
7.191313 52.193593
7.190817 52.193551
7.189981 52.193464
7.189203 52.193361
7.186937 52.193108
7.185869 52.193012
7.184889 52.192938
7.183686 52.192891
7.183207 52.192892
7.182557 52.192898
7.181072 52.192964
7.180651 52.192994
7.179259 52.193152
7.177594 52.193377
7.171192 52.194400
7.170654 52.194493
7.166924 52.195143
7.164297 52.195545
7.163760 52.195615
7.163293 52.195681
7.162620 52.195767
7.162044 52.195832
7.161304 52.195923
7.160311 52.196022
7.159142 52.196107
7.158418 52.196145
7.157490 52.196191
7.156461 52.196232
7.155468 52.196243
7.154628 52.196227
7.152866 52.196186
7.151952 52.196130
7.151030 52.196073
7.150737 52.196050
7.150354 52.196015
7.149113 52.195900
7.148048 52.195781
7.146540 52.195581
7.144900 52.195330
7.138381 52.194224
7.136717 52.193938
7.136507 52.193906
7.135407 52.193734
7.132474 52.193293
7.129894 52.192940
7.128188 52.192753
7.127229 52.192654
7.126087 52.192581
7.124293 52.192431
7.121816 52.192262
7.120677 52.192200
7.119257 52.192148
7.116714 52.192115
7.115125 52.192131
7.112232 52.192216
7.110881 52.192297
7.109246 52.192406
7.107461 52.192502
7.101799 52.193050
7.097248 52.193464
7.095220 52.193619
7.092588 52.193782
7.089858 52.193901
7.087983 52.193965
7.087339 52.193982
7.086153 52.194010
7.084315 52.194041
7.082097 52.194060
7.078037 52.194039
7.075660 52.194019
7.073802 52.194020
7.070784 52.194066
7.068947 52.194123
7.066818 52.194221
7.065981 52.194295
7.061597 52.194615
7.056695 52.194944
7.052294 52.195158
7.049166 52.195233
7.047179 52.195282
7.044313 52.195304
7.038747 52.195188
7.037236 52.195143
7.036638 52.195104
7.034395 52.194987
7.032454 52.194868
7.031805 52.194828
7.031177 52.194792
7.028803 52.194649
7.028071 52.194612
7.027776 52.194592
7.023960 52.194572
7.021879 52.194581
7.021414 52.194601
7.020421 52.194659
7.017263 52.194924
7.014767 52.195094
7.014099 52.195112
7.013710 52.195108
7.011487 52.195094
7.002615 52.195079
7.000633 52.195078
6.991483 52.194588
6.984288 52.193076
6.980703 52.192368
6.979504 52.192150
6.978531 52.191992
6.977193 52.191799
6.976546 52.191716
6.975877 52.191648
6.975047 52.191591
6.974239 52.191541
6.973641 52.191525
6.973025 52.191521
6.972625 52.191521
6.972224 52.191532
6.971494 52.191569
6.971040 52.191592
6.970582 52.191627
6.969762 52.191709
6.968919 52.191818
6.968081 52.191954
6.967453 52.192078
6.966860 52.192203
6.965603 52.192496
6.963966 52.192922
6.962286 52.193409
6.960188 52.194021
6.959139 52.194317
6.958030 52.194615
6.956873 52.194889
6.956000 52.195080
6.954849 52.195317
6.952965 52.195651
6.951750 52.195830
6.950509 52.196005
6.947958 52.196305
6.946389 52.196487
6.945030 52.196673
6.943959 52.196845
6.942723 52.197074
6.941420 52.197356
6.940390 52.197600
6.939712 52.197772
6.938832 52.198019
6.937751 52.198342
6.936856 52.198639
6.936108 52.198904
6.935009 52.199309
6.933883 52.199745
6.933238 52.199993
6.932275 52.200365
6.930570 52.200959
6.930211 52.201091
6.929591 52.201297
6.928879 52.201510
6.928253 52.201671
6.928117 52.201706
6.928195 52.201810
6.928278 52.201903
6.928346 52.201954
6.928438 52.202012
6.928625 52.202081
6.929071 52.202228
6.929284 52.202313
6.929509 52.202435
6.929584 52.202506
6.932847 52.204679
6.933825 52.205331
6.934187 52.205572
6.934479 52.205781
6.934738 52.205965
6.935617 52.206623
6.935994 52.206923
6.936254 52.207131
6.936457 52.207302
6.936751 52.207547
6.937014 52.207797
6.937236 52.208016
6.937486 52.208298
6.937691 52.208555
6.937867 52.208802
6.938011 52.209020
6.938119 52.209210
6.938219 52.209402
6.938327 52.209616
6.938427 52.209855
6.938502 52.210060
6.938573 52.210285
6.938622 52.210493
6.938651 52.210660
6.938692 52.210896
6.938720 52.211141
6.938731 52.211351
6.938731 52.211624
6.938734 52.212430
6.938746 52.212907
6.938770 52.213353
6.938785 52.213628
6.938790 52.213719
6.938800 52.213718
6.938853 52.213724
6.938901 52.213738
6.938939 52.213762
6.938963 52.213791
6.938971 52.213816
6.938971 52.213823
6.938963 52.213856
6.938939 52.213885
6.938901 52.213908
6.938853 52.213923
6.938810 52.213928
6.938814 52.214015
6.938845 52.214429
6.938870 52.214748
6.938900 52.215053
6.938938 52.215411
6.938971 52.215655
6.939075 52.216108
6.939136 52.216470
6.939248 52.217078
6.939304 52.217368
6.939319 52.217460
6.939328 52.217509
6.939338 52.217573
6.939181 52.217582
6.938941 52.217599
6.937810 52.217680
6.936914 52.217742
6.935812 52.217824
6.935542 52.217860
6.935102 52.217896
6.934856 52.217917
6.934579 52.217938
6.934183 52.217970
6.933861 52.217975
6.933551 52.217990
6.932087 52.218093
6.931633 52.218125
6.931183 52.218163
6.930713 52.218202
6.930238 52.218245
6.929640 52.218300
6.929387 52.218325
6.929089 52.218355
6.927940 52.218461
6.926785 52.218564
6.926563 52.218579
6.926416 52.218587
6.926255 52.218595
6.925746 52.218617
6.924634 52.218698
6.923658 52.218762
6.922805 52.218822
6.921837 52.218891
6.921611 52.218908
6.921407 52.218930
6.921195 52.218953
6.920417 52.219057
6.920264 52.219078
6.920114 52.219111
6.919934 52.219136
6.919280 52.219217
6.918951 52.219256
6.918761 52.219279
6.918554 52.219294
6.918393 52.219294
6.918152 52.219287
6.917829 52.219253
6.917177 52.219167
6.916866 52.219108
6.916426 52.218988
6.916013 52.218843
6.915680 52.218670
6.915122 52.218317
6.914762 52.218101
6.914388 52.217912
6.913914 52.217702
6.913413 52.217529
6.912759 52.217332
6.912504 52.217256
6.912271 52.217187
6.912016 52.217123
6.911651 52.217047
6.911251 52.216973
6.911130 52.216949
6.910862 52.216902
6.910643 52.216867
6.910097 52.216786
6.909616 52.216726
6.909003 52.216639
6.908362 52.216586
6.907863 52.216572
6.907501 52.216564
6.906730 52.216553
6.906012 52.216566
6.905462 52.216577
6.904791 52.216583
6.903928 52.216607
6.902406 52.216751
6.901382 52.216877
6.901027 52.216952
6.900468 52.217025
6.900313 52.217022
6.900319 52.217110
6.900326 52.217213
6.900349 52.217559
6.900335 52.218108
6.900313 52.218334
6.900301 52.218455
6.900253 52.218552
6.900066 52.219526
6.900035 52.219737
6.900101 52.220368
6.900097 52.220663
6.900093 52.220951
6.900083 52.221155
6.900053 52.221383
6.899989 52.221573
6.899870 52.221822
6.899754 52.222074
6.899690 52.222215
6.899623 52.222363
6.899435 52.222902
6.899280 52.223304
6.899245 52.223391
6.899233 52.223418
6.899221 52.223454
6.899208 52.223491
6.899176 52.223632
6.899062 52.223638
6.898797 52.223662
6.898344 52.223739
6.898085 52.223750
6.897828 52.223723
6.897449 52.223665
6.896920 52.223591
6.896548 52.223565
6.896321 52.223560
6.895980 52.223570
6.895623 52.223577
6.895523 52.223580
6.895364 52.223574
6.894670 52.223450
6.894089 52.223354
6.893592 52.223267
