136.680445 35.063920
136.680301 35.063621
136.680012 35.063034
136.679905 35.062718
136.679794 35.062259
136.679772 35.062106
136.679761 35.062031
136.679775 35.061786
136.679802 35.061449
136.679795 35.060777
136.678204 35.061108
136.678073 35.060820
136.677998 35.060690
136.677715 35.060078
136.677568 35.059774
136.677442 35.059422
136.676647 35.059278
136.676018 35.059156
136.675607 35.059063
136.674974 35.058932
136.673834 35.058688
136.673659 35.058652
136.673609 35.058641
136.672934 35.058507
136.672529 35.058480
136.672136 35.058517
136.671551 35.058646
136.670791 35.058805
136.670397 35.058883
136.669812 35.058972
136.669356 35.058957
136.668948 35.058923
136.667330 35.058637
136.666840 35.058509
136.666348 35.058408
136.665930 35.058341
136.665443 35.058306
136.664963 35.058338
136.663772 35.058352
136.663188 35.058359
136.662994 35.058364
136.662731 35.058366
136.660808 35.058398
136.659058 35.058443
136.658616 35.058450
136.657525 35.058468
136.656114 35.058486
136.655972 35.057372
136.655802 35.056217
136.655723 35.055716
136.655669 35.054946
136.655672 35.054407
136.655679 35.052981
136.655703 35.052486
136.654975 35.052413
136.653731 35.052280
136.652945 35.052155
136.651919 35.051903
136.651102 35.051723
136.650676 35.051667
136.650251 35.051677
136.649694 35.051612
136.649249 35.051515
136.649063 35.051474
136.648640 35.051273
136.648358 35.051260
136.647593 35.051299
136.647117 35.051333
136.646945 35.051344
136.646359 35.051383
136.646215 35.051409
136.645929 35.051461
136.645301 35.051588
136.644891 35.051671
136.644687 35.051712
136.644006 35.051849
136.643426 35.051956
136.642865 35.051999
136.642221 35.052016
136.641307 35.052031
136.640995 35.052036
136.640305 35.052054
136.639799 35.051952
136.639619 35.051901
136.639441 35.051851
136.638906 35.051666
136.638578 35.051572
136.638458 35.051538
136.638078 35.051502
136.637474 35.051611
136.635816 35.051935
136.635583 35.051980
136.634594 35.052205
136.633946 35.052374
136.633624 35.052374
136.633408 35.052374
136.633319 35.052377
136.632389 35.052410
136.631407 35.052445
136.630581 35.052562
136.630066 35.052712
136.629324 35.052910
136.628820 35.053042
136.628461 35.053031
136.628161 35.052982
136.627232 35.052798
136.627145 35.052790
136.626972 35.052773
136.626860 35.052762
136.626287 35.052782
136.625578 35.052898
136.624772 35.053031
136.624577 35.053060
136.624367 35.053091
136.623605 35.053204
136.622610 35.053351
136.622249 35.053372
136.621083 35.053439
136.620119 35.053436
136.619832 35.053435
136.619237 35.053354
136.619125 35.053339
136.617028 35.052587
136.617403 35.052032
136.617513 35.051801
136.617595 35.051541
136.617611 35.051392
136.617616 35.051229
136.617591 35.050999
136.617539 35.050825
136.617482 35.050635
136.617374 35.050457
136.617203 35.050275
136.616996 35.050067
136.616697 35.049878
136.616402 35.049752
136.615547 35.049484
136.614670 35.049180
136.614145 35.048917
136.613720 35.048603
136.613398 35.048338
136.612895 35.047800
136.612433 35.047198
136.612318 35.047000
136.612215 35.046692
136.612174 35.046574
136.612111 35.046396
136.611843 35.045995
136.611041 35.044815
136.610802 35.044411
136.610615 35.044175
136.610445 35.043954
136.610127 35.043680
136.609887 35.043497
136.609580 35.043318
136.609013 35.043077
136.608650 35.042877
136.608473 35.042729
136.608236 35.042479
136.608083 35.042269
136.607971 35.041940
136.607963 35.041685
136.608007 35.041411
136.608050 35.041227
136.608141 35.040987
136.608197 35.040534
136.608215 35.040211
136.608196 35.039835
136.608160 35.039595
136.607801 35.038477
136.607788 35.038442
136.607421 35.037426
136.607210 35.036855
136.604885 35.037458
136.603909 35.037695
136.601527 35.038274
136.600300 35.038572
136.599151 35.038851
136.597937 35.039147
136.596684 35.039451
136.596550 35.039484
136.595484 35.039759
136.593115 35.040373
136.592194 35.040611
136.590854 35.040958
136.590452 35.041043
136.589790 35.041206
136.587253 35.041829
136.586086 35.042145
