18.964153 50.226851
18.963826 50.226413
18.963461 50.225976
18.963293 50.225800
18.963227 50.225715
18.962626 50.225950
18.961964 50.226214
18.961785 50.226288
18.961650 50.226366
18.961474 50.226478
18.961172 50.226705
18.961130 50.226743
18.960781 50.226980
18.960542 50.227116
18.960293 50.227224
18.960065 50.227323
18.959791 50.227441
18.959559 50.227533
18.959305 50.227632
18.958780 50.227852
18.958539 50.227976
18.958007 50.228271
18.957943 50.228306
18.957581 50.228502
18.957389 50.228608
18.956419 50.229119
18.955998 50.229328
18.955788 50.229396
18.955137 50.229605
18.954612 50.229762
18.954075 50.230021
18.953800 50.230202
18.953461 50.230386
18.952673 50.230815
18.952490 50.230917
18.952437 50.230938
18.952308 50.230981
18.952167 50.231004
18.952103 50.231014
18.951944 50.231019
18.951788 50.231016
18.951652 50.231001
18.951283 50.230939
18.950941 50.230871
18.950566 50.230787
18.950263 50.230691
18.949960 50.230604
18.949842 50.230567
18.949673 50.230514
18.949278 50.230395
18.949168 50.230362
18.949144 50.230354
18.948710 50.230220
18.948031 50.230017
18.947767 50.229937
18.947512 50.229861
18.947272 50.229801
18.947049 50.229768
18.946900 50.229759
18.946516 50.229751
18.945564 50.229749
18.945195 50.229753
18.945042 50.229752
18.944928 50.229751
18.944876 50.229749
18.944302 50.229749
18.943793 50.229745
18.943373 50.229745
18.942977 50.229743
18.942809 50.229742
18.942668 50.229739
18.941910 50.229738
18.941767 50.229735
18.941648 50.229735
18.941508 50.229736
18.941153 50.229741
18.940733 50.229715
18.940444 50.229683
18.940181 50.229641
18.940041 50.229627
18.939925 50.229617
18.939883 50.229613
18.939638 50.229596
18.939513 50.229585
18.939368 50.229571
18.939142 50.229564
18.938843 50.229565
18.938633 50.229576
18.938268 50.229593
18.937500 50.229619
18.937283 50.229620
18.936994 50.229596
18.936807 50.229569
18.936557 50.229526
18.936422 50.229497
18.936274 50.229471
18.935474 50.229332
18.934545 50.229168
18.933715 50.229019
18.932745 50.228812
18.932659 50.228793
18.932525 50.228757
18.932456 50.228738
18.932155 50.228659
18.931106 50.228413
18.930559 50.228294
18.929947 50.228177
18.929487 50.228092
18.928908 50.227984
18.928689 50.227941
18.928435 50.227894
18.928310 50.227873
18.928249 50.227868
18.928188 50.227863
18.928044 50.227857
18.927830 50.227865
18.927711 50.227875
18.927572 50.227894
18.927309 50.227939
18.926464 50.228099
18.926317 50.228127
18.926011 50.228188
18.925864 50.228216
18.925652 50.228256
18.925477 50.228288
18.925335 50.228300
18.925124 50.228301
18.924947 50.228297
18.924416 50.228273
18.924347 50.228269
18.924287 50.228265
18.924172 50.228260
18.923851 50.228241
18.923639 50.228239
18.923140 50.228217
18.922557 50.228184
18.922390 50.228220
18.921816 50.228448
18.921611 50.228505
18.921446 50.228525
18.921258 50.228523
18.921054 50.228499
18.920179 50.228384
18.920080 50.228372
18.919719 50.228328
18.919046 50.228234
18.918683 50.228190
18.917860 50.228077
18.917679 50.228050
18.917421 50.228033
18.917273 50.228054
18.917102 50.228141
18.916995 50.228325
18.916881 50.228561
18.916853 50.228627
18.916727 50.228887
18.916688 50.228984
18.916626 50.229123
18.916536 50.229313
18.916472 50.229454
18.916333 50.229759
18.916190 50.230076
18.916115 50.230242
18.915565 50.231470
18.915514 50.231583
18.915445 50.231740
18.915314 50.232035
18.915261 50.232156
18.915169 50.232364
18.915039 50.232658
18.914985 50.232778
18.914915 50.232936
18.914803 50.233183
18.914773 50.233246
18.914742 50.233308
18.914683 50.233416
18.914622 50.233513
18.914562 50.233596
18.914490 50.233686
18.914432 50.233753
18.914365 50.233828
18.914319 50.233879
18.914259 50.233937
18.914197 50.233996
18.914134 50.234057
18.914070 50.234117
18.913976 50.234199
18.913875 50.234284
18.913781 50.234360
18.913663 50.234447
18.913585 50.234502
18.913448 50.234597
18.913402 50.234626
18.913309 50.234685
18.913222 50.234739
18.912977 50.234887
18.912771 50.235011
18.911933 50.235509
18.911513 50.235761
18.911279 50.235905
18.911092 50.236026
18.910848 50.236188
18.910646 50.236332
18.910374 50.236536
18.910177 50.236697
18.910120 50.236746
18.909925 50.236916
18.909824 50.237009
18.909661 50.237163
18.909370 50.237443
18.909127 50.237684
18.909004 50.237808
18.908809 50.238010
18.908674 50.238151
18.908455 50.238388
18.908433 50.238413
18.908340 50.238524
18.908217 50.238682
18.908122 50.238811
18.907923 50.239090
18.907757 50.239323
18.907677 50.239438
18.907578 50.239576
18.907507 50.239677
18.907441 50.239755
18.907403 50.239801
18.907335 50.239875
18.907275 50.239936
18.907198 50.240005
18.907090 50.240087
18.906904 50.240222
18.906740 50.240337
18.906459 50.240530
18.906190 50.240719
18.905817 50.240974
18.905630 50.241101
18.905598 50.241123
18.905284 50.241339
18.905141 50.241440
18.905059 50.241502
18.904945 50.241591
18.904875 50.241652
18.904813 50.241713
18.904734 50.241802
18.904621 50.241955
18.904265 50.242489
18.904140 50.242676
18.904006 50.242876
18.903976 50.242922
18.903913 50.243019
18.903871 50.243094
18.903835 50.243167
18.903795 50.243261
18.903769 50.243331
18.903704 50.243530
18.903653 50.243689
18.903608 50.243829
18.903545 50.244031
18.903492 50.244197
18.903403 50.244478
18.903345 50.244656
18.903301 50.244794
18.903254 50.244948
18.903211 50.245113
18.903171 50.245313
18.903157 50.245417
18.903156 50.245429
18.903152 50.245521
18.903156 50.245610
18.903164 50.245716
18.903187 50.245874
18.903195 50.245920
18.903218 50.246033
18.903246 50.246137
18.903283 50.246259
18.903334 50.246399
18.903343 50.246421
18.903616 50.247064
18.903732 50.247336
18.903787 50.247462
18.903898 50.247717
18.903944 50.247817
18.903999 50.247941
18.904047 50.248088
18.904066 50.248216
18.904056 50.248338
18.904044 50.248440
18.904023 50.248555
18.904001 50.248674
18.903973 50.248836
18.903968 50.248867
18.903929 50.249135
18.903921 50.249248
18.903922 50.249266
18.903927 50.249369
18.903931 50.249451
18.903941 50.249587
18.903965 50.249826
18.903976 50.250130
18.903974 50.250236
18.903967 50.250356
18.903960 50.250408
18.903949 50.250468
18.903928 50.250550
18.903899 50.250631
18.903863 50.250706
18.903796 50.250825
18.903782 50.250848
18.903766 50.250873
18.903679 50.251003
18.903577 50.251154
18.903420 50.251375
18.903282 50.251569
18.903193 50.251692
18.903067 50.251859
18.902941 50.252019
18.902871 50.252110
18.902735 50.252278
18.902705 50.252316
18.902489 50.252556
18.902392 50.252666
18.902287 50.252792
18.902275 50.252865
18.902226 50.252916
18.902188 50.252968
18.902186 50.253003
18.902207 50.253057
18.902291 50.253124
18.902324 50.253147
18.902945 50.253329
18.903219 50.253433
18.903244 50.253479
18.903248 50.253505
18.903237 50.253538
18.903198 50.253583
18.903156 50.253606
18.903124 50.253624
18.902965 50.253719
18.902770 50.253835
18.902533 50.253963
18.902422 50.253992
18.902309 50.254011
18.902051 50.254013
18.901792 50.254018
18.901532 50.254023
18.901222 50.254050
18.901006 50.254068
18.900853 50.254074
18.900795 50.254071
18.900702 50.254066
18.900641 50.254054
18.900480 50.253971
18.900340 50.253891
18.900195 50.253849
18.900099 50.253838
18.899915 50.253813
18.899066 50.253865
18.898124 50.253926
18.897662 50.253958
18.897289 50.254014
18.896959 50.254070
18.896842 50.254088
18.896591 50.254121
18.896437 50.254129
18.896106 50.254135
18.895845 50.254141
18.895623 50.254156
18.895338 50.254188
18.895065 50.254223
18.894433 50.254316
18.894119 50.254366
18.893796 50.254413
18.893368 50.254469
18.892967 50.254502
18.892527 50.254518
18.891959 50.254535
18.891600 50.254549
18.891094 50.254594
18.890937 50.254612
18.890854 50.254622
18.890555 50.254654
18.890393 50.254670
18.890155 50.254696
18.889728 50.254743
18.889304 50.254798
18.888941 50.254845
18.888526 50.254900
18.887840 50.255006
18.887762 50.255019
18.886785 50.255193
18.886110 50.255307
18.885749 50.255363
18.885017 50.255477
18.884414 50.255576
18.883626 50.255697
18.882687 50.255842
18.882377 50.255890
18.881529 50.256022
18.881095 50.256099
18.880727 50.256189
18.880543 50.256236
18.880370 50.256282
18.880204 50.256328
18.879971 50.256386
18.878982 50.256666
18.878364 50.256831
18.877894 50.256931
18.877507 50.257002
18.876521 50.257162
18.876037 50.257239
18.875516 50.257320
18.874996 50.257404
18.874609 50.257473
18.874315 50.257546
18.873899 50.257665
18.873644 50.257734
18.873529 50.257763
18.873292 50.257827
18.872880 50.257922
18.872467 50.258004
18.871354 50.258200
18.870623 50.258327
18.870022 50.258434
18.869897 50.258456
18.869814 50.258468
18.869530 50.258520
18.869267 50.258579
18.868979 50.258650
18.868865 50.258683
18.868634 50.258761
18.868105 50.258946
18.867986 50.258987
18.867666 50.259094
18.867310 50.259205
18.867013 50.259288
18.866572 50.259391
18.865471 50.259627
18.864925 50.259746
18.864553 50.259821
18.864392 50.259846
18.864226 50.259857
18.864069 50.259852
18.863913 50.259832
18.863684 50.259791
18.863207 50.259715
18.862705 50.259648
18.862036 50.259557
18.861588 50.259497
18.860669 50.259373
18.860659 50.259371
18.860066 50.259287
18.859847 50.259256
18.859323 50.259194
18.858958 50.259140
18.858640 50.259104
18.858576 50.258809
18.858503 50.258565
18.858421 50.258373
18.858314 50.258209
18.858233 50.258087
18.858138 50.257969
18.857984 50.257802
18.857792 50.257669
18.857441 50.257386
18.857293 50.257272
18.857169 50.257174
18.856969 50.257019
18.856687 50.256797
18.856110 50.256353
18.855954 50.256237
18.855807 50.256129
18.854980 50.255510
18.854802 50.255385
18.854692 50.255305
18.854569 50.255211
18.853576 50.254472
18.853422 50.254358
18.852930 50.253995
18.852024 50.253326
18.851835 50.253180
18.851587 50.253240
18.851092 50.253349
18.850548 50.253466
18.850339 50.253517
18.850187 50.253576
18.850051 50.253647
18.849660 50.253835
18.849284 50.254016
18.848879 50.254223
18.848682 50.254305
18.848550 50.254343
18.848230 50.254393
18.847743 50.254462
18.847383 50.254511
18.847048 50.254553
18.846587 50.254604
18.846213 50.254640
18.845969 50.254663
18.845694 50.254722
18.845394 50.254801
18.844977 50.254890
18.844475 50.254976
18.843963 50.255051
18.843379 50.255105
18.843215 50.255114
18.842769 50.255136
18.842060 50.255184
18.841986 50.255201
18.841937 50.255221
18.841879 50.255248
18.841853 50.255253
18.841904 50.255317
18.841921 50.255355
18.841931 50.255398
18.841929 50.255446
18.841900 50.255499
18.841863 50.255551
18.841771 50.255661
18.841596 50.255872
18.841171 50.256376
18.840444 50.257231
