-2.729008 52.860375
-2.728935 52.860269
-2.728854 52.860084
-2.729678 52.859944
-2.729887 52.859894
-2.730487 52.859750
-2.730922 52.859615
-2.731310 52.859494
-2.731502 52.859456
-2.731723 52.859441
-2.732716 52.859432
-2.732732 52.859438
-2.732699 52.859190
-2.732690 52.859054
-2.732655 52.858944
-2.732654 52.858739
-2.732522 52.858198
-2.732481 52.857999
-2.732380 52.857728
-2.732256 52.857465
-2.732128 52.857200
-2.732099 52.857002
-2.732092 52.856885
-2.732087 52.856782
-2.732083 52.856757
-2.732023 52.856273
-2.732015 52.856206
-2.732009 52.856143
-2.732015 52.856033
-2.732041 52.855926
-2.732052 52.855886
-2.732215 52.855901
-2.732467 52.855920
-2.732968 52.855956
-2.733067 52.855988
-2.733193 52.856027
-2.733406 52.856102
-2.733772 52.856267
-2.734135 52.856425
-2.735395 52.856844
-2.735731 52.856903
-2.736098 52.856942
-2.736450 52.856951
-2.736795 52.856914
-2.736956 52.856891
-2.737034 52.856880
-2.737338 52.856837
-2.737625 52.856840
-2.737800 52.856842
-2.738592 52.856970
-2.738929 52.857025
-2.739239 52.857075
-2.739788 52.857163
-2.740675 52.857355
-2.741435 52.857520
-2.742631 52.857833
-2.743867 52.858122
-2.744089 52.858155
-2.744795 52.858260
-2.745462 52.858418
-2.746043 52.858615
-2.747063 52.858962
-2.747931 52.859381
-2.748177 52.859477
-2.748655 52.859615
-2.748887 52.859718
-2.749084 52.859837
-2.749323 52.860030
-2.749589 52.860237
-2.749953 52.860457
-2.750181 52.860571
-2.750482 52.860667
-2.751035 52.860730
-2.751577 52.860801
-2.752183 52.860922
-2.752770 52.861047
-2.753147 52.861138
-2.753509 52.861236
-2.753854 52.861375
-2.754119 52.861519
-2.754396 52.861712
-2.755263 52.862385
-2.755492 52.862532
-2.755936 52.862734
-2.756393 52.862918
-2.756686 52.863061
-2.757306 52.863489
-2.757748 52.863775
-2.758096 52.863910
-2.758272 52.863931
-2.758459 52.863941
-2.758670 52.863934
-2.759354 52.863864
-2.759770 52.863838
-2.760050 52.863849
-2.760302 52.863884
-2.760531 52.863947
-2.761129 52.864159
-2.761619 52.864315
-2.761926 52.864386
-2.762827 52.864472
-2.763335 52.864535
-2.763626 52.864581
-2.763848 52.864633
-2.764042 52.864698
-2.764216 52.864773
-2.765110 52.865261
-2.766143 52.865752
-2.766848 52.866192
-2.767198 52.866394
-2.767697 52.866628
-2.767849 52.866742
-2.768252 52.867035
-2.768491 52.867208
-2.768749 52.867356
-2.769152 52.867548
-2.769764 52.867855
-2.770567 52.868300
-2.770946 52.868541
-2.771251 52.868716
-2.771573 52.868872
-2.772545 52.869229
-2.773064 52.869481
-2.773565 52.869746
-2.774036 52.869956
-2.774788 52.870256
-2.775115 52.870445
-2.775416 52.870641
-2.775727 52.870823
-2.776053 52.870993
-2.776751 52.871341
-2.777094 52.871581
-2.777429 52.871893
-2.777575 52.871995
-2.777842 52.872160
-2.778178 52.872346
-2.778470 52.872546
-2.779092 52.873075
-2.779363 52.873242
-2.779680 52.873389
-2.780096 52.873542
-2.780879 52.873802
-2.781146 52.873946
-2.781285 52.874039
-2.781493 52.874337
-2.781821 52.874823
-2.782518 52.875766
-2.782909 52.876225
-2.783323 52.876676
-2.784081 52.877522
-2.784581 52.878069
-2.784733 52.878325
-2.784788 52.878509
-2.784865 52.878845
-2.784928 52.879269
-2.785005 52.879638
-2.785127 52.880030
-2.785186 52.880312
-2.785190 52.880521
-2.785237 52.880735
-2.785332 52.880994
-2.785592 52.881397
-2.785850 52.881753
-2.786406 52.882434
-2.786484 52.882606
-2.786531 52.882751
-2.786556 52.882899
-2.786561 52.883201
-2.786605 52.883741
-2.786654 52.884237
-2.786797 52.884739
-2.786982 52.885226
-2.787142 52.885489
-2.787325 52.885743
-2.787554 52.885941
-2.788340 52.886408
-2.788865 52.886686
-2.789090 52.886872
-2.789400 52.887165
-2.789588 52.887299
-2.789906 52.887459
-2.790427 52.887690
-2.790786 52.887863
-2.790964 52.887951
-2.791129 52.888044
-2.791733 52.888482
-2.791848 52.888627
-2.791914 52.888761
-2.791926 52.889205
-2.791967 52.889519
-2.792126 52.889834
-2.792298 52.890024
-2.792507 52.890203
-2.792658 52.890386
-2.792813 52.890695
-2.792946 52.890863
-2.793134 52.891065
-2.794027 52.892039
-2.794972 52.893331
-2.795179 52.893526
-2.795403 52.893737
-2.795729 52.893977
-2.796485 52.894401
-2.796818 52.894577
-2.797223 52.894781
-2.797504 52.894862
-2.797828 52.894876
-2.798349 52.894872
-2.798960 52.894906
-2.799503 52.894987
-2.800024 52.895162
-2.800484 52.895398
-2.800641 52.895528
-2.800761 52.895678
-2.800835 52.895799
-2.800879 52.895948
-2.800868 52.896264
-2.800842 52.896377
-2.800967 52.896464
-2.801211 52.896620
-2.801673 52.896854
-2.802030 52.897148
-2.802360 52.897450
-2.803142 52.898207
-2.803650 52.898519
-2.803932 52.898736
-2.804175 52.898959
-2.804562 52.899228
-2.804929 52.899409
-2.805310 52.899524
-2.805753 52.899588
-2.806649 52.899644
-2.807113 52.899727
-2.808457 52.900095
-2.808963 52.900270
-2.809451 52.900466
-2.810263 52.900893
-2.812173 52.901661
-2.813930 52.902488
-2.814025 52.902555
-2.814436 52.902917
-2.814635 52.903040
-2.814859 52.903149
-2.815042 52.903217
-2.815603 52.903420
-2.815928 52.903566
-2.816809 52.904031
-2.817112 52.904169
-2.817441 52.904291
-2.817886 52.904421
-2.818072 52.904476
-2.818140 52.904497
-2.819195 52.904894
-2.821343 52.905496
-2.822485 52.905867
-2.823895 52.906332
-2.824359 52.906399
-2.825236 52.906424
-2.825815 52.906480
-2.826917 52.906748
-2.827700 52.906979
-2.828298 52.907239
-2.828740 52.907372
-2.829113 52.907421
-2.830039 52.907450
-2.830552 52.907524
-2.831719 52.907812
-2.832685 52.907971
-2.833216 52.908126
-2.833631 52.908287
-2.835081 52.908785
-2.835238 52.908883
-2.835298 52.909003
-2.835307 52.909111
-2.835259 52.909498
-2.835348 52.909672
-2.835564 52.909783
-2.835836 52.909828
-2.836977 52.909872
-2.838780 52.909865
-2.838974 52.909811
-2.839310 52.909748
-2.839652 52.909707
-2.839695 52.909701
-2.839773 52.909695
-2.839917 52.909683
-2.840157 52.909674
-2.840496 52.909670
-2.840698 52.909660
-2.840975 52.909623
-2.841349 52.909546
-2.841597 52.909494
-2.841976 52.909384
-2.842467 52.909237
-2.842817 52.909148
-2.842976 52.909117
-2.843147 52.909101
-2.843314 52.909097
-2.843455 52.909107
-2.843577 52.909124
-2.843689 52.909138
-2.843825 52.909155
-2.843989 52.909163
-2.844105 52.909160
-2.844270 52.909131
-2.844420 52.909092
-2.844580 52.909054
-2.844806 52.909017
-2.845040 52.908991
-2.845287 52.908980
-2.845725 52.908984
-2.845995 52.908974
-2.846271 52.908920
-2.846501 52.908851
-2.846770 52.908743
-2.847164 52.908602
-2.847327 52.908531
-2.847501 52.908443
-2.847603 52.908373
-2.847708 52.908291
-2.847837 52.908174
-2.847956 52.908049
-2.848106 52.907896
-2.848219 52.907746
-2.848294 52.907637
-2.848372 52.907472
-2.848445 52.907274
-2.848502 52.907142
-2.848583 52.906927
-2.848669 52.906822
-2.848826 52.906651
-2.849085 52.906409
-2.849278 52.906243
-2.849490 52.906087
-2.849865 52.905865
-2.850139 52.905738
-2.851017 52.905378
-2.851332 52.905213
-2.851679 52.905082
-2.851956 52.904995
-2.852376 52.904896
-2.852769 52.904808
-2.853222 52.904716
-2.854096 52.904541
-2.855130 52.904327
-2.855581 52.904257
-2.856052 52.904207
-2.856479 52.904172
-2.856918 52.904140
-2.858113 52.904098
-2.858546 52.904051
-2.858817 52.904006
-2.859036 52.903968
-2.859310 52.903933
-2.859502 52.903928
-2.859699 52.903933
-2.859936 52.903961
-2.860101 52.903992
-2.860330 52.904034
-2.860648 52.904096
-2.860883 52.904128
-2.861120 52.904143
-2.861354 52.904132
-2.861495 52.904112
-2.861631 52.904068
-2.861766 52.904012
-2.861893 52.903949
-2.862010 52.903867
-2.862120 52.903761
-2.862305 52.903566
-2.862426 52.903454
-2.862591 52.903348
-2.862771 52.903247
-2.862999 52.903111
-2.863309 52.902916
-2.863485 52.902773
-2.863668 52.902591
-2.863793 52.902506
-2.863956 52.902450
-2.864117 52.902423
-2.864329 52.902399
-2.864519 52.902390
-2.864988 52.902369
-2.865343 52.902397
-2.865788 52.902547
-2.866090 52.902618
-2.866388 52.902692
-2.866910 52.902822
-2.867203 52.902891
-2.867645 52.903018
-2.867894 52.903082
-2.868097 52.903111
-2.868296 52.903119
-2.868984 52.903150
-2.869261 52.903155
-2.869385 52.903154
-2.869668 52.903162
-2.869902 52.903175
-2.870154 52.903180
-2.870475 52.903188
-2.870773 52.903181
-2.871142 52.903197
-2.871425 52.903203
-2.871657 52.903200
-2.871842 52.903189
-2.872063 52.903161
-2.872231 52.903131
-2.872500 52.903052
-2.872771 52.902947
-2.872947 52.902859
-2.873116 52.902757
-2.873222 52.902675
-2.873318 52.902578
-2.873393 52.902484
-2.873479 52.902359
-2.873541 52.902222
-2.873561 52.902128
-2.873600 52.901812
-2.873654 52.901547
-2.873659 52.901421
-2.873705 52.901269
-2.873726 52.901180
-2.873788 52.901063
-2.873901 52.900928
-2.874137 52.900785
-2.874341 52.900689
-2.874548 52.900618
-2.874815 52.900565
-2.874878 52.900559
-2.875118 52.900564
-2.875360 52.900582
-2.875486 52.900561
-2.875603 52.900621
-2.876202 52.900856
-2.876497 52.900961
-2.876953 52.901137
-2.877532 52.901407
-2.878220 52.901671
-2.878713 52.901830
-2.879251 52.901976
-2.879519 52.902056
-2.879992 52.902254
-2.880383 52.902462
-2.880705 52.902704
-2.881145 52.903077
-2.881573 52.903426
-2.881858 52.903738
-2.882040 52.903992
-2.882285 52.904353
-2.882395 52.904516
-2.882493 52.904606
-2.882604 52.904672
-2.882764 52.904736
-2.882923 52.904780
-2.883115 52.904830
-2.883456 52.904924
-2.883710 52.904996
-2.883974 52.905063
-2.884246 52.905129
-2.884442 52.905204
-2.884561 52.905269
-2.884715 52.905389
-2.884873 52.905546
-2.885152 52.905884
-2.885241 52.905983
-2.885452 52.906179
-2.885673 52.906324
-2.887361 52.907243
-2.887715 52.907421
-2.888134 52.907610
-2.888553 52.907756
-2.888885 52.907839
-2.890054 52.908132
-2.890450 52.908225
-2.890725 52.908284
-2.890987 52.908353
-2.891224 52.908409
-2.891445 52.908491
-2.891736 52.908642
-2.892288 52.908969
-2.892395 52.909022
-2.892484 52.909053
-2.892572 52.909086
-2.892677 52.909114
-2.892771 52.909129
-2.892817 52.909141
-2.892890 52.909151
-2.893017 52.909166
-2.893197 52.909180
-2.893309 52.909171
-2.893497 52.909161
-2.893642 52.909141
-2.893739 52.909098
-2.893715 52.909068
-2.893719 52.909021
-2.893765 52.908983
-2.893828 52.908966
-2.893916 52.908976
-2.893962 52.909002
-2.894110 52.908935
-2.894241 52.908865
-2.894289 52.908818
-2.894334 52.908773
-2.894746 52.908164
-2.895066 52.907727
-2.895190 52.907595
-2.895325 52.907520
-2.895520 52.907476
-2.895662 52.907448
-2.895799 52.907423
-2.895886 52.907477
-2.895992 52.907507
-2.896289 52.907566
-2.896763 52.907654
-2.897171 52.907745
-2.897716 52.907860
-2.898452 52.908058
-2.898715 52.908123
-2.898881 52.908163
-2.899203 52.908263
-2.899444 52.908334
-2.899898 52.908561
-2.900338 52.908781
-2.900857 52.909049
-2.901131 52.909158
-2.901345 52.909228
-2.901495 52.909273
-2.901698 52.909330
-2.902216 52.909551
-2.902592 52.909728
-2.902859 52.909875
-2.903060 52.910022
-2.903217 52.910172
-2.903963 52.910801
-2.904189 52.910943
-2.904437 52.911087
-2.904761 52.911220
-2.905162 52.911334
-2.905355 52.911394
-2.905410 52.911412
-2.905780 52.911517
-2.906023 52.911595
-2.906223 52.911628
-2.906463 52.911655
-2.906939 52.911701
-2.907208 52.911773
-2.907437 52.911828
-2.907697 52.911904
-2.907954 52.911981
-2.908265 52.912118
-2.908761 52.912372
-2.908945 52.912431
-2.909193 52.912483
-2.909476 52.912500
-2.910130 52.912489
-2.910317 52.912507
-2.910505 52.912534
-2.910669 52.912582
-2.910808 52.912622
-2.910958 52.912705
-2.911099 52.912769
-2.911313 52.912880
-2.911690 52.913107
-2.911913 52.913243
-2.912031 52.913306
-2.912193 52.913382
-2.912392 52.913457
-2.912650 52.913543
-2.913038 52.913672
-2.913525 52.913848
-2.913708 52.913931
-2.913834 52.914020
-2.914854 52.914276
-2.915430 52.914363
-2.916007 52.914382
-2.916674 52.914384
-2.918018 52.914476
-2.920093 52.914403
-2.920814 52.914411
-2.921529 52.914364
-2.922246 52.914260
-2.922442 52.914253
-2.922709 52.914321
-2.922961 52.914414
-2.924059 52.914725
-2.923982 52.914954
-2.924136 52.915435
-2.924273 52.915724
-2.924329 52.916129
-2.924483 52.916600
-2.924657 52.916898
-2.924828 52.917413
-2.924860 52.917713
-2.924831 52.917988
-2.924749 52.918216
-2.924608 52.918423
-2.924441 52.918589
-2.924132 52.918844
-2.923654 52.919318
-2.923771 52.919460
-2.923996 52.919724
-2.924116 52.919883
-2.924244 52.919970
-2.924450 52.920094
-2.924633 52.920190
-2.924765 52.920264
-2.925218 52.920494
-2.925793 52.920661
-2.926233 52.920850
-2.926567 52.921014
-2.926817 52.921146
-2.926933 52.921191
-2.927177 52.921273
-2.927613 52.921397
-2.927987 52.921508
-2.928320 52.921606
-2.928834 52.921742
-2.929395 52.921917
-2.929814 52.922031
-2.930404 52.922195
-2.931430 52.922491
-2.932586 52.922816
-2.932969 52.922935
-2.933253 52.923065
-2.933555 52.923211
-2.933850 52.923360
-2.934952 52.923815
-2.935198 52.923910
-2.936030 52.924120
-2.936302 52.924174
-2.936391 52.924194
-2.936752 52.924273
-2.936962 52.924299
-2.937406 52.924338
-2.938459 52.924430
-2.938802 52.924460
-2.939285 52.924502
-2.939535 52.924529
-2.939857 52.924556
-2.940178 52.924578
-2.940558 52.924599
-2.940787 52.924620
-2.941229 52.924657
-2.941556 52.924673
-2.942035 52.924709
-2.942266 52.924731
-2.942709 52.924771
-2.943200 52.924810
-2.944101 52.924878
-2.945136 52.924987
-2.945517 52.925045
-2.945896 52.925112
-2.946712 52.925282
-2.946948 52.925335
-2.947334 52.925433
-2.947649 52.925530
-2.948363 52.925773
-2.949227 52.926034
-2.950625 52.926631
-2.952017 52.927120
-2.953032 52.927496
-2.953192 52.927536
-2.953397 52.927566
-2.953649 52.927580
-2.953907 52.927570
-2.954650 52.927512
-2.955561 52.927445
-2.956126 52.927379
-2.956308 52.927349
-2.956392 52.927326
-2.956586 52.927270
-2.956796 52.927186
-2.957315 52.926966
-2.957492 52.926907
-2.957717 52.926850
-2.958200 52.926721
-2.958408 52.926661
-2.958651 52.926575
-2.958887 52.926481
-2.959198 52.926358
-2.959389 52.926285
-2.959542 52.926232
-2.959730 52.926175
-2.960192 52.926053
-2.961102 52.925842
-2.962101 52.925608
-2.962367 52.925552
-2.962715 52.925488
-2.962999 52.925451
-2.963350 52.925397
-2.963608 52.925362
-2.963846 52.925317
-2.964126 52.925267
-2.964531 52.925183
-2.965131 52.925059
-2.965549 52.924974
-2.966306 52.924833
-2.966691 52.924761
-2.967110 52.924683
-2.967631 52.924582
-2.968031 52.924503
-2.968560 52.924404
-2.968884 52.924335
-2.969775 52.924174
-2.970748 52.924008
-2.971207 52.923911
-2.971441 52.923849
-2.972560 52.923490
-2.972757 52.923407
-2.973013 52.923292
-2.973587 52.923074
-2.973775 52.923001
-2.974006 52.922947
-2.974263 52.922902
-2.974551 52.922886
-2.974856 52.922887
-2.975136 52.922919
-2.975347 52.922961
-2.975560 52.923018
-2.975860 52.923131
-2.976190 52.923267
-2.976606 52.923452
-2.977441 52.923814
-2.977618 52.923900
-2.978137 52.924117
-2.978582 52.924276
-2.978775 52.924328
-2.980287 52.924754
-2.981605 52.925060
-2.982222 52.925241
-2.982444 52.925312
-2.982806 52.925446
-2.983431 52.925735
-2.984014 52.925950
-2.984510 52.926118
-2.984818 52.926196
-2.985116 52.926260
-2.985313 52.926287
-2.985551 52.926299
-2.985771 52.926274
-2.985984 52.926176
-2.986339 52.925956
-2.986639 52.925787
-2.986972 52.925654
-2.987348 52.925522
-2.987554 52.925462
-2.987775 52.925410
-2.988118 52.925403
-2.988708 52.925437
-2.989190 52.925475
-2.990110 52.925540
-2.990338 52.925550
-2.990667 52.925558
-2.991010 52.925561
-2.991348 52.925572
-2.991551 52.925582
-2.991747 52.925584
-2.991973 52.925567
-2.992202 52.925524
-2.992379 52.925476
-2.992662 52.925391
-2.992948 52.925321
-2.993273 52.925268
-2.993662 52.925232
-2.994038 52.925205
-2.994780 52.925179
-2.995587 52.925140
-2.995859 52.925124
-2.996326 52.925098
-2.996482 52.925089
-2.996613 52.925079
-2.997096 52.925035
-2.997817 52.924986
-2.998257 52.924947
-2.999146 52.924885
-2.999871 52.924874
-3.000236 52.924851
-3.000666 52.924847
-3.001163 52.924867
-3.001576 52.924867
-3.002107 52.924894
-3.002693 52.924887
-3.003306 52.924862
-3.004132 52.924795
-3.004231 52.924787
-3.004985 52.924727
-3.005497 52.924653
-3.006685 52.924616
-3.006846 52.924616
-3.006948 52.924622
-3.007018 52.924630
-3.007246 52.924573
-3.007728 52.924392
-3.007839 52.924329
-3.007940 52.924272
-3.008650 52.923902
-3.008850 52.923807
-3.008988 52.923736
-3.009307 52.923569
-3.009423 52.923489
-3.009541 52.923369
-3.009738 52.923098
-3.009917 52.922844
-3.010071 52.922595
-3.010314 52.922246
-3.010503 52.921993
-3.010719 52.921795
-3.011035 52.921518
-3.011263 52.921327
-3.011402 52.921125
-3.011491 52.921017
-3.011617 52.920912
-3.011796 52.920810
-3.012030 52.920701
-3.012155 52.920655
-3.012380 52.920594
-3.012780 52.920522
-3.013677 52.920386
-3.014058 52.920322
-3.014350 52.920257
-3.014514 52.920179
-3.014651 52.920099
-3.014820 52.919989
-3.015273 52.919635
-3.015670 52.919268
-3.015957 52.919040
-3.016117 52.918909
-3.016289 52.918817
-3.016579 52.918697
-3.017049 52.918540
-3.017325 52.918458
-3.017558 52.918393
-3.018002 52.918273
-3.018429 52.918192
-3.018697 52.918128
-3.018868 52.918073
-3.019183 52.917938
-3.019334 52.917949
-3.019479 52.917948
-3.019615 52.917934
-3.020133 52.917882
-3.020726 52.917852
-3.021463 52.917865
-3.022422 52.917929
-3.023360 52.917974
-3.023934 52.917984
-3.024544 52.918021
-3.025470 52.918202
-3.025884 52.918263
-3.026230 52.918297
-3.026841 52.918338
-3.027613 52.918414
-3.028272 52.918483
-3.029162 52.918490
-3.031235 52.918515
-3.032276 52.918528
-3.032579 52.918564
-3.032724 52.918597
-3.033209 52.918759
-3.033823 52.918984
-3.034159 52.919075
-3.034529 52.919140
-3.035059 52.919210
-3.035809 52.919385
-3.036357 52.919478
-3.036713 52.919496
-3.037692 52.919651
-3.038191 52.919668
-3.038478 52.919691
-3.038992 52.919700
-3.039506 52.919699
-3.039804 52.919680
-3.040207 52.919620
-3.041681 52.919283
-3.042112 52.919224
-3.042188 52.919218
-3.042406 52.919221
-3.042610 52.919196
-3.042658 52.919138
-3.042769 52.919066
-3.042899 52.919024
-3.043060 52.919009
-3.043218 52.919027
-3.043318 52.919071
-3.043414 52.919112
-3.043509 52.919229
-3.043517 52.919324
-3.043471 52.919418
-3.043374 52.919497
-3.043172 52.919565
-3.043053 52.919575
-3.042889 52.919791
-3.042771 52.919921
-3.042456 52.920697
-3.042317 52.921427
-3.042309 52.922046
-3.042327 52.924052
-3.042333 52.924154
-3.042384 52.924824
-3.042559 52.926654
-3.042691 52.927960
-3.042721 52.928248
-3.042867 52.929290
-3.043197 52.931434
-3.043434 52.933241
-3.043582 52.934904
-3.043645 52.936201
-3.043688 52.937079
-3.043688 52.938755
-3.043597 52.941376
-3.043592 52.942494
-3.043586 52.943053
-3.043624 52.944466
-3.043709 52.945933
-3.043868 52.947603
-3.043970 52.948396
-3.044090 52.949324
-3.044267 52.950281
-3.044314 52.950564
-3.044352 52.950780
-3.044512 52.951085
-3.044633 52.951109
-3.044732 52.951157
-3.044755 52.951180
-3.044802 52.951228
-3.044824 52.951303
-3.044801 52.951379
-3.044737 52.951445
-3.044639 52.951493
-3.044574 52.951511
-3.044448 52.951522
-3.044346 52.951512
-3.044234 52.951476
-3.044149 52.951419
-3.044109 52.951366
-3.043893 52.951329
-3.043313 52.951236
-3.042829 52.951126
-3.042331 52.950908
-3.042002 52.950816
-3.041934 52.950822
-3.041846 52.950812
-3.041771 52.950786
-3.041713 52.950744
-3.041679 52.950676
-3.041688 52.950622
-3.041728 52.950573
-3.041766 52.950548
-3.041650 52.950393
-3.041697 52.950229
-3.041712 52.950174
-3.041875 52.950202
-3.042639 52.950276
-3.042718 52.950255
-3.042913 52.950202
-3.042943 52.950106
-3.043004 52.949907
-3.043224 52.949907
-3.043413 52.949894
-3.043525 52.949905
-3.043565 52.949993
-3.043581 52.950077
-3.043569 52.950160
-3.043529 52.950213
-3.043495 52.950268
-3.043495 52.950331
-3.043454 52.950383
-3.043387 52.950401
-3.042900 52.950395
-3.042840 52.950357
-3.042718 52.950255
-3.042639 52.950276
-3.041875 52.950202
-3.041712 52.950174
-3.041697 52.950229
-3.041650 52.950393
-3.041766 52.950548
-3.041843 52.950520
-3.041932 52.950509
-3.042006 52.950516
-3.042330 52.950503
-3.042631 52.950522
-3.043076 52.950516
-3.043578 52.950493
-3.044093 52.950440
-3.045082 52.950413
-3.047559 52.950420
-3.048127 52.950310
-3.047734 52.949739
-3.047619 52.948735
-3.047693 52.948117
-3.047536 52.947859
-3.047097 52.945237
-3.047474 52.944297
-3.047469 52.942920
-3.047577 52.942261
-3.047001 52.940971
-3.046954 52.940276
-3.046428 52.939444
-3.046086 52.938971
-3.045548 52.938773
-3.045061 52.938402
-3.044713 52.937920
-3.044483 52.937379
-3.044382 52.937044
-3.044422 52.936785
-3.044536 52.936467
-3.044779 52.936172
-3.045303 52.935900
-3.045915 52.935784
-3.048175 52.935490
-3.048898 52.935365
-3.049713 52.935289
-3.050285 52.935212
-3.051148 52.935155
-3.051713 52.935087
-3.051997 52.934979
-3.052219 52.934875
-3.052479 52.934682
-3.052629 52.934553
-3.052860 52.934421
-3.053302 52.934178
-3.053634 52.934022
-3.053978 52.933914
-3.054692 52.933770
-3.055445 52.933649
-3.057076 52.933464
-3.056898 52.932462
-3.057944 52.932432
-3.060047 52.932546
-3.061130 52.932605
-3.062566 52.932696
-3.065255 52.932829
-3.065438 52.932794
-3.065648 52.932742
-3.066043 52.932671
-3.066355 52.932606
-3.066577 52.932567
-3.067264 52.932433
-3.068291 52.932232
-3.069759 52.931955
-3.070343 52.931860
-3.070417 52.931861
-3.070876 52.931970
-3.070998 52.932457
-3.071120 52.933593
-3.072148 52.934670
-3.073054 52.936159
-3.073543 52.937280
-3.073714 52.937914
-3.074204 52.938578
-3.074864 52.939050
-3.075256 52.939109
-3.076113 52.939374
-3.077581 52.940599
-3.078070 52.940953
-3.078731 52.941085
-3.079887 52.941540
-3.080245 52.941286
-3.080713 52.940872
-3.081067 52.940702
-3.081675 52.940685
-3.082549 52.940681
-3.083070 52.940652
-3.083679 52.940468
-3.084045 52.940257
-3.084380 52.939051
-3.085023 52.938385
-3.085824 52.937822
-3.086879 52.937282
-3.087136 52.937255
-3.087491 52.937346
-3.088438 52.937474
-3.089372 52.937467
-3.089945 52.937398
-3.090404 52.937154
-3.090561 52.937076
-3.090933 52.936649
-3.091109 52.936446
-3.091284 52.936200
-3.091372 52.935922
-3.091174 52.935440
-3.090944 52.935161
-3.090670 52.934760
-3.090214 52.934349
-3.087669 52.933360
-3.085794 52.932618
-3.084348 52.931632
-3.083309 52.930540
-3.082193 52.929478
-3.081257 52.928936
-3.080495 52.928706
-3.079747 52.928622
-3.079160 52.928523
-3.078923 52.928492
-3.077782 52.928171
-3.076628 52.927842
-3.075792 52.927789
-3.072712 52.928270
-3.072204 52.928500
-3.071989 52.928836
-3.072128 52.930150
-3.072293 52.931143
-3.072339 52.931371
-3.072195 52.931478
-3.071882 52.931531
-3.071338 52.931400
-3.071089 52.931342
-3.070911 52.931350
-3.070745 52.931398
-3.070828 52.931758
-3.070876 52.931970
-3.070998 52.932457
-3.071120 52.933593
-3.072148 52.934670
-3.073054 52.936159
-3.073543 52.937280
-3.073714 52.937914
-3.074204 52.938578
-3.074864 52.939050
-3.075256 52.939109
-3.076113 52.939374
-3.077581 52.940599
-3.078070 52.940953
-3.078731 52.941085
-3.079887 52.941540
-3.079931 52.941550
-3.083048 52.942933
-3.085257 52.944454
-3.085504 52.945050
-3.085473 52.945396
-3.085393 52.945657
-3.085491 52.945845
-3.085936 52.946394
-3.085998 52.946684
-3.086205 52.947314
-3.086353 52.947652
-3.086435 52.947989
-3.086256 52.948834
-3.086190 52.948947
-3.085977 52.949179
-3.085810 52.949375
-3.085368 52.949828
-3.084953 52.950121
-3.084636 52.950273
-3.084778 52.950730
-3.084801 52.951039
-3.084684 52.951389
-3.084722 52.951739
-3.084721 52.952227
-3.084371 52.952595
-3.084206 52.952832
-3.084286 52.953231
-3.084357 52.953558
-3.084277 52.954002
-3.084158 52.954238
-3.083793 52.954448
-3.083478 52.954574
-3.083183 52.954767
-3.083709 52.955472
-3.083999 52.955859
-3.084253 52.956173
-3.084484 52.956351
-3.084671 52.956493
-3.084743 52.956658
-3.084954 52.956883
-3.085151 52.956984
-3.085502 52.957075
-3.085748 52.957227
-3.085862 52.957360
-3.086025 52.957477
-3.086376 52.957594
-3.086853 52.957623
-3.087405 52.957656
-3.087751 52.957759
-3.087950 52.957874
-3.088135 52.957930
-3.088304 52.957976
-3.088461 52.958006
-3.088603 52.958049
-3.088615 52.958117
-3.088323 52.958290
-3.088036 52.958432
-3.087675 52.958575
-3.087627 52.958698
-3.087731 52.958953
-3.087773 52.959206
-3.087810 52.959690
-3.087894 52.959874
-3.087905 52.960082
-3.087852 52.960266
-3.087752 52.960411
-3.087532 52.960708
-3.087222 52.960863
-3.086722 52.961006
-3.086015 52.961123
-3.085567 52.961133
-3.085267 52.961097
-3.085173 52.961094
-3.085120 52.961122
-3.085178 52.961181
-3.085303 52.961236
-3.085541 52.961308
-3.085737 52.961345
-3.085961 52.961360
-3.086253 52.961365
-3.086488 52.961370
-3.086629 52.961374
-3.086758 52.961419
-3.086905 52.961482
-3.087041 52.961576
-3.087205 52.961713
-3.087218 52.961735
-3.087387 52.961905
-3.087510 52.962126
-3.087559 52.962327
-3.087620 52.962482
-3.087637 52.962525
-3.087596 52.962567
-3.087461 52.962638
-3.087311 52.962734
-3.086806 52.962907
-3.086485 52.963045
-3.086330 52.963099
-3.085667 52.963207
-3.085579 52.963215
-3.085489 52.963201
-3.085399 52.963192
-3.085336 52.963203
-3.085303 52.963228
-3.085307 52.963256
-3.085400 52.963302
-3.085502 52.963328
-3.085524 52.963333
-3.085675 52.963364
-3.085705 52.963382
-3.085703 52.963397
-3.085648 52.963422
-3.084581 52.963187
-3.083842 52.963043
-3.083270 52.962901
-3.082791 52.962775
-3.082388 52.962695
-3.081914 52.962652
-3.081410 52.962668
-3.080606 52.962711
-3.080391 52.962721
-3.080223 52.962725
-3.079791 52.962697
-3.079489 52.962655
-3.079249 52.962610
-3.078904 52.962520
-3.078606 52.962412
-3.078261 52.962260
-3.077894 52.962046
-3.077604 52.961800
-3.076989 52.961158
-3.076787 52.960970
-3.076437 52.960707
-3.076091 52.960486
-3.075487 52.960130
-3.075429 52.960100
-3.073914 52.959339
-3.072509 52.958717
-3.071405 52.958221
-3.071201 52.958130
-3.070868 52.957971
-3.070471 52.957781
-3.069151 52.957087
-3.067727 52.956270
-3.066694 52.957253
-3.065915 52.958216
-3.064890 52.959261
-3.064726 52.959371
-3.064619 52.959422
-3.064190 52.959552
-3.063927 52.959629
-3.063595 52.959720
-3.062804 52.959948
-3.061747 52.960335
-3.059968 52.960981
-3.059585 52.961239
-3.059308 52.961493
-3.059163 52.961701
-3.058947 52.961923
-3.058597 52.962423
-3.057930 52.963465
-3.057387 52.964129
-3.057088 52.964427
-3.056619 52.965222
-3.056920 52.965890
-3.057101 52.966620
-3.057256 52.967114
-3.057855 52.967551
-3.060139 52.968186
-3.061500 52.968400
-3.062503 52.968652
-3.062689 52.968665
-3.062911 52.968619
-3.063083 52.968519
-3.063277 52.968310
-3.063392 52.968159
-3.063460 52.968090
-3.063530 52.967987
-3.063790 52.966881
-3.064223 52.966285
-3.065111 52.966082
-3.065397 52.966094
-3.065649 52.966122
-3.065852 52.966162
-3.066138 52.966219
-3.066321 52.966280
-3.066399 52.966340
-3.066460 52.966388
-3.066545 52.966517
-3.067096 52.967471
-3.068384 52.969170
-3.068264 52.969837
-3.068100 52.970452
-3.067990 52.970825
-3.067749 52.971696
-3.067244 52.973701
-3.066897 52.974660
-3.066251 52.975402
-3.065936 52.975591
-3.065289 52.976041
-3.063497 52.977052
-3.063202 52.977251
-3.062816 52.977500
-3.060968 52.978710
-3.060607 52.978976
-3.059803 52.979601
-3.059149 52.980070
-3.058451 52.980505
-3.057661 52.980915
-3.056839 52.981273
-3.056314 52.981486
-3.055903 52.981650
-3.053632 52.982451
-3.052157 52.983073
-3.051131 52.983489
-3.050839 52.983578
-3.050544 52.983647
-3.050222 52.983709
-3.049772 52.983759
-3.049335 52.983764
-3.048859 52.983781
-3.048437 52.983814
-3.048040 52.983879
-3.047541 52.984011
-3.047082 52.984183
-3.046582 52.984386
-3.046457 52.984516
-3.046536 52.984566
-3.046587 52.984645
-3.046586 52.984714
-3.046546 52.984777
-3.046472 52.984830
-3.046383 52.984862
-3.046270 52.984876
-3.046154 52.984865
-3.046053 52.984832
-3.045964 52.984764
-3.045932 52.984698
-3.045932 52.984658
-3.043985 52.984397
-3.042272 52.984299
-3.040452 52.984290
-3.039724 52.984293
-3.039280 52.984380
-3.039220 52.984410
-3.039139 52.984428
-3.039061 52.984429
-3.038980 52.984411
-3.038921 52.984381
-3.038793 52.984333
-3.038735 52.984311
-3.038624 52.984278
-3.037830 52.984245
-3.037659 52.984269
-3.037492 52.984308
-3.037431 52.984339
-3.037366 52.984353
-3.037303 52.984353
-3.037229 52.984339
-3.037176 52.984311
-3.037062 52.984300
-3.036889 52.984272
-3.036496 52.984293
-3.034464 52.984515
-3.034161 52.984590
-3.034009 52.984721
-3.033113 52.984394
-3.032588 52.984203
-3.030982 52.983618
-3.026475 52.983083
-3.021265 52.982394
-3.019382 52.982211
-3.012982 52.982124
-3.009811 52.982468
-3.003265 52.982022
-3.001012 52.981878
-2.993387 52.981229
-2.987837 52.980920
-2.984895 52.980625
-2.983560 52.980551
-2.980114 52.981362
-2.977068 52.982300
-2.974491 52.982886
-2.971806 52.983558
-2.970782 52.983356
-2.969986 52.983403
-2.969589 52.983413
-2.969203 52.983403
-2.968908 52.983383
-2.968583 52.983314
-2.966085 52.982321
-2.964512 52.982124
-2.963472 52.982263
-2.963002 52.981343
-2.962923 52.980937
-2.962989 52.980068
-2.963157 52.979125
-2.963508 52.978586
-2.963567 52.978397
-2.963562 52.978279
-2.963484 52.978165
-2.963178 52.977960
-2.962855 52.977772
-2.962561 52.977648
-2.961761 52.977397
-2.961122 52.977303
-2.959757 52.977363
-2.958470 52.977484
-2.957840 52.977454
-2.957215 52.977331
-2.955428 52.976700
-2.954764 52.976555
-2.953984 52.976505
-2.952374 52.976484
-2.951675 52.976385
-2.944746 52.974458
-2.942843 52.973742
-2.941715 52.972491
-2.940912 52.972029
-2.940444 52.971848
-2.939940 52.971695
-2.939447 52.971589
-2.938973 52.971529
-2.938501 52.971486
-2.936881 52.971518
-2.935928 52.971416
-2.935290 52.971358
-2.934949 52.971294
-2.934769 52.971185
-2.934928 52.970733
-2.934985 52.970594
-2.935099 52.970329
-2.935280 52.969874
-2.935364 52.969660
-2.935415 52.969458
-2.935395 52.969386
-2.935335 52.969341
-2.935218 52.969293
-2.935093 52.969262
-2.934676 52.969221
-2.934049 52.969237
-2.933800 52.969228
-2.932982 52.969154
-2.932133 52.969042
-2.931173 52.968918
-2.929452 52.968791
-2.929004 52.968751
-2.928728 52.968718
-2.928466 52.968658
-2.928244 52.968591
-2.927852 52.968460
-2.927492 52.968303
-2.927245 52.968163
-2.927026 52.968039
-2.926838 52.967959
-2.926612 52.967878
-2.926462 52.967838
-2.926066 52.967761
-2.925755 52.967712
-2.925226 52.967663
-2.924839 52.967613
-2.924583 52.967564
-2.924312 52.967502
-2.924093 52.967423
-2.923896 52.967322
-2.923754 52.967210
-2.923663 52.967114
-2.923559 52.966980
-2.923113 52.966424
-2.922963 52.966286
-2.922831 52.966202
-2.922653 52.966139
-2.922514 52.966110
-2.922377 52.966084
-2.922205 52.966048
-2.922113 52.966019
-2.921999 52.965977
-2.921889 52.965917
-2.921812 52.965857
-2.921742 52.965797
-2.921686 52.965732
-2.921514 52.965411
-2.921432 52.965317
-2.921361 52.965270
-2.921262 52.965218
-2.921122 52.965170
-2.920855 52.965094
-2.920633 52.965011
-2.920509 52.964951
-2.920396 52.964880
-2.920298 52.964804
-2.920228 52.964743
-2.920012 52.964516
-2.919921 52.964434
-2.919830 52.964373
-2.919703 52.964299
-2.919354 52.964174
-2.919182 52.964127
-2.919004 52.964084
-2.918509 52.963980
-2.918254 52.963913
-2.917661 52.963727
-2.917508 52.963670
-2.917343 52.963604
-2.917214 52.963540
-2.917067 52.963452
-2.916808 52.963276
-2.915853 52.962613
-2.915572 52.962442
-2.915198 52.962224
-2.914120 52.961808
-2.913280 52.961490
-2.912668 52.961280
-2.912061 52.961073
-2.911677 52.960925
-2.911279 52.960801
-2.910845 52.960690
-2.910567 52.960576
-2.907523 52.959540
-2.900561 52.957376
-2.898569 52.956737
-2.897495 52.956404
-2.896493 52.956277
-2.894944 52.956072
-2.894619 52.956006
-2.893637 52.955723
-2.893267 52.955680
-2.892855 52.955693
-2.892657 52.955715
-2.892486 52.955759
-2.891660 52.956126
-2.891385 52.956211
-2.891237 52.956225
-2.891093 52.956209
-2.890994 52.956170
-2.890574 52.955893
-2.890049 52.955611
-2.889960 52.955591
-2.889135 52.955922
-2.888881 52.955966
-2.888647 52.955959
-2.887642 52.955738
-2.887296 52.955702
-2.886931 52.955693
-2.886667 52.955701
-2.886413 52.955701
-2.886077 52.955643
-2.885305 52.955345
-2.884358 52.954961
-2.883626 52.954568
-2.883296 52.954459
-2.882871 52.954402
-2.882367 52.954374
-2.881824 52.954394
-2.880156 52.954574
-2.878815 52.954765
-2.878057 52.954933
-2.877589 52.955029
-2.877146 52.955055
-2.876825 52.955009
-2.876527 52.954912
-2.876131 52.954713
-2.875990 52.954634
-2.875660 52.954422
-2.875358 52.954253
-2.875087 52.954126
-2.874597 52.953936
-2.874083 52.953742
-2.873700 52.953624
-2.873458 52.953579
-2.873214 52.953551
-2.872872 52.953545
-2.872596 52.953558
-2.871743 52.953632
-2.871237 52.953643
-2.870727 52.953643
-2.870371 52.953630
-2.869805 52.953588
-2.869276 52.953484
-2.869002 52.953433
-2.868700 52.953349
-2.868492 52.953271
-2.868320 52.953193
-2.868003 52.953035
-2.867668 52.952868
-2.867467 52.952759
-2.867338 52.952688
-2.866279 52.952027
-2.866016 52.951893
-2.865623 52.951667
-2.864987 52.951335
-2.862254 52.949970
-2.862003 52.949874
-2.861703 52.949816
-2.861388 52.949803
-2.860452 52.949824
-2.858299 52.949733
-2.856591 52.949708
-2.854878 52.949750
-2.854390 52.949777
-2.853995 52.949830
-2.853599 52.949907
-2.852865 52.950128
-2.851633 52.950570
-2.850848 52.950824
-2.850021 52.951057
-2.849407 52.951183
-2.848448 52.951309
-2.847766 52.951382
-2.846778 52.951454
-2.845804 52.951539
-2.845179 52.951557
-2.844732 52.951514
-2.844259 52.951474
-2.843754 52.951493
-2.843264 52.951561
-2.842666 52.951696
-2.841656 52.951985
-2.840546 52.952253
-2.839625 52.952522
-2.839299 52.952588
-2.838921 52.952584
-2.838036 52.952505
-2.837494 52.952500
-2.835712 52.952600
-2.835076 52.952584
-2.834618 52.952520
-2.834143 52.952439
-2.833480 52.952276
-2.832778 52.952036
-2.831801 52.951619
-2.831321 52.951458
-2.831000 52.951336
-2.830774 52.951237
-2.830552 52.951125
-2.830363 52.951006
-2.830169 52.950859
-2.829813 52.950521
-2.829314 52.950155
-2.829037 52.950003
-2.828678 52.949850
-2.827419 52.949459
-2.826131 52.949117
-2.825621 52.948993
-2.825216 52.948922
-2.824773 52.948870
-2.824466 52.948873
-2.824036 52.948903
-2.823533 52.948971
-2.823122 52.949049
-2.822439 52.949215
-2.821845 52.949402
-2.821504 52.949538
-2.820924 52.949817
-2.820869 52.949780
-2.820722 52.949711
-2.820627 52.949697
-2.820520 52.949699
-2.820419 52.949712
-2.820115 52.949797
-2.819535 52.949972
-2.818754 52.950203
-2.818379 52.950310
-2.818100 52.950412
-2.817668 52.950594
-2.817420 52.950724
-2.817197 52.950845
-2.816915 52.951033
-2.816699 52.951189
-2.816584 52.951291
-2.816504 52.951363
-2.816382 52.951449
-2.816232 52.951525
-2.816020 52.951614
-2.815779 52.951678
-2.815602 52.951705
-2.815403 52.951718
-2.815160 52.951727
-2.814980 52.951728
-2.814853 52.951714
-2.814761 52.951704
-2.814382 52.951611
-2.814072 52.951517
-2.813282 52.951293
-2.813004 52.951217
-2.812875 52.951186
-2.812615 52.951038
-2.812581 52.950975
-2.812522 52.950895
-2.812422 52.950831
-2.812312 52.950789
-2.812091 52.950772
-2.811819 52.950756
-2.811503 52.950758
-2.811170 52.950722
-2.810795 52.950626
-2.810538 52.950514
-2.810369 52.950413
-2.810133 52.950213
-2.809875 52.949954
-2.809554 52.949601
-2.809252 52.949287
-2.809144 52.949103
-2.809084 52.948905
-2.809012 52.948715
-2.808985 52.948510
-2.808916 52.948200
-2.808842 52.947722
-2.808730 52.947346
-2.808695 52.947071
-2.808693 52.946871
-2.808360 52.946905
-2.807582 52.947015
-2.807005 52.947162
-2.806002 52.946698
-2.805469 52.946586
-2.804529 52.946470
-2.804330 52.946414
-2.804277 52.946361
-2.804311 52.946132
-2.804452 52.945830
-2.804467 52.945720
-2.804399 52.945657
-2.803151 52.945112
-2.801438 52.944050
-2.801339 52.943926
-2.801186 52.943442
-2.801090 52.943294
-2.800880 52.943151
-2.800780 52.943081
-2.800732 52.942972
-2.800763 52.942876
-2.800871 52.942621
-2.800880 52.942507
-2.800823 52.942382
-2.800663 52.942250
-2.800397 52.941953
-2.799971 52.941281
-2.799759 52.941051
-2.799333 52.940815
-2.799234 52.940725
-2.799264 52.940612
-2.799424 52.940402
-2.799546 52.940171
-2.799638 52.939940
-2.799662 52.939733
-2.799605 52.939486
-2.799540 52.939346
-2.799483 52.939281
-2.799375 52.939225
-2.798547 52.939107
-2.797709 52.938944
-2.797494 52.938936
-2.797054 52.938936
-2.796776 52.938879
-2.795765 52.938577
-2.794434 52.938094
-2.793673 52.937910
-2.793421 52.937817
-2.793296 52.937733
-2.793208 52.937626
-2.793064 52.937401
-2.792947 52.937273
-2.792763 52.937141
-2.792343 52.936933
-2.791792 52.936706
-2.790829 52.937767
-2.790130 52.938378
-2.789730 52.938663
-2.789287 52.938898
-2.788658 52.939121
-2.787730 52.939361
-2.786392 52.939654
-2.780958 52.941132
-2.777868 52.941942
-2.774529 52.942850
-2.773198 52.943206
-2.771688 52.943527
-2.770675 52.943693
-2.769946 52.943848
-2.769302 52.944024
-2.768581 52.944256
-2.768143 52.944432
-2.767680 52.944711
-2.767036 52.945265
-2.766158 52.946010
-2.765684 52.946689
-2.764854 52.947576
-2.763625 52.949086
-2.763418 52.949409
-2.763134 52.949723
-2.762882 52.949930
-2.762688 52.950035
-2.762384 52.950146
-2.761919 52.950171
-2.761257 52.950134
-2.759142 52.949850
-2.757386 52.949584
-2.756979 52.949556
-2.756600 52.949584
-2.755460 52.949846
-2.754831 52.950015
-2.754031 52.950272
-2.752895 52.950742
-2.752051 52.951031
-2.751385 52.951204
-2.750814 52.951329
-2.749112 52.951631
-2.748484 52.951782
-2.747888 52.951978
-2.747149 52.952275
-2.745492 52.953213
-2.742024 52.955225
-2.741641 52.955453
-2.741464 52.955230
-2.741147 52.954851
-2.740638 52.954158
-2.740477 52.953945
-2.740226 52.953762
-2.739580 52.953368
-2.739339 52.953192
-2.738622 52.952577
-2.738292 52.952224
-2.737563 52.951455
-2.737295 52.951176
-2.736856 52.950803
-2.735875 52.950105
-2.734838 52.949351
-2.734177 52.948864
-2.733437 52.948304
-2.732716 52.947733
-2.732357 52.947426
-2.732169 52.947172
-2.731955 52.946849
-2.731813 52.946725
-2.731570 52.946499
-2.731413 52.946232
-2.731190 52.945749
-2.730955 52.945122
-2.730799 52.944479
-2.730733 52.944030
-2.730733 52.943733
-2.730850 52.943266
-2.730942 52.942826
-2.730988 52.942509
-2.731022 52.942029
-2.731064 52.941459
-2.731038 52.941061
-2.730997 52.940609
-2.731041 52.940267
-2.731165 52.939790
-2.731225 52.939403
-2.731232 52.939051
-2.731167 52.938773
-2.731016 52.938471
-2.730813 52.938024
-2.730726 52.937636
-2.730719 52.937336
-2.730730 52.936970
-2.730708 52.936661
-2.730618 52.936052
-2.730579 52.935757
-2.730547 52.935388
-2.730538 52.935251
-2.730535 52.935235
-2.730496 52.935010
-2.730416 52.934799
-2.730317 52.934598
-2.730204 52.934381
-2.730135 52.934163
-2.730078 52.933702
-2.730016 52.933258
-2.729949 52.932624
-2.729921 52.932189
-2.729931 52.931997
-2.730007 52.931801
-2.730177 52.931539
-2.730340 52.931419
-2.730586 52.931379
-2.730864 52.931399
-2.731041 52.931403
-2.731240 52.931383
-2.731399 52.931333
-2.731534 52.931270
-2.731611 52.931176
-2.731652 52.931039
-2.731685 52.930688
-2.731756 52.930056
-2.731814 52.929747
-2.731807 52.929544
-2.731784 52.929175
-2.731771 52.929016
-2.731766 52.928898
-2.731757 52.928744
-2.731632 52.928523
-2.731510 52.928411
-2.731311 52.928282
-2.731071 52.928154
-2.730713 52.927962
-2.730483 52.927789
-2.730379 52.927652
-2.730316 52.927484
-2.730291 52.927293
-2.730327 52.927057
-2.730468 52.926744
-2.730456 52.926518
-2.730371 52.926225
-2.730272 52.925918
-2.730122 52.925397
-2.730102 52.925203
-2.730124 52.925081
-2.730147 52.924956
-2.730250 52.924620
-2.730428 52.924070
-2.730496 52.923841
-2.730356 52.923659
-2.730133 52.923648
-2.729725 52.923600
-2.729363 52.923527
-2.729044 52.923444
-2.728809 52.923362
-2.728592 52.923304
-2.727569 52.923058
-2.726645 52.922904
-2.725533 52.922716
-2.725192 52.922675
-2.724751 52.922641
-2.724966 52.922354
-2.725021 52.922134
-2.725013 52.921972
-2.725015 52.921816
-2.725034 52.921668
-2.725261 52.921190
-2.725408 52.920936
-2.725629 52.920655
-2.725883 52.920387
-2.726079 52.920217
-2.726322 52.919995
-2.726654 52.919604
-2.726777 52.919480
-2.726871 52.919359
-2.727019 52.919101
-2.727178 52.918810
-2.727306 52.918598
-2.727393 52.918438
-2.727506 52.918197
-2.727758 52.917501
-2.727844 52.917385
-2.727992 52.917190
-2.728080 52.916902
-2.728112 52.916671
-2.728168 52.916426
-2.728357 52.915967
-2.728441 52.915728
-2.728463 52.915585
-2.728532 52.915442
-2.728704 52.915244
-2.728894 52.915068
-2.729071 52.914886
-2.729221 52.914705
-2.729298 52.914587
-2.729346 52.914514
-2.729451 52.914250
-2.729665 52.913843
-2.729940 52.913439
-2.730019 52.913355
-2.730103 52.913245
-2.730225 52.913037
-2.730545 52.912548
-2.730734 52.912298
-2.730886 52.912148
-2.731196 52.911977
-2.731329 52.911856
-2.731397 52.911719
-2.731412 52.911512
-2.731295 52.911214
-2.731206 52.910994
-2.731189 52.910812
-2.731332 52.910792
-2.731568 52.910781
-2.731793 52.910814
-2.732102 52.910855
-2.732357 52.910857
-2.732432 52.910855
-2.732657 52.910838
-2.732871 52.910804
-2.733423 52.910693
-2.733743 52.910620
-2.734040 52.910536
-2.734326 52.910467
-2.734518 52.910452
-2.734724 52.910463
-2.734930 52.910491
-2.735080 52.910526
-2.735558 52.910611
-2.736165 52.910738
-2.737002 52.910902
-2.737585 52.910998
-2.737839 52.911038
-2.738025 52.911064
-2.738229 52.911072
-2.738532 52.911029
-2.738734 52.910976
-2.738940 52.910929
-2.739170 52.910909
-2.739987 52.910964
-2.740588 52.911026
-2.740814 52.911058
-2.741055 52.911055
-2.741303 52.911028
-2.741826 52.910951
-2.742070 52.910912
-2.742293 52.910893
-2.742512 52.910896
-2.742746 52.910926
-2.742955 52.910973
-2.743247 52.911049
-2.743489 52.911074
-2.743703 52.911081
-2.743919 52.911061
-2.744446 52.910914
-2.744764 52.910848
-2.745119 52.910809
-2.745582 52.910791
-2.746070 52.910728
-2.746553 52.910626
-2.747706 52.910141
-2.748000 52.910057
-2.748320 52.909984
-2.748636 52.909892
-2.749009 52.909737
-2.749332 52.909550
-2.749703 52.909284
-2.749963 52.909071
-2.750311 52.908796
-2.750584 52.908569
-2.750913 52.908264
-2.751108 52.908082
-2.751241 52.907884
-2.751298 52.907738
-2.751314 52.907587
-2.751255 52.907442
-2.751116 52.907314
-2.750776 52.907100
-2.750717 52.907035
-2.750681 52.906975
-2.750682 52.906838
-2.750834 52.906482
-2.750958 52.906175
-2.751083 52.905975
-2.751403 52.905565
-2.751491 52.905360
-2.751495 52.905150
-2.751540 52.905009
-2.751637 52.904888
-2.751773 52.904766
-2.751928 52.904648
-2.752210 52.904519
-2.752645 52.904204
-2.753516 52.903583
-2.753808 52.903524
-2.755453 52.903399
-2.756120 52.903343
-2.756179 52.903335
-2.756360 52.903309
-2.756566 52.903281
-2.757588 52.903224
-2.757686 52.903220
-2.757830 52.903214
-2.758065 52.903236
-2.758412 52.903289
-2.758972 52.903419
-2.759237 52.903466
-2.759728 52.903557
-2.760842 52.903765
-2.761165 52.903833
-2.761790 52.903962
-2.762115 52.904009
-2.762346 52.904004
-2.762541 52.903939
-2.762753 52.903784
-2.762964 52.903614
-2.763140 52.903415
-2.763414 52.902972
-2.763482 52.902833
-2.763558 52.902606
-2.763580 52.902452
-2.763577 52.902360
-2.763545 52.902177
-2.763466 52.901896
-2.763447 52.901684
-2.763479 52.901271
-2.763533 52.901103
-2.763682 52.900690
-2.764011 52.899884
-2.764064 52.899815
-2.764178 52.899756
-2.764117 52.899693
-2.763452 52.899168
-2.763371 52.899059
-2.763314 52.898772
-2.763243 52.898631
-2.762970 52.898358
-2.762777 52.898212
-2.762273 52.897898
-2.762028 52.897712
-2.761814 52.897498
-2.761599 52.897329
-2.760959 52.896753
-2.760579 52.896464
-2.760379 52.896282
-2.760029 52.895953
-2.759424 52.895390
-2.759094 52.895087
-2.758730 52.894782
-2.758068 52.894219
-2.757770 52.893974
-2.757331 52.893628
-2.756885 52.893261
-2.756372 52.892827
-2.755833 52.892370
-2.755371 52.891978
-2.754882 52.891565
-2.754038 52.890861
-2.753755 52.890624
-2.753562 52.890425
-2.753443 52.890248
-2.753367 52.890068
-2.753090 52.889421
-2.752868 52.888969
-2.752706 52.888723
-2.752336 52.888357
-2.751997 52.888013
-2.751501 52.887452
-2.751213 52.887095
-2.750969 52.886765
-2.750856 52.886568
-2.750579 52.886020
-2.750316 52.885532
-2.750102 52.885116
-2.749928 52.884774
-2.749782 52.884453
-2.749588 52.884059
-2.749302 52.883504
-2.749114 52.883114
-2.749005 52.882825
-2.748895 52.882456
-2.748577 52.881384
-2.748515 52.881230
-2.748333 52.881033
-2.748019 52.880700
-2.747918 52.880559
-2.747777 52.880283
-2.747723 52.880139
-2.747642 52.879842
-2.747470 52.879296
-2.747406 52.879083
-2.747367 52.878874
-2.747326 52.878375
-2.747247 52.877887
-2.747212 52.877531
-2.747207 52.877312
-2.747242 52.876873
-2.747243 52.876593
-2.747161 52.876390
-2.746931 52.876008
-2.746792 52.875822
-2.746621 52.875647
-2.746456 52.875465
-2.746032 52.874937
-2.745590 52.874413
-2.745414 52.874212
-2.745325 52.874066
-2.745290 52.873917
-2.745293 52.873758
-2.745379 52.873452
-2.745479 52.873163
-2.745506 52.872903
-2.745476 52.872482
-2.745420 52.872289
-2.745187 52.871807
-2.745162 52.871763
-2.744905 52.871325
-2.744671 52.871092
-2.744327 52.870763
-2.743960 52.870482
-2.743532 52.870188
-2.743185 52.870256
-2.742696 52.870263
-2.742605 52.870162
-2.742461 52.870000
-2.742282 52.869721
-2.742130 52.869496
-2.741920 52.869178
-2.741782 52.868931
-2.741644 52.868672
-2.741419 52.868298
-2.740934 52.867608
-2.740873 52.867521
-2.740776 52.867331
-2.740732 52.867134
-2.740719 52.866930
-2.740817 52.866582
-2.740746 52.866360
-2.740633 52.866230
-2.740263 52.865775
-2.740120 52.865630
-2.739963 52.865519
-2.739712 52.865403
-2.739354 52.865233
-2.738818 52.865000
-2.738373 52.864831
-2.738007 52.864677
-2.737716 52.864547
-2.737515 52.864425
-2.737222 52.864226
-2.736921 52.864084
-2.736385 52.863845
-2.736015 52.863683
-2.735793 52.863585
-2.735624 52.863515
-2.734761 52.863134
-2.734139 52.862853
-2.733760 52.862661
-2.733330 52.862487
-2.732899 52.862300
-2.732556 52.862142
-2.732526 52.862118
-2.732304 52.861939
-2.732186 52.861821
-2.732103 52.861688
-2.732045 52.861462
-2.732039 52.861259
-2.732031 52.861177
-2.732032 52.861066
-2.732073 52.860865
-2.732181 52.860639
-2.732386 52.860254
-2.732570 52.859975
-2.732708 52.859755
-2.732758 52.859685
