24.596067 52.765007
24.594924 52.764286
24.590299 52.762012
24.589235 52.761591
24.588557 52.761460
24.588035 52.761390
24.587043 52.761302
24.585723 52.761344
24.573289 52.764303
24.571539 52.764323
24.568608 52.764268
24.566972 52.764144
24.564864 52.763966
24.562797 52.763642
24.560674 52.762680
24.559045 52.761905
24.552969 52.757877
24.551361 52.757034
24.549249 52.756240
24.537845 52.752960
24.535846 52.752113
24.531329 52.749601
24.514880 52.740451
24.512858 52.739559
24.510814 52.738529
24.504157 52.735402
24.490367 52.728981
24.489164 52.728237
24.487638 52.726997
24.454851 52.690044
24.453998 52.689319
24.452707 52.688446
24.451307 52.687690
24.448722 52.686733
24.446554 52.686233
24.443573 52.685920
24.442005 52.685890
24.439630 52.686058
24.430428 52.687920
24.417707 52.690494
24.415426 52.690761
24.364594 52.690437
24.362039 52.690460
24.359073 52.690788
24.356848 52.691251
24.357627 52.690195
24.360154 52.687884
24.362128 52.685890
24.364956 52.682298
24.364667 52.679283
24.366420 52.677363
24.369671 52.674127
24.371749 52.672287
24.375282 52.669598
24.377494 52.667932
24.378895 52.666196
24.379434 52.664632
24.381196 52.660068
24.381984 52.657557
24.383419 52.653623
24.384032 52.651846
24.382937 52.651786
24.381736 52.651396
24.380673 52.650977
24.380505 52.647946
24.381433 52.644406
24.383469 52.637493
24.385697 52.632961
24.387151 52.630027
24.389287 52.625745
24.390009 52.624295
24.390307 52.623945
24.393691 52.619956
24.395554 52.617300
24.396441 52.614314
24.396956 52.612581
24.398675 52.606925
24.400885 52.603360
24.400979 52.603207
24.401267 52.602787
24.401360 52.602607
24.404148 52.598360
24.404186 52.598302
24.405964 52.595469
24.407484 52.593103
24.410197 52.588261
24.422610 52.590649
24.424166 52.590916
24.425659 52.587200
24.428312 52.580694
24.428911 52.579624
24.434868 52.577078
24.441551 52.574577
24.446901 52.572586
24.447404 52.572399
24.447706 52.572287
24.448911 52.571838
24.449807 52.571629
24.451216 52.571683
24.453905 52.571784
24.457291 52.571911
24.460912 52.572013
24.462303 52.572043
24.463793 52.572075
24.464003 52.572078
24.463874 52.571086
24.463749 52.570101
24.463668 52.569463
24.463646 52.569264
24.463622 52.569026
24.463582 52.568752
24.463504 52.568312
24.463429 52.567900
24.463352 52.567361
24.463335 52.567046
24.463486 52.566475
24.463810 52.565741
24.464286 52.564815
24.464803 52.564141
24.465491 52.563379
24.466338 52.562596
24.466421 52.562519
24.467015 52.561972
24.467670 52.561348
24.466926 52.561329
24.465484 52.561297
24.464188 52.561268
24.463665 52.561217
24.463232 52.561166
24.462656 52.561075
24.463232 52.561166
24.463665 52.561217
24.464188 52.561268
24.465484 52.561297
24.466926 52.561329
24.466937 52.560617
24.466020 52.560622
24.465798 52.560623
24.465554 52.560632
24.465798 52.560623
24.466020 52.560622
24.466937 52.560617
24.466968 52.559988
