138.481671 36.182207
138.481671 36.182755
138.481608 36.184000
138.481580 36.184254
138.481573 36.184811
138.481553 36.185346
138.481434 36.185870
138.481354 36.186200
138.481337 36.186270
138.481303 36.186377
138.481275 36.186551
138.481226 36.186703
138.481212 36.186793
138.481073 36.187218
138.480900 36.187745
138.480691 36.188421
138.480559 36.188860
138.480532 36.188995
138.480471 36.189246
138.480469 36.189253
138.480344 36.189777
138.480205 36.190330
138.480190 36.190405
138.480184 36.190430
138.480122 36.190745
138.480059 36.191032
138.479860 36.191544
138.479611 36.192042
138.479456 36.192361
138.479121 36.192901
138.478641 36.193441
138.478323 36.193767
138.477732 36.194264
138.477239 36.194727
138.475886 36.195861
138.474638 36.196935
138.473158 36.198192
138.472509 36.198743
138.471016 36.200011
138.470530 36.200423
138.470032 36.200953
138.470031 36.200954
138.469620 36.201469
138.468805 36.202557
138.468427 36.203159
138.468182 36.203654
138.468048 36.203932
138.467920 36.204191
138.466925 36.206802
138.466179 36.208815
138.465564 36.210421
138.465363 36.210950
138.464993 36.211707
138.463909 36.213422
138.462379 36.215840
138.460815 36.218305
138.458891 36.221337
138.458762 36.221541
138.457303 36.223823
138.457223 36.224041
138.456994 36.224668
138.456865 36.225000
138.456505 36.226191
138.456384 36.226912
138.456212 36.228085
138.456185 36.228479
138.456192 36.228846
138.456190 36.230041
138.456222 36.230470
138.456333 36.231190
138.456515 36.231950
138.456138 36.232056
138.455012 36.232420
138.453735 36.232827
138.452769 36.233142
138.452857 36.233302
138.453039 36.233647
138.453377 36.234302
138.453984 36.235442
138.454164 36.235959
138.454231 36.236286
138.454306 36.237079
138.454376 36.237828
138.454262 36.240892
138.454266 36.241135
138.454285 36.241411
138.454298 36.241906
138.454259 36.242349
138.454494 36.242733
138.454532 36.242792
138.454572 36.242841
138.455014 36.243417
138.455730 36.244185
138.456171 36.244615
138.456429 36.244859
138.456884 36.245102
138.457054 36.245187
138.457644 36.245539
138.457887 36.245752
138.457989 36.245942
138.458013 36.246150
138.457999 36.246602
138.457987 36.247014
138.457519 36.247149
138.456965 36.247329
138.456370 36.247599
138.456203 36.247709
138.456034 36.247796
138.455919 36.248042
138.455823 36.248270
138.455733 36.248402
138.455670 36.248450
138.455255 36.248464
138.454812 36.248430
138.454285 36.248381
138.453780 36.248360
138.453662 36.248360
138.453428 36.248404
138.453249 36.248504
138.453164 36.248616
138.453121 36.248755
138.453142 36.249023
138.453170 36.249232
138.453232 36.249385
138.453546 36.249628
138.453906 36.249820
138.454054 36.250027
138.454129 36.250209
138.454141 36.250511
138.454090 36.250743
138.453911 36.251476
138.453882 36.251769
138.453698 36.252562
138.453635 36.252828
138.453579 36.253071
138.453469 36.253562
138.453320 36.254049
138.453231 36.254539
138.453227 36.254594
138.453217 36.254718
138.453180 36.254886
138.453149 36.255207
138.453123 36.255700
138.453183 36.256202
138.453177 36.256345
138.453483 36.256487
138.453799 36.256571
138.454465 36.256744
138.455118 36.256916
138.455615 36.257066
138.456113 36.257175
138.456374 36.257314
138.456546 36.257487
138.457060 36.258201
138.457608 36.258941
138.457694 36.259070
138.457747 36.259209
138.457726 36.259364
138.457680 36.259614
138.457599 36.259893
138.457419 36.260552
138.457231 36.261525
138.457179 36.262133
138.457372 36.262124
138.457694 36.262081
138.458177 36.262029
138.458380 36.262037
138.458472 36.262125
138.458531 36.262305
138.458531 36.262843
138.458649 36.263344
138.458638 36.263672
138.458659 36.263941
138.458698 36.264249
138.458799 36.265022
138.458906 36.265878
138.459006 36.267016
138.459282 36.269122
138.459388 36.270109
138.459518 36.271155
138.459625 36.272375
138.459860 36.274343
138.459976 36.275214
138.460070 36.276010
138.460115 36.276363
138.460133 36.276559
138.460156 36.276932
138.460251 36.277921
138.460583 36.277907
138.460961 36.277873
138.461328 36.277835
138.461529 36.277827
138.461569 36.277825
138.461900 36.277846
138.462098 36.277922
138.462398 36.278050
138.462814 36.278221
138.463493 36.278535
138.463919 36.278729
138.463991 36.278659
138.464056 36.278585
138.464088 36.278516
138.464108 36.278464
138.464103 36.278384
138.464042 36.278314
138.463929 36.278275
138.463805 36.278275
138.463700 36.278331
138.463598 36.278430
138.463493 36.278535
138.463919 36.278729
138.464110 36.278827
138.464227 36.278905
138.464408 36.279046
138.464484 36.279109
138.464519 36.279211
138.464539 36.279311
138.464571 36.279484
138.464581 36.279695
138.464710 36.279683
138.465169 36.279641
138.465407 36.279634
138.465693 36.279608
138.465896 36.279575
138.466084 36.279522
138.466267 36.279463
138.466434 36.279368
138.466620 36.279242
138.466759 36.279147
138.466970 36.279012
138.467104 36.278920
138.467241 36.279043
138.467313 36.279121
138.467533 36.279337
138.467917 36.279501
138.467997 36.279450
138.468137 36.279361
138.467745 36.278960
138.467592 36.279054
