-80.415815 37.152373
-80.416268 37.152400
-80.416728 37.152416
-80.417821 37.152447
-80.419028 37.152498
-80.419184 37.152514
-80.419382 37.152541
-80.419720 37.152616
-80.420047 37.152706
-80.420506 37.152850
-80.420770 37.152923
-80.420993 37.152974
-80.421278 37.153030
-80.421564 37.153070
-80.421707 37.153082
-80.422663 37.153143
-80.423318 37.153181
-80.423609 37.153185
-80.423836 37.153166
-80.424026 37.153129
-80.424273 37.153049
-80.424646 37.152881
-80.425150 37.152770
-80.425347 37.152738
-80.426280 37.152585
-80.426400 37.152568
-80.426736 37.152521
-80.428422 37.152325
-80.429120 37.152402
-80.429399 37.152419
-80.429742 37.152411
-80.430689 37.152237
-80.430881 37.152264
-80.431127 37.152343
-80.431283 37.152540
-80.431341 37.152642
-80.431523 37.152778
-80.431706 37.152847
-80.431899 37.152873
-80.432124 37.152873
-80.432124 37.153121
-80.431995 37.153334
-80.431597 37.153757
-80.432507 37.154283
-80.432816 37.154469
-80.433065 37.154618
-80.433201 37.154720
-80.433301 37.154815
-80.433387 37.154916
-80.433463 37.154988
-80.433551 37.155051
-80.433649 37.155107
-80.433776 37.155150
-80.433921 37.155184
-80.434076 37.155185
-80.434217 37.155168
-80.434377 37.155132
-80.434495 37.155104
-80.434486 37.155017
-80.434464 37.154923
-80.434450 37.154821
-80.434452 37.154724
-80.434468 37.154631
-80.434466 37.154525
-80.434453 37.154437
-80.434428 37.154354
-80.434389 37.154262
-80.434323 37.154182
-80.434241 37.154101
-80.434132 37.154019
-80.433996 37.153951
-80.433858 37.153904
-80.433687 37.153868
-80.433516 37.153836
-80.433358 37.153810
-80.433175 37.153822
-80.433054 37.153852
-80.432906 37.153920
-80.432767 37.154015
-80.432656 37.154128
-80.432507 37.154283
-80.431597 37.153757
-80.431995 37.153334
-80.432124 37.153121
-80.432124 37.152873
-80.432639 37.152650
-80.433250 37.152317
-80.433433 37.152111
-80.433969 37.152240
-80.434345 37.152240
-80.434763 37.152214
-80.435117 37.152086
-80.435289 37.152565
-80.435214 37.153300
-80.436272 37.153501
-80.436550 37.153467
-80.436765 37.153364
-80.436915 37.153227
-80.437752 37.151919
-80.437924 37.151808
-80.438214 37.151731
-80.438482 37.151756
-80.439029 37.151953
-80.439121 37.151992
-80.440272 37.152497
-80.440842 37.152723
-80.440971 37.152859
-80.441024 37.153065
-80.441100 37.153236
-80.441218 37.153347
-80.441953 37.153775
-80.441218 37.153347
-80.441100 37.153236
-80.441024 37.153065
-80.440971 37.152859
-80.440842 37.152723
-80.440272 37.152497
-80.439121 37.151992
-80.439029 37.151953
-80.438482 37.151756
-80.438214 37.151731
-80.437924 37.151808
-80.437752 37.151919
-80.436915 37.153227
-80.436765 37.153364
-80.436550 37.153467
-80.436272 37.153501
-80.435214 37.153300
-80.435289 37.152565
-80.435117 37.152086
-80.434431 37.150341
-80.434377 37.149974
-80.434484 37.149700
-80.433444 37.149435
-80.432982 37.149409
-80.432231 37.149221
-80.433036 37.147759
-80.433175 37.147391
-80.433401 37.147194
-80.433669 37.146989
-80.434098 37.146562
-80.434517 37.145954
-80.434527 37.145612
-80.434323 37.145373
-80.432714 37.144475
-80.431534 37.146305
-80.430859 37.147245
-80.430655 37.147156
-80.430516 37.147073
-80.430424 37.146997
-80.430340 37.146915
-80.430226 37.146834
-80.430041 37.146725
-80.429819 37.146627
-80.429192 37.146471
-80.428676 37.146298
-80.428387 37.146166
-80.428160 37.146039
-80.427929 37.145896
-80.427709 37.145807
-80.427462 37.145736
-80.427280 37.145679
-80.427109 37.145584
-80.426923 37.145419
-80.426803 37.145294
-80.426677 37.145217
-80.426383 37.146382
-80.426253 37.146649
-80.426003 37.146786
-80.425783 37.146861
-80.425492 37.146867
-80.425077 37.146790
-80.424867 37.147156
-80.424749 37.147292
-80.424545 37.147404
-80.423822 37.147556
-80.423322 37.147677
-80.423141 37.147721
-80.422939 37.147771
-80.422695 37.147859
-80.422379 37.147974
-80.422196 37.148001
-80.422009 37.148013
-80.417665 37.148159
-80.417471 37.148163
-80.417286 37.148190
-80.417085 37.148254
-80.416918 37.148345
-80.416788 37.148401
-80.416657 37.148432
-80.416494 37.148446
-80.416047 37.148458
-80.415933 37.148467
-80.415876 37.148524
-80.415860 37.148871
-80.414899 37.148812
-80.414780 37.148803
-80.414723 37.149529
