43.678039 49.772456
43.678782 49.772686
43.678858 49.772710
43.680138 49.773107
43.680275 49.773149
43.680338 49.773168
43.680501 49.773220
43.680754 49.773178
43.688592 49.771281
43.693525 49.770086
43.694883 49.769726
43.705975 49.766818
43.708720 49.766037
43.709912 49.765634
43.711608 49.764960
43.712770 49.764444
43.716051 49.762614
43.721390 49.759529
43.726356 49.756638
43.728361 49.755458
43.729598 49.754743
43.730234 49.754383
43.730607 49.754197
43.731070 49.754029
43.731550 49.753908
43.732291 49.753816
43.733117 49.753769
43.734227 49.753770
43.734750 49.753827
43.735432 49.753949
43.737340 49.754547
43.753071 49.759391
43.753129 49.759408
43.753138 49.759411
43.756970 49.760581
43.759489 49.761349
43.760238 49.761578
43.767764 49.763913
43.780350 49.767891
43.784369 49.769141
43.785293 49.769339
43.786707 49.769556
43.787583 49.769667
43.788475 49.769752
43.789071 49.769792
43.789560 49.769804
43.790158 49.769791
43.790704 49.769751
43.790816 49.769740
43.791331 49.769691
43.792002 49.769614
43.793717 49.769416
43.793865 49.769298
43.793893 49.769239
43.793898 49.769195
43.793880 49.769148
43.793832 49.769079
43.793738 49.768994
43.793625 49.768905
43.793483 49.768817
