4.753535 50.827890
4.754081 50.827399
4.754170 50.827281
4.754275 50.827149
4.754367 50.827035
4.754475 50.826899
4.753836 50.826773
4.753652 50.826773
4.753431 50.826799
4.752712 50.826927
4.752141 50.827015
4.751218 50.827032
4.749398 50.826681
4.748804 50.826432
4.748705 50.826391
4.748577 50.826429
4.747908 50.826621
4.747761 50.826682
4.747581 50.826790
4.747243 50.827117
4.747005 50.827283
4.746703 50.827459
4.745811 50.827546
4.745560 50.827570
4.744687 50.827705
4.743677 50.827862
4.741768 50.827982
4.737889 50.828225
4.737177 50.828236
4.736858 50.828269
4.736312 50.828343
4.735856 50.828397
4.735326 50.828449
4.735028 50.828456
4.734110 50.828502
4.732310 50.828452
4.732039 50.828428
4.731945 50.828316
4.731813 50.828224
4.731561 50.828050
4.731439 50.827942
4.731391 50.827900
4.731154 50.827694
4.731086 50.827633
4.731110 50.827505
4.731126 50.827381
4.731303 50.826787
4.731441 50.826189
4.731552 50.825961
4.731701 50.825774
4.731914 50.825521
4.732465 50.824741
4.732710 50.824495
4.732960 50.824262
4.730878 50.823280
4.731960 50.821460
4.732369 50.820761
4.732393 50.820721
4.733185 50.819341
4.733942 50.818021
4.735777 50.814933
4.736538 50.813647
4.737884 50.811320
4.738209 50.810683
4.736216 50.809996
4.734788 50.809903
4.734342 50.809874
4.734248 50.810246
4.734084 50.810614
4.733668 50.811550
4.733510 50.811965
4.733323 50.812196
4.733109 50.812393
4.732833 50.812653
4.732225 50.813055
4.731371 50.813629
4.730474 50.814165
4.730191 50.814590
4.733061 50.814751
4.735777 50.814933
4.740629 50.815207
4.741173 50.814936
4.741397 50.814768
4.741676 50.814734
4.742519 50.814987
4.743864 50.815395
4.744631 50.815646
4.746286 50.816442
4.746602 50.816128
4.747666 50.814824
4.747962 50.814427
4.748112 50.814195
4.749011 50.814428
4.750834 50.814857
4.751426 50.814806
4.751567 50.814741
4.751689 50.814710
4.752759 50.814891
4.753065 50.814875
4.753287 50.814789
4.754004 50.814442
4.754185 50.814430
4.754494 50.814488
4.755470 50.814799
4.755662 50.815365
4.755697 50.815469
4.755774 50.815594
4.755877 50.815707
4.756523 50.816250
4.757732 50.817265
4.757943 50.817462
4.758101 50.817668
4.758223 50.817880
4.758298 50.818096
4.758337 50.818362
4.758321 50.818618
4.757975 50.821159
4.757631 50.823541
4.757541 50.824054
4.757429 50.824241
4.757252 50.824467
4.756961 50.824768
4.756423 50.825323
4.756165 50.825600
4.756133 50.825679
4.756119 50.826042
4.756111 50.826239
4.756107 50.826838
4.756159 50.827322
4.755755 50.827189
4.755380 50.827097
4.755249 50.827206
4.755087 50.827321
4.754275 50.827149
4.754170 50.827281
4.754081 50.827399
4.753535 50.827890
