12.617267 41.854896
12.617225 41.855021
12.617080 41.855469
12.617107 41.855599
12.617226 41.855700
12.617346 41.855770
12.617368 41.855819
12.617372 41.855866
12.617372 41.855949
12.617346 41.856000
12.617260 41.856051
12.617131 41.856102
12.617028 41.856122
12.616917 41.856128
12.616826 41.856118
12.616755 41.856104
12.616651 41.856064
12.616594 41.856038
12.616539 41.856000
12.616401 41.855954
12.616229 41.855914
12.615920 41.855894
12.615569 41.855872
12.615184 41.855847
12.614799 41.855808
12.614535 41.855759
12.614251 41.855692
12.614002 41.855618
12.613797 41.855552
12.613608 41.855483
12.613497 41.855440
12.613312 41.855366
12.613098 41.855258
12.612889 41.855133
12.612392 41.854820
12.612034 41.854597
12.611774 41.854467
12.611522 41.854376
12.611187 41.854306
12.610841 41.854283
12.610561 41.854293
12.610261 41.854354
12.609900 41.854449
12.609858 41.854474
12.609565 41.854641
12.609291 41.854807
12.609023 41.854945
12.608708 41.855035
12.608495 41.855061
12.608281 41.855067
12.607973 41.855060
12.607613 41.855031
12.607511 41.855025
12.607351 41.854996
12.607227 41.854973
12.607027 41.854928
12.606912 41.854911
12.606726 41.854872
12.606461 41.854831
12.606191 41.854819
12.604500 41.854827
12.602853 41.854828
12.601532 41.854827
12.600785 41.854829
12.600536 41.854865
12.600375 41.854932
12.600249 41.855014
12.600151 41.855106
12.599937 41.855440
12.599783 41.855641
12.599607 41.855813
12.599386 41.855970
12.599122 41.856096
12.598870 41.856203
12.598847 41.856213
12.598201 41.856476
12.597995 41.856578
12.597884 41.856668
12.597793 41.856739
12.597748 41.856826
12.597803 41.856895
12.597829 41.856984
12.597829 41.857022
12.597798 41.857097
12.597758 41.857157
12.597655 41.857227
12.597597 41.857247
12.597423 41.857266
12.597299 41.857238
12.597168 41.857154
12.597010 41.857159
12.596521 41.857326
12.596249 41.857402
12.596022 41.857471
12.595743 41.857553
12.595217 41.857745
12.594457 41.858018
12.594053 41.858175
12.593856 41.858241
12.593487 41.858325
12.593325 41.858346
12.592802 41.858474
12.592250 41.858619
12.592004 41.858677
12.591691 41.858741
12.591548 41.858736
12.591433 41.858764
12.591307 41.858516
12.591129 41.858103
12.590909 41.857591
12.590879 41.857522
12.590613 41.856877
12.590463 41.856482
12.590391 41.856269
12.590338 41.856126
12.590289 41.855967
12.590248 41.855795
12.590239 41.855760
12.590193 41.855645
12.590112 41.855472
12.590079 41.855395
12.590043 41.855320
12.589960 41.854999
12.589923 41.854847
12.589903 41.854698
12.589900 41.854676
12.589871 41.854410
12.589879 41.854210
12.589884 41.854079
12.589914 41.853921
12.589933 41.853818
12.589981 41.853585
12.589996 41.853510
12.590080 41.853057
12.590103 41.852930
12.589963 41.852874
12.589788 41.852851
12.589509 41.852815
12.589328 41.852792
12.589153 41.852772
12.589011 41.852756
12.588797 41.852741
12.588661 41.852721
12.588382 41.852685
12.588184 41.852643
12.587943 41.852591
12.586631 41.852427
12.586420 41.852401
12.586233 41.852396
12.586189 41.852414
12.586160 41.852427
12.586052 41.852426
12.585985 41.852397
12.585933 41.852334
12.585730 41.852314
12.584983 41.852215
12.584083 41.852098
12.583829 41.852065
12.583652 41.852063
12.583555 41.852065
12.583446 41.852103
12.583360 41.852178
12.583192 41.852315
12.583060 41.852409
12.582930 41.852470
12.582806 41.852496
12.582671 41.852507
12.582526 41.852470
12.582390 41.852405
12.582342 41.852366
12.582222 41.852348
12.582063 41.852342
12.581937 41.852393
12.581603 41.852810
12.581402 41.853108
12.580689 41.853977
12.580257 41.854502
12.579152 41.855843
12.579087 41.855934
12.579013 41.856032
12.578608 41.856456
12.578580 41.856474
12.578433 41.856575
12.578246 41.856642
12.578033 41.856690
12.577793 41.856710
12.577557 41.856681
12.577244 41.856620
12.576887 41.856546
12.576667 41.856501
12.576583 41.856483
12.575375 41.856249
12.574712 41.856101
12.574475 41.856074
12.574305 41.856084
12.573666 41.856214
12.572874 41.856387
12.572656 41.856396
12.572437 41.856398
12.572090 41.856342
12.571297 41.856170
12.571203 41.856147
12.570915 41.856087
12.570934 41.855971
12.570978 41.855625
12.570965 41.855348
12.570943 41.855018
12.570926 41.854776
12.570774 41.854235
12.570748 41.854141
12.570620 41.853837
12.570491 41.853562
12.570358 41.853361
12.570244 41.853225
12.570143 41.853092
12.569866 41.852792
12.569683 41.852624
12.569560 41.852514
12.569323 41.852293
12.569284 41.852259
12.569158 41.852162
12.568409 41.851546
12.567154 41.850562
12.566992 41.850459
12.565529 41.849399
12.563955 41.850573
12.563769 41.850717
12.562653 41.851523
12.561337 41.852510
12.560337 41.853213
12.559526 41.853727
12.559423 41.853793
12.559333 41.853853
12.558518 41.854363
12.558036 41.854690
12.557613 41.854938
12.557140 41.855188
12.556128 41.855741
12.555990 41.855827
12.554947 41.856397
12.554164 41.856822
12.554085 41.856861
12.553600 41.857122
12.553526 41.857140
12.553433 41.857140
12.553338 41.856794
12.553229 41.856425
12.553176 41.856246
12.553167 41.856217
12.553079 41.856008
12.552977 41.855853
12.552912 41.855728
12.552807 41.855524
12.552595 41.855313
12.552316 41.855106
12.552027 41.854912
12.551854 41.854805
12.550817 41.854373
12.550295 41.854164
12.550194 41.854134
12.550047 41.854107
12.549850 41.854106
12.549671 41.854104
12.549471 41.854075
12.549387 41.854042
12.549358 41.853998
12.549312 41.853906
12.549295 41.853771
12.549247 41.853380
12.549273 41.853161
12.549352 41.853054
12.549471 41.852939
12.549862 41.852689
12.550216 41.852487
12.550367 41.852347
12.550451 41.852182
12.550470 41.851999
12.550455 41.851804
12.550415 41.851174
12.550401 41.851128
12.550387 41.851107
12.550308 41.851013
12.550160 41.850910
12.549535 41.850628
12.549472 41.850609
12.549406 41.850601
12.549325 41.850616
12.549220 41.850652
12.548997 41.850778
12.548871 41.850837
12.548518 41.851121
12.548391 41.851225
12.547897 41.851652
12.546858 41.852550
12.546674 41.852684
12.546508 41.852798
12.546277 41.852911
12.546095 41.852987
12.545882 41.853058
12.544653 41.853488
12.544015 41.853716
12.543438 41.853935
12.542752 41.854194
12.542139 41.854435
12.541539 41.854672
12.541168 41.854788
12.540831 41.854897
12.540062 41.855133
12.539722 41.855245
12.539546 41.855303
12.539191 41.855431
12.538886 41.855571
12.538609 41.855724
12.538424 41.855844
12.538149 41.856041
12.537774 41.856366
12.537535 41.856605
12.537226 41.856906
12.536948 41.857189
12.536889 41.857251
12.536389 41.857759
12.536149 41.858024
12.535875 41.858331
12.535457 41.858830
12.535137 41.859219
12.534781 41.859733
12.534303 41.860420
12.534067 41.860751
12.533862 41.861007
12.533038 41.862221
12.532944 41.862357
12.532908 41.862420
12.532398 41.863151
12.532216 41.863453
12.531743 41.864569
12.531718 41.864628
12.531664 41.864747
12.531537 41.865028
12.531372 41.865421
12.531343 41.865498
12.531225 41.865746
12.530964 41.866363
12.530928 41.866448
12.530659 41.866398
12.530581 41.866377
12.529853 41.866201
12.529657 41.866126
12.529394 41.866020
12.529160 41.865889
12.528707 41.865589
12.527835 41.866104
12.527809 41.866119
12.527507 41.866297
12.527448 41.866335
12.528089 41.866912
12.527261 41.867422
12.526534 41.867853
12.526379 41.867935
12.525747 41.868295
12.525327 41.868552
12.524891 41.868920
12.524535 41.869183
12.524306 41.869336
12.523824 41.869682
12.523351 41.870026
12.523125 41.870201
12.522981 41.870315
12.522911 41.870389
12.522842 41.870466
12.522479 41.870932
12.522059 41.871407
12.521978 41.871486
12.521727 41.871693
12.521045 41.872227
12.520502 41.871991
12.520201 41.871823
12.519998 41.871652
12.519741 41.871457
12.519556 41.871329
12.519086 41.870972
12.518578 41.870352
12.518470 41.870219
12.518311 41.870267
12.518146 41.870268
12.518040 41.870248
12.517881 41.870207
12.517688 41.870128
12.517573 41.869973
12.517156 41.869032
12.517243 41.868952
12.517348 41.868895
12.517449 41.868830
12.517537 41.868792
12.517636 41.868753
12.517729 41.868747
12.517851 41.868750
12.517967 41.868732
12.518862 41.868574
12.519146 41.868509
12.519241 41.868487
12.519317 41.868456
12.519573 41.868350
12.519865 41.868198
12.520140 41.868074
