-58.391292 -34.609310
-58.391737 -34.609329
-58.391899 -34.609295
-58.392104 -34.609252
-58.393329 -34.609371
-58.394301 -34.609428
-58.394372 -34.609432
-58.394823 -34.609460
-58.396252 -34.609540
-58.397576 -34.609639
-58.398667 -34.609739
-58.399105 -34.609775
-58.399349 -34.609786
-58.400455 -34.609864
-58.400934 -34.609891
-58.401804 -34.609939
-58.402317 -34.609961
-58.402377 -34.609965
-58.403311 -34.610025
-58.404565 -34.610097
-58.405271 -34.610126
-58.405943 -34.610153
-58.406415 -34.610168
-58.406632 -34.610184
-58.406784 -34.610195
-58.406980 -34.610209
-58.407680 -34.610260
-58.408472 -34.610315
-58.408869 -34.610353
-58.410316 -34.610460
-58.411712 -34.610564
-58.413066 -34.610676
-58.414417 -34.610764
-58.415786 -34.610849
-58.417296 -34.610957
-58.418495 -34.611047
-58.419719 -34.611162
-58.421021 -34.611482
-58.422385 -34.612097
-58.423565 -34.612620
-58.424915 -34.613228
-58.426118 -34.613770
-58.427598 -34.614413
-58.428505 -34.614814
-58.429260 -34.615156
-58.430108 -34.615529
-58.430825 -34.615852
-58.431339 -34.616085
-58.431606 -34.616213
-58.432206 -34.616469
-58.432817 -34.616728
-58.433279 -34.616929
-58.434023 -34.617250
-58.434717 -34.617549
-58.435231 -34.617774
-58.436403 -34.618298
-58.437118 -34.618619
-58.437378 -34.618739
-58.437542 -34.618815
-58.437684 -34.618880
-58.438976 -34.619469
-58.439903 -34.619874
-58.440030 -34.619930
-58.440181 -34.619996
-58.440720 -34.618761
-58.441952 -34.619305
-58.443281 -34.619888
-58.443926 -34.620170
-58.444847 -34.620539
-58.445730 -34.620928
-58.446503 -34.621254
-58.447638 -34.621733
-58.448673 -34.622171
-58.449546 -34.622519
-58.449963 -34.622693
-58.450212 -34.622785
-58.451208 -34.623157
-58.453561 -34.624089
-58.454551 -34.624483
-58.456086 -34.625078
-58.457384 -34.625611
-58.458401 -34.626004
-58.459429 -34.626405
-58.460478 -34.626805
-58.461708 -34.627192
-58.463134 -34.627648
-58.464574 -34.628020
-58.466036 -34.628398
-58.467416 -34.628731
-58.467996 -34.628889
-58.468856 -34.629115
-58.470247 -34.629417
-58.471793 -34.629825
-58.471188 -34.631132
-58.472378 -34.631489
-58.473490 -34.631791
-58.474584 -34.632076
-58.475671 -34.632351
-58.476730 -34.632632
-58.477831 -34.632889
-58.478921 -34.633163
-58.479742 -34.633351
-58.479923 -34.633393
-58.480352 -34.633491
-58.480624 -34.633558
-58.480775 -34.633595
-58.481721 -34.633828
-58.482337 -34.633973
-58.483051 -34.633421
-58.483287 -34.633261
-58.484539 -34.633659
-58.485785 -34.633950
-58.487012 -34.634205
-58.488407 -34.634486
-58.488474 -34.634541
-58.488561 -34.634607
-58.489659 -34.634833
-58.491358 -34.635108
-58.492382 -34.635355
-58.493811 -34.635677
-58.493497 -34.637266
-58.493358 -34.637947
-58.493137 -34.639164
-58.494590 -34.639354
-58.496038 -34.639570
-58.497514 -34.639768
-58.498961 -34.639966
-58.500435 -34.640160
-58.501140 -34.640265
-58.501787 -34.639747
-58.502541 -34.639158
-58.502948 -34.638850
-58.503079 -34.638759
-58.504290 -34.638980
-58.505702 -34.639249
-58.507121 -34.639498
-58.508500 -34.639733
-58.509577 -34.639954
-58.509760 -34.640064
-58.511159 -34.640311
