2.970447 48.511367
2.970352 48.511249
2.970244 48.511072
2.968945 48.511010
2.969084 48.510335
2.969135 48.510070
2.968095 48.509852
2.967766 48.509669
2.967565 48.509460
2.967503 48.509328
2.967467 48.509239
2.967339 48.508905
2.967149 48.508464
2.967036 48.508308
2.965770 48.508085
2.964568 48.507655
2.964149 48.507580
2.961845 48.507686
2.957770 48.507832
2.957658 48.507838
2.956842 48.507404
2.956559 48.507426
2.956344 48.507055
2.956141 48.506981
2.951870 48.507331
2.950812 48.507394
2.950761 48.507397
2.950486 48.507316
2.949954 48.507050
2.948531 48.507165
2.948454 48.507083
2.946046 48.507948
2.945929 48.507989
2.946161 48.508462
2.945101 48.508695
2.943346 48.508980
2.942659 48.509146
2.940774 48.509600
2.940689 48.509623
2.939561 48.509926
2.939006 48.510157
2.939387 48.510722
2.939308 48.511949
2.947438 48.512562
2.947858 48.513909
2.957215 48.514505
2.957407 48.513156
2.957516 48.512483
2.958985 48.512587
2.962470 48.512814
2.965396 48.513012
2.965431 48.513015
2.966956 48.513156
2.967742 48.513162
2.967943 48.513159
2.967618 48.512735
2.967557 48.512651
2.967341 48.512381
2.967239 48.512074
2.967214 48.512002
2.967427 48.511469
2.968854 48.511539
2.968869 48.511097
2.968945 48.511010
2.970244 48.511072
2.970352 48.511249
2.970447 48.511367
