49.329954 53.539769
49.329605 53.538342
49.329527 53.538023
49.329474 53.537803
49.329043 53.537840
49.328546 53.537883
49.328380 53.537897
49.328546 53.537883
49.329043 53.537840
49.329474 53.537803
49.329318 53.537155
49.329211 53.536735
49.328868 53.536762
49.328778 53.536770
49.328136 53.536820
49.328019 53.536861
49.328054 53.537048
49.327465 53.537523
49.328054 53.537048
49.328019 53.536861
49.328136 53.536820
49.328778 53.536770
49.328868 53.536762
49.329211 53.536735
49.328870 53.535282
49.328761 53.534815
49.328739 53.534742
49.328494 53.533796
49.328456 53.533652
49.328413 53.533475
49.328159 53.532440
49.328118 53.532282
49.327729 53.530725
49.327610 53.530250
49.327481 53.529733
49.327458 53.529630
49.327441 53.529564
49.327268 53.528869
49.327081 53.528049
49.326813 53.527020
49.326553 53.525966
49.326469 53.525627
49.326429 53.525499
49.326348 53.525412
49.326227 53.525344
49.326096 53.525310
49.325787 53.525170
49.325601 53.525008
49.325501 53.524823
49.325489 53.524665
49.325544 53.524500
49.325517 53.524417
49.325480 53.524333
49.325369 53.524247
49.325062 53.524125
49.317200 53.520636
49.314383 53.519386
49.313131 53.518981
49.312462 53.518706
49.311419 53.518243
49.310935 53.518028
49.310769 53.517966
49.310600 53.517905
49.310414 53.517862
49.310292 53.517840
49.310119 53.517806
49.309799 53.517734
49.309430 53.517589
49.309116 53.517449
49.308891 53.517319
49.308747 53.517166
49.308709 53.516991
49.308745 53.516913
49.308728 53.516821
49.308718 53.516711
49.308686 53.516604
49.308633 53.516517
49.308465 53.516297
49.308258 53.516024
49.308175 53.515926
49.308119 53.515858
49.308090 53.515820
49.307673 53.515272
49.307617 53.515171
49.307153 53.514283
49.306276 53.513159
49.305939 53.512739
49.305845 53.512621
49.305371 53.512656
49.303579 53.512814
49.303417 53.512828
49.302387 53.512918
49.301518 53.512995
49.301434 53.513003
49.298851 53.513222
49.298653 53.513239
49.298470 53.513252
49.298051 53.513290
49.297025 53.513379
49.296797 53.513398
49.296048 53.513463
49.295938 53.513477
49.295498 53.513531
49.294807 53.513617
49.294739 53.513626
49.294394 53.513654
49.294327 53.513659
49.293937 53.513691
49.293697 53.513711
49.293395 53.513740
49.292735 53.513804
49.292614 53.513815
49.292304 53.513818
49.291947 53.513821
49.288051 53.514168
49.287000 53.514262
49.286311 53.514324
49.285257 53.514418
49.284895 53.514451
49.284289 53.514507
49.282896 53.514634
49.282781 53.514645
49.282084 53.514711
49.281729 53.514742
49.280581 53.514847
49.279450 53.514944
49.278798 53.515000
49.278429 53.515032
49.278040 53.515062
49.277549 53.515103
49.274292 53.515372
49.272855 53.515492
49.272399 53.515533
49.269049 53.515837
49.268168 53.515913
49.266996 53.516014
49.265850 53.516112
49.265972 53.516590
49.266130 53.517209
49.265311 53.517280
49.265440 53.517803
49.263278 53.517988
49.265440 53.517803
49.265311 53.517280
49.266130 53.517209
49.266961 53.520457
