37.296136 55.441812
37.295783 55.441634
37.295480 55.441414
37.295243 55.441275
37.294166 55.440254
37.293995 55.440144
37.293822 55.440011
37.293572 55.439940
37.293293 55.439878
37.293078 55.439846
37.292763 55.439810
37.292472 55.439758
37.294017 55.439605
37.294469 55.439504
37.295837 55.439048
37.297188 55.438936
37.299518 55.439129
37.300024 55.439040
37.301655 55.438036
37.302036 55.437943
37.303207 55.437756
37.304829 55.437439
37.305050 55.437391
37.305350 55.437391
37.306659 55.437464
37.312798 55.438032
37.313118 55.438145
37.313542 55.438510
37.314068 55.439180
37.314499 55.439346
37.315028 55.439458
37.316007 55.439663
37.316105 55.439692
37.316357 55.439814
37.316784 55.440021
37.317661 55.440226
37.317397 55.440549
37.317145 55.440764
37.316807 55.441048
37.316577 55.441249
37.316408 55.441472
37.316322 55.441614
37.316279 55.441714
37.316139 55.441760
37.315927 55.441760
37.315833 55.441728
37.315793 55.441684
37.315846 55.441621
37.315935 55.441545
37.316064 55.441472
37.316223 55.441391
37.316381 55.441350
37.316481 55.441284
37.316577 55.441249
37.316807 55.441048
37.317145 55.440764
37.317397 55.440549
37.317661 55.440226
37.316784 55.440021
37.316357 55.439814
37.316105 55.439692
37.316007 55.439663
37.315028 55.439458
37.314499 55.439346
37.314068 55.439180
37.313542 55.438510
37.313118 55.438145
37.312798 55.438032
37.306659 55.437464
37.305350 55.437391
37.305050 55.437391
37.304829 55.437439
37.303207 55.437756
37.302036 55.437943
37.301655 55.438036
37.300024 55.439040
37.299518 55.439129
37.297188 55.438936
37.295837 55.439048
37.294469 55.439504
37.294017 55.439605
37.292472 55.439758
37.290923 55.439988
37.290129 55.440090
37.288832 55.440256
37.288514 55.440265
37.288370 55.440073
37.287804 55.439450
37.287285 55.438980
37.287135 55.438844
37.286675 55.438428
37.284265 55.436280
37.284107 55.436139
37.281783 55.434354
37.278826 55.432150
37.277417 55.430930
37.276956 55.430497
37.276047 55.429645
37.275991 55.429593
37.276341 55.429453
37.276725 55.429251
37.276803 55.429308
37.276901 55.429379
37.277078 55.429303
37.277186 55.429248
37.277078 55.429303
37.276901 55.429379
37.276803 55.429308
37.276725 55.429251
37.276341 55.429453
37.275991 55.429593
37.276047 55.429645
37.276956 55.430497
37.277417 55.430930
37.278826 55.432150
37.281783 55.434354
37.284107 55.436139
37.284265 55.436280
37.286675 55.438428
37.287135 55.438844
37.287285 55.438980
37.287804 55.439450
37.288370 55.440073
37.288514 55.440265
37.288673 55.440545
37.288810 55.440838
37.289096 55.441800
37.290024 55.446180
37.290387 55.447976
37.290576 55.448869
37.290724 55.449782
37.291235 55.451132
37.291532 55.451681
37.292007 55.452453
37.292757 55.453609
37.293403 55.454568
37.293997 55.455488
37.294042 55.455567
37.294283 55.455928
37.294519 55.456266
37.295139 55.457193
37.295747 55.458126
37.296980 55.459984
37.299492 55.463872
37.299709 55.464195
37.299845 55.464421
37.300825 55.465828
37.301101 55.466280
37.301512 55.466728
37.302171 55.467280
37.302065 55.467329
37.301995 55.467349
37.301918 55.467359
37.301831 55.467363
37.301735 55.467359
37.301626 55.467341
37.301495 55.467312
37.301364 55.467276
37.300387 55.466954
37.297993 55.466141
37.297408 55.466030
37.296156 55.465847
37.295299 55.465722
37.295174 55.465703
37.294483 55.465603
37.294272 55.465624
37.294131 55.465662
37.294026 55.465718
37.293816 55.465635
37.293271 55.465428
37.292751 55.465317
37.291277 55.465011
37.290558 55.464898
37.289975 55.464806
37.289512 55.464739
37.283239 55.463965
37.282770 55.463986
37.282816 55.464079
37.282815 55.464142
37.282765 55.464234
37.282730 55.464262
37.282683 55.464300
37.282577 55.464347
37.282425 55.464380
37.282262 55.464383
37.282046 55.464336
37.281902 55.464247
37.281844 55.464158
37.281840 55.464072
37.281879 55.463993
37.281950 55.463929
37.282080 55.463867
37.282198 55.463839
37.282368 55.463830
37.282559 55.463862
37.282693 55.463921
37.282770 55.463986
37.283239 55.463965
37.289512 55.464739
37.289975 55.464806
37.290558 55.464898
37.291277 55.465011
37.292751 55.465317
37.293271 55.465428
37.293816 55.465635
37.294026 55.465718
37.293526 55.465959
37.293013 55.466177
37.292424 55.466455
37.292281 55.466598
37.292239 55.466701
37.292085 55.467129
37.291975 55.467440
37.291488 55.468879
37.290773 55.470752
37.290748 55.470815
37.290666 55.471032
37.291140 55.471401
37.291203 55.471451
37.291816 55.471934
37.292136 55.472186
37.293683 55.473415
37.294226 55.473864
37.294783 55.474325
37.295134 55.474615
37.295286 55.474750
37.295457 55.474893
37.296474 55.475735
37.297222 55.476369
37.299030 55.477863
37.299589 55.478325
37.299763 55.478484
37.300280 55.478957
37.300419 55.479106
37.300731 55.479442
37.301066 55.479843
37.301941 55.481063
37.302022 55.481177
37.303208 55.482863
37.303506 55.483185
37.303884 55.483451
37.304196 55.483598
37.304743 55.483812
37.305191 55.483947
37.305690 55.484035
37.306130 55.484089
37.306487 55.484134
37.306475 55.484243
37.306404 55.484483
37.306286 55.484802
37.306448 55.484858
37.308672 55.485643
37.308720 55.485710
37.308708 55.485818
37.308103 55.486336
37.307896 55.486514
37.307065 55.487228
37.306896 55.487082
37.306120 55.486978
37.305998 55.486985
37.305887 55.487212
37.304458 55.487065
