61.133049 55.416655
61.134211 55.416099
61.134882 55.415841
61.135085 55.415102
61.135374 55.414748
61.136294 55.414274
61.136968 55.413823
61.137158 55.413453
61.136986 55.413277
61.136568 55.412881
61.136291 55.412605
61.135994 55.412309
61.135083 55.411671
61.134011 55.411268
61.132327 55.410515
61.131766 55.410199
61.131137 55.409890
61.130454 55.409678
61.129725 55.409397
61.128783 55.408848
61.127080 55.408068
61.126245 55.407416
61.122381 55.405891
61.117101 55.403646
61.116157 55.403120
61.114869 55.402245
61.112029 55.400819
61.110805 55.400205
61.108065 55.399257
61.098848 55.396310
61.097591 55.395811
61.096789 55.395571
61.097764 55.395391
61.102342 55.394481
61.106229 55.393858
61.114667 55.392754
61.118259 55.392242
61.121591 55.391398
61.124820 55.389724
61.128116 55.387876
61.138785 55.382020
61.156748 55.372303
61.157933 55.371817
61.159340 55.371330
61.158826 55.371082
61.158328 55.370920
61.131216 55.364199
61.107102 55.357164
61.103310 55.355986
61.102794 55.355832
61.100597 55.354525
61.090541 55.348547
61.089728 55.348062
61.085258 55.346373
61.079508 55.341957
61.072542 55.336607
61.071956 55.335947
61.071511 55.334467
61.071223 55.333509
61.071086 55.332650
61.071120 55.328944
61.070999 55.328333
61.070051 55.326818
61.069722 55.326025
61.069610 55.325438
61.069677 55.325231
61.069844 55.325041
61.070233 55.324713
61.071725 55.323386
61.071751 55.323268
61.071751 55.323147
61.071705 55.323003
61.071043 55.322347
61.070994 55.322187
61.071099 55.320953
61.071087 55.320597
61.071001 55.320188
61.070661 55.318983
61.070501 55.318631
61.070450 55.318460
61.070427 55.318337
61.070468 55.318215
61.070529 55.318110
61.070635 55.318008
61.071126 55.317409
61.071960 55.316395
61.072403 55.315731
61.073236 55.314394
61.073458 55.314097
61.073734 55.313814
61.074044 55.313550
61.074992 55.312918
61.075354 55.312829
61.076182 55.312706
61.078105 55.312397
61.079314 55.312253
61.080517 55.312129
61.082111 55.311887
61.084002 55.311585
61.084584 55.311525
61.085408 55.311519
61.086106 55.311565
61.086986 55.311683
61.087558 55.311001
61.087856 55.310702
61.088190 55.310397
61.094125 55.306167
61.102794 55.302612
61.111704 55.299592
61.112620 55.299172
61.114115 55.298270
61.118648 55.294964
61.120154 55.293935
61.125318 55.290761
61.126268 55.290434
61.127115 55.290266
61.127802 55.290227
61.131794 55.290077
61.132278 55.290041
61.132734 55.289984
61.133308 55.289826
61.138880 55.287895
61.140257 55.287486
61.137426 55.284023
61.137107 55.283635
61.132112 55.277291
61.128832 55.273112
61.127124 55.270912
61.125453 55.268750
61.123981 55.266817
61.123761 55.266553
61.123231 55.265930
61.121138 55.263193
61.118443 55.259821
61.117697 55.258830
61.117296 55.258311
61.117018 55.257913
61.116764 55.257527
61.116311 55.256785
61.115802 55.255766
61.115436 55.254818
61.115356 55.254544
61.115173 55.253719
61.115094 55.253120
61.115062 55.252627
61.114949 55.246988
61.114914 55.236903
61.114925 55.236641
61.114942 55.235365
61.114944 55.235289
61.114967 55.233500
61.115035 55.229728
61.115181 55.228528
61.115400 55.227605
61.115730 55.226582
61.116041 55.225847
61.116555 55.224728
61.117056 55.223970
61.118658 55.221686
61.123767 55.214425
61.130409 55.204924
61.130806 55.204309
61.130870 55.204222
61.132119 55.202254
61.132373 55.201736
61.132561 55.201133
61.132681 55.200480
61.132706 55.199991
61.132708 55.199728
61.132665 55.199382
61.132661 55.199314
61.132570 55.199108
61.132481 55.198850
61.132419 55.198750
61.132303 55.198663
61.132189 55.198614
61.131996 55.198558
61.131816 55.198544
61.131642 55.198547
61.131497 55.198561
61.131359 55.198587
61.131186 55.198650
61.131052 55.198735
61.130827 55.198927
61.129778 55.199849
61.129713 55.199967
61.129729 55.200119
61.129794 55.200212
61.129921 55.200292
61.130042 55.200336
61.130186 55.200366
61.130450 55.200370
61.130688 55.200320
61.131630 55.199940
61.132113 55.199806
61.132234 55.199756
61.133117 55.199394
61.133421 55.199269
61.136361 55.198074
61.136630 55.197943
61.137613 55.197528
61.138443 55.197125
61.138977 55.196891
61.140100 55.196402
61.143096 55.195181
61.143549 55.195020
61.144666 55.194714
61.145770 55.194472
61.146453 55.194358
61.150377 55.193795
61.152405 55.193572
61.153593 55.193463
61.154866 55.193366
61.155332 55.193333
61.161693 55.192904
61.163312 55.192744
61.164935 55.192547
61.165622 55.192464
61.167392 55.192275
61.173207 55.191545
61.174487 55.191407
61.175350 55.191333
61.176048 55.191297
61.176972 55.191279
61.177801 55.191310
61.178922 55.191346
61.180265 55.191495
61.183658 55.191940
61.185433 55.192210
61.187847 55.192547
61.189156 55.192733
61.199432 55.194175
61.200923 55.194371
61.201611 55.194437
61.202518 55.194524
61.204434 55.194617
61.205919 55.194656
61.206806 55.194671
61.207896 55.194690
61.209630 55.194615
61.211213 55.194509
61.212715 55.194378
61.214073 55.194188
61.215383 55.193899
61.219180 55.192869
61.220156 55.192604
61.223155 55.191787
61.226715 55.190893
61.227318 55.190726
61.231340 55.189615
61.232899 55.189171
61.234091 55.188797
61.235283 55.188333
61.235945 55.188032
61.236734 55.187638
61.238237 55.186813
61.239003 55.186427
61.239836 55.186040
61.244576 55.183776
61.245011 55.183564
61.248162 55.182153
61.251900 55.180562
61.253433 55.179937
61.254760 55.179559
61.255236 55.179437
61.256175 55.179169
61.261978 55.177651
61.268392 55.176009
61.269050 55.175896
61.269761 55.175752
61.270594 55.175657
61.271715 55.175609
61.272795 55.175611
61.273699 55.175621
61.274429 55.175604
61.275466 55.175542
61.279365 55.175337
61.279610 55.175359
61.279764 55.175403
61.279868 55.175498
61.279986 55.176172
61.280113 55.176434
61.280316 55.176660
61.280723 55.177111
61.281202 55.177576
61.281831 55.177940
61.282672 55.178359
61.284249 55.178987
61.286105 55.179826
61.288064 55.180696
61.288868 55.181050
61.290539 55.181784
61.290762 55.181882
61.290986 55.181700
61.291027 55.181667
61.291179 55.181543
61.290515 55.181248
61.290805 55.181061
61.290942 55.181047
61.291345 55.180753
61.291398 55.180637
61.291677 55.180440
61.291826 55.180391
61.292353 55.180011
61.292315 55.179872
61.292587 55.179687
61.291424 55.179148
61.291622 55.179006
61.292485 55.178354
61.292017 55.178169
