44.007330 56.327701
44.007639 56.328037
44.007817 56.328220
44.008115 56.328566
44.008080 56.328607
44.008009 56.328638
44.007923 56.328632
44.007843 56.328613
44.006737 56.327523
44.006381 56.327260
44.006124 56.327085
44.006022 56.327017
44.005952 56.326973
44.005826 56.326901
44.006073 56.326738
44.006213 56.326619
44.006395 56.326471
44.006818 56.326102
44.006942 56.325998
44.007046 56.325915
44.007091 56.325882
44.007257 56.325748
44.007416 56.325623
44.008698 56.324514
44.008798 56.324429
44.008942 56.324307
44.009230 56.324044
44.009384 56.323906
44.009794 56.323552
44.009831 56.323520
44.009949 56.323419
44.010317 56.323103
44.010373 56.323051
44.010897 56.322585
44.010989 56.322509
44.011212 56.322309
44.011630 56.321935
44.012437 56.321213
44.012600 56.321059
44.012815 56.320895
44.013052 56.320685
44.013244 56.320517
44.013897 56.319941
44.013949 56.319897
44.014579 56.319361
44.015006 56.318979
44.015253 56.318746
44.015227 56.318615
44.015168 56.318501
44.014950 56.318390
44.014621 56.318256
44.014571 56.318241
44.014319 56.318145
44.014206 56.318046
44.014173 56.317934
44.014179 56.317841
44.014249 56.317651
44.014345 56.317534
44.015853 56.316106
44.015955 56.315998
44.016658 56.315292
44.016902 56.315048
44.017202 56.314747
44.017265 56.314683
44.017364 56.314581
44.017557 56.314380
44.017994 56.313927
44.018295 56.313618
44.018741 56.313154
44.018926 56.312955
44.019124 56.312750
44.019740 56.312113
44.019784 56.312069
44.020431 56.311413
44.020961 56.310835
44.021186 56.310590
44.021275 56.310491
44.021398 56.310361
44.021637 56.310109
44.021728 56.310014
44.021948 56.309783
44.022347 56.309362
44.023238 56.308425
44.023290 56.308370
44.023364 56.308292
44.023440 56.308214
44.023516 56.308135
44.023572 56.308078
44.023675 56.307972
44.023902 56.307740
44.024279 56.307353
44.024358 56.307272
44.024641 56.306982
44.025030 56.306615
44.026244 56.305473
44.026872 56.304882
44.027407 56.304398
44.027670 56.304164
44.027761 56.304076
44.028328 56.303556
44.028401 56.303498
44.028452 56.303457
44.028502 56.303408
44.028552 56.303359
44.028939 56.303001
44.029003 56.302939
44.029249 56.302728
44.029387 56.302595
44.029672 56.302351
44.030288 56.301763
44.030754 56.301339
44.031054 56.301065
44.031677 56.300483
44.031703 56.300461
44.031736 56.300432
44.031773 56.300395
44.031812 56.300356
44.031914 56.300242
44.032068 56.300020
44.032142 56.299907
44.032297 56.299643
44.032314 56.299615
44.032507 56.299259
44.032549 56.299182
44.032905 56.298414
44.033453 56.297174
44.033484 56.297103
44.033551 56.296950
44.033648 56.296694
44.033775 56.296397
44.033796 56.296348
44.033831 56.296268
44.033845 56.296233
44.033891 56.296126
44.033745 56.295987
44.033699 56.295950
44.033640 56.295907
44.033604 56.295880
44.033449 56.295768
44.033239 56.295739
44.032939 56.295698
44.031814 56.295540
44.031485 56.295492
44.031365 56.295475
44.031265 56.295461
44.031175 56.295449
44.028936 56.295144
44.028106 56.295031
44.027817 56.294990
44.027283 56.294915
44.026348 56.294784
44.026080 56.294748
44.025961 56.294731
44.025870 56.294719
44.025785 56.294708
44.025659 56.294690
44.025458 56.294664
44.025286 56.294641
44.025204 56.294630
44.025139 56.294622
44.024976 56.294600
44.024452 56.294529
44.023932 56.294457
44.022155 56.294211
44.022025 56.294194
44.021892 56.294176
44.021696 56.294148
44.021521 56.294123
44.021371 56.294102
44.021259 56.294088
44.021153 56.294074
44.020599 56.293994
44.019557 56.293851
44.018789 56.293746
44.018460 56.293699
44.018056 56.293641
44.016410 56.293418
44.015492 56.293295
44.015035 56.293231
44.014683 56.293183
44.014555 56.293166
44.014408 56.293146
44.014261 56.293126
44.013964 56.293087
44.013725 56.293054
44.013669 56.293047
44.013477 56.293021
44.013292 56.292996
44.013126 56.292974
44.013071 56.292966
44.012358 56.292864
44.011251 56.292706
44.010801 56.292645
44.010006 56.292535
44.009501 56.292465
44.009409 56.292453
44.009327 56.292442
44.009241 56.292431
44.009129 56.292416
44.009079 56.292410
44.008998 56.292399
44.008691 56.292359
44.008541 56.292340
44.008072 56.292275
44.006674 56.292084
44.005877 56.291974
44.004993 56.291851
44.004567 56.291794
44.004304 56.291759
44.004087 56.291730
44.003980 56.291716
44.003822 56.291695
44.003633 56.291669
44.003494 56.291651
44.003263 56.291619
44.002614 56.291532
44.001918 56.291438
44.001523 56.291386
44.000799 56.291290
44.000679 56.291274
44.000501 56.291251
44.000279 56.291219
43.999471 56.291103
43.998249 56.290939
43.997877 56.290893
43.997228 56.290802
43.996690 56.290728
43.996545 56.290709
43.995771 56.290595
43.995532 56.290573
43.995351 56.290578
43.995220 56.290589
43.994731 56.290632
43.994553 56.290647
43.994501 56.290652
43.993794 56.290712
43.993339 56.290753
43.992210 56.290855
43.991437 56.290927
43.991216 56.290947
43.990842 56.290983
43.990748 56.290992
43.990641 56.291002
43.990459 56.291019
43.990414 56.291024
43.989074 56.291142
43.988589 56.291186
43.988363 56.291208
43.987307 56.291298
43.985995 56.291414
43.985688 56.291441
43.984391 56.291556
43.984314 56.291564
43.984080 56.291586
43.983563 56.291635
43.983483 56.291643
43.983182 56.291671
43.982251 56.291754
43.982124 56.291766
43.981847 56.291789
43.981660 56.291260
43.981645 56.291060
43.981647 56.290910
43.981631 56.290860
43.981570 56.290655
43.981491 56.290376
43.981442 56.290167
43.981410 56.289975
43.981402 56.289781
43.981361 56.289203
43.981328 56.288738
43.981277 56.287873
43.981270 56.287757
43.981256 56.287525
43.981175 56.286146
43.981138 56.285767
43.981127 56.285628
43.981115 56.285522
43.981095 56.285396
43.981036 56.284920
43.980958 56.284452
43.980943 56.284349
43.980779 56.283400
43.980682 56.282529
43.980667 56.282415
43.980646 56.282254
43.980604 56.281961
43.980594 56.281894
43.980578 56.281784
43.980548 56.281572
43.980470 56.281138
43.980423 56.280834
43.980372 56.280534
43.980283 56.280277
43.980010 56.279705
43.979918 56.279534
43.979412 56.278544
43.979262 56.278252
43.979207 56.278152
43.978978 56.277735
43.977918 56.275789
43.977675 56.275344
43.977626 56.275254
43.977591 56.275191
43.977438 56.274918
43.976939 56.274024
43.976782 56.273757
43.976609 56.273379
43.976507 56.272957
43.976341 56.272049
43.976326 56.271963
43.976323 56.271943
43.976246 56.271493
43.976240 56.271462
43.976234 56.271428
43.976069 56.270508
43.975966 56.270060
43.975653 56.268853
43.975138 56.266997
43.975073 56.266785
43.975003 56.266529
43.974956 56.266365
43.973732 56.261872
43.973666 56.261628
43.973606 56.261454
43.973537 56.261251
43.973331 56.260841
43.972437 56.259449
43.972351 56.259286
43.972028 56.258677
43.971208 56.257058
43.970917 56.256657
43.970630 56.256174
43.970562 56.256052
43.970491 56.255960
43.970221 56.255637
43.970061 56.255347
43.969991 56.255159
43.969946 56.255036
43.969799 56.254346
43.969771 56.254253
43.969675 56.254092
43.969523 56.253782
43.969321 56.253410
43.969100 56.252965
43.968423 56.251565
43.968163 56.251044
43.967798 56.250309
43.967307 56.249261
43.967247 56.249136
43.967191 56.249021
43.967107 56.248847
43.967067 56.248765
43.966965 56.248551
43.966702 56.248009
43.966269 56.247113
43.965960 56.246494
43.965873 56.246336
43.965688 56.245958
43.965586 56.245736
43.965455 56.245446
43.965324 56.245159
43.965298 56.245102
43.964991 56.244473
43.964931 56.244343
43.964616 56.243666
43.964566 56.243558
43.964442 56.243320
43.963824 56.242185
43.963601 56.241866
43.963200 56.241418
43.962743 56.241052
43.962173 56.240665
43.961659 56.240368
43.961579 56.240324
