-3.538749 47.883428
-3.538962 47.883493
-3.539242 47.883477
-3.539308 47.883443
-3.539486 47.883353
-3.539802 47.883187
-3.540492 47.883077
-3.540936 47.883043
-3.541434 47.882964
-3.542277 47.883043
-3.542948 47.883197
-3.543464 47.883287
-3.543920 47.883496
-3.544221 47.883791
-3.544706 47.883863
-3.544880 47.884029
-3.544715 47.884105
-3.544680 47.884121
-3.544524 47.884337
-3.544473 47.884558
-3.544822 47.885160
-3.545075 47.885730
-3.545816 47.886636
-3.545903 47.887938
-3.546056 47.888362
-3.546180 47.888611
-3.546170 47.888694
-3.546121 47.888749
-3.545996 47.888791
-3.545852 47.888806
-3.545716 47.888798
-3.545549 47.888749
-3.545326 47.888581
-3.545185 47.888455
-3.545092 47.888371
-3.544834 47.887742
-3.544762 47.887727
-3.544715 47.887729
-3.544657 47.887760
-3.544658 47.887822
-3.544707 47.887924
-3.544746 47.888008
-3.544888 47.888198
-3.545092 47.888371
-3.545185 47.888455
-3.545326 47.888581
-3.545549 47.888749
-3.545716 47.888798
-3.545852 47.888806
-3.545996 47.888791
-3.546121 47.888749
-3.546170 47.888694
-3.546180 47.888611
-3.546056 47.888362
-3.545903 47.887938
-3.545816 47.886636
-3.545075 47.885730
-3.544822 47.885160
-3.544473 47.884558
-3.544524 47.884337
-3.544680 47.884121
-3.544715 47.884105
-3.544880 47.884029
-3.544706 47.883863
-3.544221 47.883791
-3.543920 47.883496
-3.543464 47.883287
-3.542948 47.883197
-3.542277 47.883043
-3.541434 47.882964
-3.540936 47.883043
-3.540492 47.883077
-3.539802 47.883187
-3.539486 47.883353
-3.539308 47.883443
-3.539242 47.883477
-3.538962 47.883493
-3.538749 47.883428
-3.538644 47.883313
-3.538630 47.882804
-3.538698 47.882062
-3.538823 47.881642
-3.539276 47.881137
-3.539915 47.880593
-3.540619 47.880113
-3.541526 47.879634
-3.542233 47.879372
-3.543219 47.879099
-3.544330 47.878886
-3.544639 47.878776
-3.544973 47.878670
-3.545156 47.878517
-3.545326 47.878161
-3.545521 47.877755
-3.545773 47.877150
-3.545878 47.876912
-3.545894 47.876852
-3.545957 47.876690
-3.546033 47.876478
-3.546149 47.876210
-3.546489 47.875756
-3.546577 47.875643
-3.546763 47.875367
-3.546850 47.875073
-3.546822 47.874829
-3.546836 47.874803
-3.546897 47.874694
-3.547043 47.874652
-3.547075 47.874674
-3.547112 47.874686
-3.547155 47.874691
-3.547194 47.874686
-3.547250 47.874662
-3.547278 47.874633
-3.547286 47.874601
-3.547264 47.874552
-3.547210 47.874521
-3.547285 47.874359
-3.547315 47.874296
-3.547310 47.874087
-3.547298 47.873597
-3.547194 47.873315
-3.547059 47.873083
-3.546840 47.872660
-3.546721 47.872512
-3.546641 47.872401
-3.546671 47.872392
-3.546689 47.872371
-3.546685 47.872353
-3.546662 47.872335
-3.546634 47.872329
-3.546615 47.872332
-3.546553 47.872284
-3.546499 47.872242
-3.546200 47.872057
-3.545865 47.871715
-3.545637 47.871452
-3.545651 47.871443
-3.545662 47.871423
-3.545654 47.871400
-3.545630 47.871386
-3.545604 47.871382
-3.545573 47.871388
-3.545540 47.871185
-3.545526 47.871010
-3.545600 47.870680
-3.545604 47.870570
-3.545597 47.870280
-3.545559 47.870141
-3.545527 47.870024
-3.545446 47.869873
-3.545320 47.869639
-3.545168 47.869388
-3.544814 47.868801
-3.544692 47.868693
-3.544570 47.868584
-3.544244 47.868298
-3.543933 47.868055
-3.543837 47.867955
-3.543722 47.867738
-3.543660 47.867574
-3.543657 47.867312
-3.543678 47.867075
-3.543886 47.866879
-3.544050 47.866729
-3.544433 47.866389
-3.544592 47.866107
-3.544737 47.865870
-3.544884 47.865730
-3.544973 47.865676
-3.545132 47.865622
-3.545346 47.865603
-3.545584 47.865613
-3.545914 47.865683
-3.546393 47.865862
-3.546815 47.866038
-3.546918 47.866081
-3.547289 47.866279
-3.547811 47.866598
-3.548055 47.866727
-3.548437 47.866884
-3.548623 47.867031
-3.548810 47.867283
-3.548856 47.867314
-3.548921 47.867357
-3.549210 47.867475
-3.549683 47.867656
-3.550181 47.867786
-3.550831 47.867999
-3.551093 47.868076
-3.551387 47.868126
-3.551588 47.868138
-3.551802 47.868150
-3.552020 47.868154
-3.552147 47.868156
-3.552283 47.868212
-3.552980 47.867939
-3.553160 47.867869
-3.553919 47.867496
-3.553962 47.867486
-3.553972 47.867472
-3.553981 47.867458
-3.553965 47.867429
-3.554545 47.867142
-3.554800 47.866986
-3.555050 47.866709
-3.555527 47.866042
-3.555697 47.865876
-3.555773 47.865908
-3.555861 47.865921
-3.555952 47.865912
-3.556030 47.865883
-3.556088 47.865838
-3.556118 47.865786
-3.556122 47.865727
-3.556089 47.865664
-3.556341 47.865609
-3.557081 47.865383
-3.557308 47.865314
-3.557965 47.865048
-3.558341 47.864827
-3.558690 47.864619
-3.559049 47.864289
-3.559292 47.863993
-3.560119 47.862938
-3.560367 47.862640
-3.560664 47.862324
-3.560992 47.861974
-3.561381 47.861572
-3.562116 47.860997
-3.562861 47.860363
-3.563850 47.859709
-3.564058 47.859559
-3.564127 47.859591
-3.564206 47.859611
-3.564303 47.859617
-3.564400 47.859604
-3.564483 47.859575
-3.564554 47.859530
-3.564598 47.859483
-3.564622 47.859431
-3.564628 47.859376
-3.564601 47.859298
-3.564531 47.859227
-3.564459 47.859180
-3.564642 47.859054
-3.565122 47.858637
-3.565320 47.858350
-3.565468 47.858007
-3.565552 47.857825
-3.565829 47.857421
-3.566510 47.856741
-3.567687 47.855772
-3.568492 47.855113
-3.568683 47.854937
-3.568865 47.854766
-3.569009 47.854644
-3.569228 47.854336
-3.569420 47.854099
-3.569633 47.853674
-3.571249 47.850800
-3.571521 47.850477
-3.572283 47.849731
-3.572710 47.849314
-3.573339 47.848800
-3.573800 47.848484
-3.574273 47.848188
-3.575160 47.847722
-3.575801 47.847293
-3.576274 47.846915
-3.576659 47.846488
-3.576770 47.846304
-3.578786 47.843804
-3.579797 47.842816
-3.580532 47.842357
-3.580788 47.842157
-3.580945 47.842044
-3.581077 47.841914
-3.581172 47.841742
-3.581207 47.841745
-3.581239 47.841744
-3.581300 47.841732
-3.581335 47.841718
-3.581384 47.841681
-3.581399 47.841661
-3.581613 47.841631
-3.581799 47.841554
-3.581927 47.841452
-3.581979 47.841330
-3.582169 47.841034
-3.582262 47.840967
-3.583009 47.840427
-3.583324 47.840200
-3.584043 47.839863
-3.585900 47.839189
-3.586731 47.838810
-3.587144 47.838622
-3.588134 47.838170
-3.589865 47.837690
-3.590381 47.837395
-3.590542 47.837303
-3.591137 47.836835
-3.591582 47.836487
-3.592023 47.836140
-3.593629 47.834710
-3.594856 47.833616
-3.595954 47.832638
-3.596012 47.832586
-3.596023 47.832576
-3.596048 47.832548
-3.597179 47.831466
-3.598221 47.830666
-3.599663 47.829841
-3.607797 47.825435
-3.607812 47.825427
-3.608872 47.824856
-3.609173 47.824694
-3.609308 47.824618
-3.613726 47.822134
-3.613958 47.822004
-3.613998 47.822024
-3.614039 47.822031
-3.614080 47.822028
-3.614114 47.822018
-3.614135 47.822006
-3.614151 47.821992
-3.614161 47.821978
-3.614168 47.821956
-3.614165 47.821932
-3.614158 47.821917
-3.614143 47.821901
-3.614771 47.821573
-3.616486 47.820369
-3.617130 47.819927
-3.617807 47.819461
-3.618516 47.818952
-3.619094 47.818538
-3.619288 47.818416
-3.619917 47.818021
-3.621104 47.817315
-3.621372 47.817159
-3.624781 47.815176
-3.625053 47.814975
-3.625599 47.814762
-3.625062 47.814719
-3.624430 47.814670
-3.623934 47.814655
-3.623168 47.814460
-3.623164 47.814204
-3.623224 47.814074
-3.623516 47.813788
-3.624122 47.813405
-3.624961 47.813043
-3.625370 47.812846
-3.626230 47.812395
-3.626637 47.812765
-3.626861 47.813021
-3.626940 47.813119
-3.627057 47.813258
-3.627459 47.813096
-3.627618 47.813028
-3.627953 47.812875
-3.628212 47.812754
-3.628645 47.812564
-3.628827 47.812488
-3.628677 47.812210
-3.628370 47.811597
-3.628238 47.811346
-3.628199 47.811272
-3.628237 47.811259
-3.628727 47.811150
-3.629104 47.811066
-3.629489 47.810980
-3.629455 47.810938
-3.629369 47.810827
-3.629529 47.810778
-3.629092 47.810232
