11.967188 56.006973
11.967545 56.005783
11.967536 56.005683
11.965359 56.006613
11.965313 56.006714
11.964693 56.008795
11.966209 56.008915
11.966267 56.008920
11.966827 56.007285
11.966267 56.008920
11.967543 56.009057
11.968112 56.009112
11.968832 56.009163
11.969100 56.009025
11.969809 56.008722
11.969972 56.008696
11.969826 56.008488
11.969564 56.008111
11.969079 56.008067
11.968504 56.008080
11.967886 56.008001
11.968504 56.008080
11.969079 56.008067
11.969564 56.008111
11.969281 56.007676
11.969014 56.007275
11.968815 56.006959
11.968185 56.007074
11.968815 56.006959
11.968702 56.006785
11.970372 56.007258
11.971181 56.007477
11.971853 56.007816
11.972613 56.008627
11.973051 56.009136
11.973186 56.009344
11.974362 56.008926
11.973309 56.007598
11.974362 56.008926
11.976606 56.008107
11.977264 56.007863
11.977352 56.007827
11.977833 56.007626
11.977556 56.007379
11.976161 56.007031
11.974469 56.006521
11.977616 56.005536
11.976536 56.004404
11.976005 56.004488
11.975035 56.004595
11.975155 56.004931
11.975405 56.005161
11.975074 56.005265
11.975405 56.005161
11.975795 56.005045
11.975405 56.005161
11.975155 56.004931
11.975035 56.004595
11.973579 56.004684
11.973931 56.006066
11.973841 56.006188
11.973678 56.006282
11.969668 56.005087
11.968769 56.005227
11.968183 56.004436
11.968641 56.004574
11.968731 56.004552
11.969360 56.004099
11.969380 56.003963
11.968894 56.003761
11.968580 56.003627
11.968507 56.003567
11.968493 56.003491
11.968509 56.003454
11.969041 56.003062
11.969637 56.002678
11.969728 56.002607
11.969762 56.002526
11.969728 56.002447
11.969663 56.002418
11.969518 56.002400
11.967722 56.002223
11.967395 56.003197
11.966198 56.002944
11.967395 56.003197
11.967302 56.003400
11.967153 56.003649
11.966406 56.004899
11.966308 56.005062
11.965359 56.006613
11.965313 56.006714
11.964693 56.008795
11.964494 56.009400
11.964331 56.010013
11.964269 56.010211
11.964204 56.010413
11.964166 56.010629
11.963972 56.011373
11.963940 56.011512
11.963921 56.011756
11.963936 56.011864
11.963949 56.012024
11.963985 56.012284
11.963949 56.012024
11.963936 56.011864
11.963921 56.011756
11.963940 56.011512
11.963972 56.011373
11.964166 56.010629
