60.643070 56.792264
60.643665 56.791696
60.643967 56.791394
60.644509 56.790827
60.645590 56.789679
60.647475 56.787585
60.647808 56.787261
60.647933 56.787153
60.647968 56.787119
60.648255 56.786844
60.648494 56.786616
60.649064 56.786118
60.649687 56.785666
60.650077 56.785384
60.652034 56.783966
60.652089 56.783926
60.652149 56.783882
60.653295 56.783055
60.653599 56.782835
60.653813 56.782680
60.653870 56.782639
60.654546 56.782122
60.655469 56.781463
60.655659 56.781507
60.655748 56.781518
60.656565 56.781620
60.658971 56.781919
60.659498 56.782015
60.660418 56.782178
60.661140 56.782350
60.661558 56.782450
60.662128 56.782502
60.663491 56.782654
60.664119 56.782798
60.664405 56.782941
60.665703 56.783451
60.666072 56.783649
60.666607 56.783792
60.667590 56.784116
60.667724 56.784160
60.667839 56.784198
60.668903 56.784538
60.670409 56.784980
60.673278 56.785899
60.673471 56.785955
60.676306 56.786782
60.676187 56.787025
60.675894 56.787683
60.675711 56.788084
60.675644 56.788257
60.675664 56.788377
60.675757 56.788502
60.675829 56.788567
60.675960 56.788683
60.676229 56.788606
60.678818 56.787863
60.679427 56.787695
60.682206 56.786934
60.684421 56.786313
60.685786 56.785951
60.687717 56.785391
60.690936 56.784493
60.693631 56.783741
60.695090 56.783332
60.695708 56.783154
60.697579 56.782617
60.699602 56.782046
60.701816 56.781412
60.703576 56.780876
60.704348 56.780622
60.705155 56.780374
60.706668 56.779787
60.708127 56.779117
60.709565 56.778429
60.711142 56.777541
60.712017 56.777053
60.713226 56.776372
60.714522 56.775672
60.715904 56.775003
60.717205 56.774451
60.717996 56.774139
60.718812 56.773835
60.720074 56.773380
60.721062 56.773044
60.722095 56.772707
60.722984 56.772442
60.723793 56.772189
60.725318 56.771717
60.726611 56.771324
60.728520 56.770723
60.729747 56.770334
60.731275 56.769814
60.733357 56.769105
60.735142 56.768484
60.736258 56.768094
60.737906 56.767544
60.741051 56.766565
60.743896 56.765657
60.745570 56.765131
60.746884 56.764727
60.748616 56.764260
60.749579 56.764011
60.750813 56.763719
60.752624 56.763335
60.754347 56.763002
60.755701 56.762773
60.757069 56.762554
60.758853 56.762330
60.760835 56.762107
60.764162 56.761829
60.765968 56.761678
60.768272 56.761498
60.770772 56.761294
60.772658 56.761172
60.774479 56.761133
60.776257 56.761130
60.778038 56.761179
60.780736 56.761340
60.783161 56.761593
60.784180 56.761656
60.785532 56.761776
60.787238 56.761817
60.787699 56.761799
60.789845 56.761664
60.791487 56.761464
60.793203 56.761105
60.794845 56.760682
60.796201 56.760214
60.797267 56.759769
60.797985 56.759410
60.798684 56.759021
60.798978 56.758830
60.799508 56.758424
60.799932 56.758085
60.800238 56.757779
60.800308 56.757694
60.801097 56.756753
60.801175 56.756490
60.801164 56.756289
60.801121 56.756138
60.801012 56.756015
60.800837 56.755873
60.800608 56.755753
60.800300 56.755667
60.799931 56.755621
60.799661 56.755620
60.799372 56.755641
60.799125 56.755678
60.798916 56.755735
60.798700 56.755811
60.798499 56.755926
60.798277 56.756146
60.798218 56.756302
60.798212 56.756471
60.798246 56.756624
60.798394 56.756843
60.798587 56.757018
60.798808 56.757185
60.799647 56.757724
60.801237 56.758732
60.802478 56.757814
60.803179 56.757295
60.803299 56.757188
60.803391 56.757093
60.803449 56.756991
60.803465 56.756894
60.803451 56.756805
60.803389 56.756683
60.803227 56.756556
60.803018 56.756456
60.802873 56.756411
60.802699 56.756368
60.802445 56.756350
60.802259 56.756363
60.802093 56.756391
60.801866 56.756469
60.801647 56.756594
60.801398 56.756819
60.801013 56.757314
60.800554 56.757787
60.800468 56.757876
60.800144 56.758184
60.799715 56.758515
60.799201 56.758905
60.798898 56.759101
60.798040 56.759576
60.797353 56.759910
60.796392 56.760334
60.794995 56.760829
60.794459 56.760988
60.793032 56.761352
60.791834 56.761552
60.790575 56.761770
60.789611 56.761867
60.787776 56.761990
60.787852 56.762301
60.788058 56.763053
60.789168 56.767112
60.789397 56.767916
60.789871 56.769583
60.789940 56.769854
60.790495 56.771818
60.789119 56.772025
60.788401 56.772113
60.787814 56.772159
60.787294 56.772173
60.786764 56.772183
60.784881 56.772184
60.784440 56.772220
60.784026 56.772326
60.786020 56.774391
60.787980 56.776454
60.789586 56.778113
60.790938 56.779527
60.791588 56.780207
60.791864 56.780499
60.792253 56.780910
60.792757 56.781506
60.793260 56.782135
60.793682 56.782744
60.794130 56.783450
60.794446 56.784032
60.794841 56.784848
60.795112 56.785505
60.795393 56.786453
60.795543 56.787177
60.795627 56.788017
60.795664 56.788807
60.795654 56.789477
60.795605 56.790132
60.795552 56.790466
60.795482 56.790899
60.795407 56.791196
60.795088 56.792142
60.794997 56.792388
60.794768 56.793011
60.794514 56.793559
60.793770 56.794926
60.793503 56.795397
60.793166 56.795994
60.792828 56.796591
60.792304 56.797568
60.792134 56.797894
60.791956 56.798237
60.791719 56.798694
60.791310 56.799554
60.791046 56.800214
60.790795 56.800921
60.790620 56.801526
60.790477 56.802254
60.790328 56.802988
60.790235 56.803670
60.790213 56.803868
60.790308 56.804091
60.790377 56.804310
60.790537 56.804451
60.790687 56.804520
60.790947 56.804594
60.791208 56.804646
60.791554 56.804671
60.791817 56.804668
60.792127 56.804621
60.792418 56.804541
60.792713 56.804398
60.792929 56.804203
60.793022 56.804055
60.793068 56.803908
60.793067 56.803762
60.793021 56.803647
60.792924 56.803526
60.792769 56.803409
60.792543 56.803312
60.792238 56.803247
60.791755 56.803238
60.790998 56.803332
60.788438 56.803903
60.787041 56.804215
60.784729 56.804765
60.780438 56.805761
60.776651 56.806639
60.773787 56.807321
60.771394 56.807890
60.768680 56.808531
60.767630 56.808775
60.766751 56.808976
60.765421 56.809281
60.762226 56.810040
60.759988 56.810570
60.759040 56.810795
60.756240 56.811461
60.753869 56.812019
60.750462 56.812815
60.747614 56.813487
60.745108 56.814072
60.743170 56.814557
60.741027 56.815060
60.739297 56.815469
60.736213 56.816193
60.732962 56.816953
60.730207 56.817565
60.728387 56.818007
60.727117 56.818315
60.724044 56.819033
60.720179 56.819940
60.716717 56.820741
60.715454 56.821038
60.713855 56.821401
60.711805 56.821842
60.709546 56.822270
60.708109 56.822507
60.705877 56.822820
60.705601 56.822854
60.703822 56.823058
60.703299 56.823111
60.702227 56.823222
60.700040 56.823466
60.698500 56.823681
60.697873 56.823764
60.696660 56.823957
60.696154 56.824044
60.695337 56.824186
60.693705 56.824503
60.693090 56.824633
60.691674 56.824947
60.690574 56.825209
60.689510 56.825494
60.687408 56.826124
60.682711 56.827617
60.682455 56.827701
60.680012 56.828459
60.678081 56.829088
60.676952 56.829446
60.674522 56.830245
60.673880 56.830492
60.673172 56.830812
60.672655 56.831104
60.671971 56.831579
60.671526 56.831953
60.671156 56.832306
60.670918 56.832580
60.670692 56.832870
60.670548 56.833097
60.670350 56.833477
60.670074 56.834327
60.669559 56.836008
60.669267 56.836845
60.669070 56.837407
60.669039 56.837547
60.668778 56.838712
60.668778 56.839111
60.668801 56.839242
60.668959 56.839844
60.669021 56.840416
60.669055 56.840691
60.669097 56.841224
60.669140 56.841676
60.669166 56.842183
60.669055 56.843284
60.669044 56.843404
60.669006 56.843739
60.668804 56.844501
60.668819 56.845522
60.668796 56.846758
60.668869 56.847296
60.668898 56.847509
60.669039 56.847834
60.669225 56.848270
60.669535 56.848835
60.669608 56.848938
60.669964 56.849437
60.670512 56.850171
60.670650 56.850361
60.671123 56.851014
60.671749 56.851878
60.671774 56.851912
60.672341 56.852681
60.672462 56.852789
60.672683 56.852928
60.672958 56.853044
60.673090 56.853084
60.673266 56.853150
60.673396 56.853221
60.673482 56.853312
60.673510 56.853420
60.673512 56.853678
60.673467 56.853940
60.673391 56.854417
60.673396 56.854521
60.673533 56.855774
60.673757 56.857464
60.673911 56.858740
60.674065 56.859298
60.674254 56.859866
60.674526 56.860265
60.675254 56.860983
60.675684 56.861454
60.676228 56.862057
60.676417 56.862513
60.676540 56.863030
60.676379 56.863968
60.676305 56.864201
60.676193 56.864652
60.676000 56.864964
60.675791 56.865205
60.675086 56.865948
60.674961 56.866112
60.674875 56.866294
60.674863 56.866433
60.674916 56.866779
60.674889 56.866935
60.674839 56.867052
60.674755 56.867241
60.674684 56.867441
60.674661 56.867621
60.674688 56.867773
60.674754 56.867902
60.674844 56.868021
60.675011 56.868125
60.675231 56.868243
60.675550 56.868389
60.676417 56.868786
60.677129 56.869089
60.677565 56.869263
60.678332 56.869568
60.678581 56.869638
60.678800 56.869581
60.678902 56.869508
60.678951 56.869422
60.678953 56.869307
60.678197 56.868970
60.676999 56.868426
60.674850 56.867414
60.673393 56.866724
60.668447 56.864389
60.667026 56.863717
60.665781 56.863121
60.664613 56.862566
60.664497 56.862645
60.664256 56.862809
60.664218 56.862835
60.664086 56.862926
60.663828 56.863092
60.663683 56.863185
60.663511 56.863296
60.663020 56.863604
60.662844 56.863721
60.662582 56.863895
60.662441 56.863988
60.660069 56.865444
60.659110 56.865799
60.657347 56.866443
60.656181 56.866869
60.653549 56.867830
60.653154 56.867975
60.653014 56.868026
60.652760 56.868120
60.652565 56.868191
60.652683 56.867081
60.652725 56.866730
60.652744 56.866558
60.652783 56.866247
60.652916 56.865256
60.652927 56.865156
60.652710 56.865180
60.652266 56.865229
60.651665 56.865294
60.650613 56.865409
60.650361 56.865436
60.649823 56.865495
60.649340 56.865548
60.648644 56.865625
60.647218 56.865778
60.645636 56.865954
60.644923 56.866032
60.643722 56.866171
60.642983 56.866264
60.642733 56.866287
60.642477 56.866311
60.641809 56.866374
60.641608 56.866389
60.641434 56.866404
60.639758 56.866548
60.637280 56.866721
60.636721 56.866767
60.636659 56.866772
60.636136 56.866815
60.634070 56.866984
60.633836 56.867003
60.633819 56.866939
60.633734 56.866610
60.633437 56.865456
60.633129 56.864216
60.633115 56.864161
60.633297 56.864137
60.633419 56.864125
60.633433 56.863942
60.633505 56.863937
60.634046 56.863898
