13.634430 42.645815
13.634248 42.645742
13.634077 42.645742
13.633701 42.645545
13.633572 42.645529
13.633465 42.645632
13.633358 42.646105
13.633540 42.646658
13.633507 42.646778
13.633292 42.646857
13.633100 42.646784
13.633047 42.646689
13.633057 42.645711
13.633025 42.645600
13.632907 42.645529
13.632789 42.645569
13.632757 42.645711
13.632714 42.645940
13.632585 42.646224
13.632129 42.646824
13.632253 42.646973
13.632542 42.647171
13.632843 42.647415
13.633100 42.647786
13.633126 42.647823
13.633325 42.648102
13.633744 42.648512
13.634130 42.648710
13.635192 42.649151
13.636018 42.650201
13.636549 42.650640
13.636610 42.650697
13.637028 42.651104
13.637210 42.651138
13.637432 42.651123
13.637917 42.651006
13.638829 42.650359
13.639044 42.650335
13.639312 42.650461
13.639580 42.650540
13.639935 42.650534
13.640243 42.650583
13.640374 42.650726
13.640460 42.650888
13.640498 42.651098
13.640612 42.651310
13.640889 42.651416
13.641093 42.651535
13.641275 42.651803
13.641364 42.652088
13.641537 42.652225
13.641705 42.652308
13.641964 42.652363
13.642134 42.652458
13.642473 42.652703
13.642683 42.652783
13.642905 42.652830
13.643092 42.652818
13.643288 42.652790
13.643456 42.652727
13.643592 42.652594
13.643673 42.652469
13.643729 42.652196
13.643791 42.652012
13.643929 42.651888
13.643980 42.651862
13.644052 42.651825
13.644301 42.651716
13.644362 42.651637
13.644380 42.651580
13.644387 42.651559
13.644396 42.651344
13.644436 42.651262
13.644494 42.651195
13.644540 42.651168
13.644634 42.651153
13.644718 42.651170
13.645322 42.651415
13.645458 42.651445
13.645622 42.651454
13.645753 42.651430
13.645898 42.651362
13.645945 42.651292
13.645966 42.651214
13.645962 42.651078
13.645927 42.650846
13.645849 42.650664
13.645309 42.649941
13.645075 42.648971
13.645061 42.648796
13.645083 42.648670
13.645254 42.648522
13.645460 42.648378
13.645643 42.648198
13.645717 42.648092
13.645767 42.647977
13.645867 42.647873
13.645941 42.647835
13.646052 42.647806
13.646144 42.647809
13.646256 42.647841
13.646360 42.647904
13.646443 42.648036
13.646500 42.648167
13.646527 42.648238
13.646596 42.648460
13.646701 42.648708
13.647058 42.649088
13.647713 42.649743
13.648485 42.650990
13.648550 42.651377
13.648513 42.651574
13.648464 42.651779
13.648497 42.651874
13.648563 42.651948
13.648762 42.652070
13.648949 42.652144
13.649134 42.652234
13.649288 42.652353
13.649396 42.652485
13.649495 42.652678
13.649597 42.653027
13.649713 42.653233
13.649867 42.653416
13.650216 42.653666
13.650470 42.653847
13.650532 42.653876
13.651242 42.654218
13.651370 42.654351
13.651486 42.654497
13.651792 42.655043
13.651847 42.655097
13.652251 42.655333
13.652572 42.655591
13.652862 42.655988
13.653038 42.656075
13.653173 42.656091
13.653375 42.656266
13.653660 42.656437
13.653828 42.656517
13.653912 42.656546
13.654117 42.656620
13.654427 42.656721
13.654670 42.656782
13.654788 42.656813
13.655191 42.656914
13.655663 42.657036
13.655963 42.657117
13.656061 42.657147
13.656126 42.657171
13.656241 42.657217
13.656340 42.657298
13.656420 42.657418
13.656450 42.657584
13.656467 42.657728
13.656465 42.657799
13.656404 42.657960
13.656306 42.658068
13.656163 42.658211
13.656171 42.658217
13.656208 42.658249
13.656255 42.658259
13.656339 42.658255
13.656899 42.658123
13.656920 42.658118
13.658219 42.657829
13.658394 42.657737
13.658585 42.657602
13.658756 42.657452
13.659012 42.657243
13.659141 42.657140
13.659274 42.657049
13.659405 42.656978
13.659589 42.656934
13.659792 42.656901
13.660126 42.656858
13.660408 42.656878
13.660569 42.656922
13.660677 42.656951
13.660939 42.657126
13.661182 42.657329
13.661303 42.657404
13.661437 42.657471
13.661581 42.657519
13.661728 42.657554
13.661915 42.657564
13.662099 42.657557
13.662298 42.657526
13.662496 42.657475
13.662587 42.657439
13.662891 42.657312
13.662939 42.657293
13.663587 42.657044
13.663701 42.657014
13.664411 42.656913
13.664986 42.656837
13.665149 42.656820
13.665173 42.656818
13.665366 42.656798
13.665726 42.656760
13.665896 42.656714
13.666023 42.656657
13.666098 42.656579
13.666145 42.656483
13.666153 42.655622
13.665911 42.653701
13.665863 42.653429
13.665778 42.653266
13.665649 42.653126
13.664507 42.652370
13.664404 42.652237
13.664357 42.652088
13.664499 42.651943
13.664675 42.651870
13.664847 42.651864
13.665078 42.651961
13.665580 42.652235
13.665872 42.652311
13.666175 42.652342
13.666385 42.652344
13.666505 42.652345
13.666749 42.652319
13.667100 42.652262
13.667334 42.652181
13.667496 42.652086
13.667546 42.652024
13.667613 42.651940
13.667734 42.651743
13.667823 42.651533
13.667961 42.651209
13.668042 42.651007
13.668080 42.650735
13.668098 42.650570
13.668128 42.649961
13.668067 42.649490
13.667960 42.649286
13.667913 42.649122
13.667944 42.648998
13.668053 42.648850
13.668303 42.648803
13.668646 42.648780
13.669004 42.648678
13.669246 42.648515
13.669347 42.648289
13.669514 42.647742
13.669627 42.647370
13.669612 42.647175
13.669542 42.647019
13.668856 42.646497
13.668739 42.646318
13.668724 42.646154
13.668848 42.645944
13.668973 42.645874
13.669183 42.645858
13.669433 42.645928
13.669462 42.645942
13.669775 42.646084
13.669994 42.646123
13.670274 42.646107
13.670414 42.646076
13.670554 42.646029
13.670718 42.646006
13.670913 42.646014
13.671131 42.646061
13.671409 42.646200
13.671552 42.646271
13.671988 42.646598
13.672284 42.646925
13.672613 42.647321
13.672746 42.647635
13.672922 42.647884
13.673409 42.648190
13.674288 42.648597
13.674359 42.648630
13.674850 42.648868
13.675190 42.649146
13.675278 42.649211
13.675603 42.649450
13.676476 42.650120
13.676834 42.650268
13.677084 42.650229
13.677247 42.650159
13.677348 42.650011
13.677387 42.649800
13.677029 42.649426
13.676749 42.649068
13.676499 42.648717
13.676470 42.648497
13.676450 42.648347
13.676456 42.648229
13.676501 42.648136
13.676519 42.648100
13.676549 42.648037
13.676772 42.647815
13.676973 42.647675
13.677361 42.647406
13.677915 42.647750
13.678328 42.648059
13.678590 42.648409
13.678831 42.648819
13.678987 42.649084
13.679085 42.649334
13.679140 42.649477
13.679264 42.649747
13.679557 42.649972
13.679839 42.650207
13.679882 42.650267
13.680023 42.650397
13.680103 42.650472
13.680341 42.650688
13.680457 42.650793
13.680652 42.650969
13.680923 42.651216
13.681501 42.651740
13.682141 42.652305
13.682886 42.652964
13.682912 42.652988
13.683036 42.653107
13.683183 42.653248
13.683295 42.653355
13.683307 42.653349
13.683344 42.653340
13.683380 42.653341
13.683416 42.653352
13.683445 42.653371
13.683465 42.653397
13.683470 42.653425
13.683462 42.653454
13.683442 42.653478
13.683412 42.653495
13.683409 42.653496
13.684171 42.654515
13.684215 42.654573
13.684385 42.654801
13.684780 42.655326
13.684809 42.655365
13.684831 42.655408
13.684988 42.655697
13.685040 42.655791
13.685228 42.656146
13.685255 42.656197
13.685290 42.656262
13.685485 42.656614
13.685512 42.656662
13.685629 42.656787
13.685752 42.656880
13.686101 42.657038
13.686394 42.657128
13.686487 42.657156
13.687180 42.657214
13.687921 42.657277
13.688356 42.657328
13.688629 42.657401
13.689009 42.657524
13.689306 42.657690
13.689649 42.658005
13.689792 42.658114
13.690058 42.658275
13.690372 42.658358
13.690421 42.658355
13.690652 42.658341
13.690735 42.658331
13.691051 42.658290
13.691403 42.658208
13.691494 42.658186
13.691842 42.658160
13.692205 42.658197
13.692730 42.658420
13.693031 42.658549
13.693114 42.658581
13.693245 42.658641
13.693334 42.658683
13.693444 42.658732
13.693629 42.658815
13.693821 42.658893
13.693951 42.658945
13.694293 42.659083
13.694330 42.659099
13.694546 42.659194
13.695011 42.659409
13.695099 42.659450
13.695485 42.659629
13.695604 42.659683
13.695913 42.659832
13.696537 42.660131
13.697112 42.660387
13.697857 42.660760
13.698063 42.660862
13.698220 42.660939
13.698452 42.661063
13.698531 42.661088
13.698581 42.661116
13.698621 42.661151
13.698648 42.661186
13.698666 42.661225
13.698745 42.661278
13.698811 42.661336
13.698916 42.661448
13.699089 42.661659
13.699174 42.661758
13.699490 42.662141
13.699602 42.662264
13.699832 42.662326
13.700131 42.662340
13.700557 42.662231
13.700690 42.662197
13.700769 42.662177
13.701257 42.662056
13.701320 42.662040
13.701473 42.662002
13.701762 42.661930
13.702215 42.661660
13.702278 42.661623
13.702957 42.661342
13.703561 42.661092
13.703902 42.660838
13.703975 42.660783
13.704095 42.660742
13.704186 42.660710
13.705023 42.660482
13.705147 42.660525
13.705367 42.660579
13.705542 42.660583
13.705680 42.660564
13.705897 42.660539
13.706045 42.660500
13.706280 42.660372
13.706495 42.660191
13.706627 42.660053
13.706677 42.660001
