60.308647 55.008945
60.310202 55.008736
60.311176 55.008595
60.311839 55.008433
60.312442 55.008172
60.312818 55.007888
60.313794 55.007193
60.314519 55.006810
60.314787 55.006681
60.314967 55.006594
60.315647 55.006402
60.317164 55.006041
60.318230 55.005832
60.319751 55.005580
60.320790 55.005382
60.321553 55.005167
60.322279 55.004911
60.324556 55.004092
60.325747 55.003664
60.327198 55.003136
60.328669 55.002744
60.330815 55.002178
60.331867 55.001908
60.332688 55.001564
60.334598 55.000663
60.336275 54.999770
60.336836 54.999478
60.337130 54.999288
60.337301 54.999141
60.337398 54.999006
60.337477 54.998832
60.337536 54.998545
60.337601 54.998239
60.337604 54.997801
60.337525 54.997329
60.337430 54.996864
60.337441 54.996496
60.337569 54.996027
60.337692 54.995670
60.337854 54.995323
60.338024 54.994973
60.338208 54.994645
60.338484 54.994264
60.338822 54.993910
60.339216 54.993550
60.339691 54.993218
60.340049 54.992977
60.340400 54.992744
60.341150 54.992303
60.344665 54.990771
60.346047 54.990248
60.346691 54.990048
60.347189 54.989892
60.348132 54.989703
60.349550 54.989554
60.350779 54.989487
60.353469 54.989363
60.356985 54.989238
60.362535 54.989001
60.365732 54.988879
60.366524 54.988849
60.367611 54.988777
60.368529 54.988650
60.368710 54.988605
60.369148 54.988494
60.369814 54.988258
60.370514 54.987920
60.370634 54.987860
60.371339 54.987505
60.371743 54.987296
60.372187 54.987070
60.372421 54.986987
60.372699 54.986935
60.373019 54.986925
60.373299 54.986933
60.373597 54.986991
60.373729 54.987056
60.374708 54.987384
60.375215 54.987499
60.375501 54.987552
60.380369 54.988188
60.386662 54.989002
60.391718 54.989667
60.392417 54.989796
60.393181 54.989990
60.394186 54.990372
60.395436 54.990996
60.396117 54.991569
60.396795 54.992089
60.400020 54.994683
60.400215 54.994851
60.400486 54.995085
60.401107 54.995603
60.401745 54.996115
60.402588 54.996724
60.403335 54.997181
60.404248 54.997627
60.405201 54.998035
60.406441 54.998498
60.407857 54.998906
60.409796 54.999431
60.410834 54.999686
60.411893 54.999841
60.412951 55.000019
60.413912 55.000111
60.414866 55.000155
60.415998 55.000079
60.416944 54.999962
60.417694 54.999847
60.419084 54.999584
60.421450 54.999155
60.422851 54.998914
60.423071 54.998877
60.425617 54.998444
60.427830 54.998068
60.428187 54.998005
60.430463 54.997574
60.431278 54.997414
60.431849 54.997264
60.432311 54.997101
60.432608 54.996926
60.432715 54.996839
60.432796 54.996765
60.433186 54.996368
60.433222 54.996333
60.433414 54.996129
60.434532 54.995019
60.434641 54.994922
60.435296 54.994361
60.436133 54.993736
60.436689 54.993366
60.437451 54.992941
60.437714 54.992794
60.438473 54.992431
60.439136 54.992157
60.440242 54.991738
60.443838 54.990776
60.444105 54.990706
60.449115 54.989471
60.453007 54.988521
60.453375 54.988428
60.458614 54.987154
60.460790 54.986625
60.463866 54.985858
60.465039 54.985570
60.470201 54.984329
60.470441 54.984265
60.476357 54.982702
60.482231 54.981290
60.490982 54.979220
60.491799 54.979004
60.494734 54.978287
60.503009 54.976250
60.507886 54.975037
60.508932 54.974740
60.509720 54.974514
60.513008 54.973479
60.526166 54.969325
60.539357 54.965165
60.544362 54.963572
60.559933 54.958708
60.568008 54.956084
60.574088 54.954243
60.575342 54.953903
60.576648 54.953587
60.598534 54.948654
60.606118 54.946963
60.610831 54.945844
60.626584 54.941865
60.650296 54.935738
60.650395 54.935713
60.673894 54.929659
60.687408 54.926177
60.688856 54.925828
60.690266 54.925448
60.690557 54.925368
60.690891 54.925263
60.691395 54.925084
60.691922 54.924885
60.692722 54.924516
60.693263 54.924209
60.693798 54.923909
60.694301 54.923583
60.694973 54.923106
60.695399 54.922738
60.696204 54.921958
60.696722 54.921428
60.696853 54.921233
60.697203 54.920860
60.697292 54.920794
60.697392 54.920729
60.697592 54.920641
60.697818 54.920586
60.697918 54.920569
60.698045 54.920557
60.698297 54.920572
60.698525 54.920611
60.698723 54.920674
60.698916 54.920774
60.699072 54.920933
60.699213 54.921102
60.699506 54.921460
60.699717 54.921643
60.699977 54.921800
60.700412 54.921976
60.700801 54.922076
60.701187 54.922147
60.701681 54.922230
60.702533 54.922408
60.703050 54.922498
60.703688 54.922589
60.706547 54.923039
60.708868 54.923390
60.715566 54.924457
60.717289 54.924771
60.718427 54.925003
60.718664 54.925063
60.723783 54.926393
60.726503 54.927133
60.729240 54.927831
60.730992 54.928210
60.731674 54.928351
60.732372 54.928458
60.735221 54.928918
60.736907 54.929231
60.738447 54.929515
60.740031 54.929809
60.743222 54.930372
60.744124 54.930551
60.745354 54.930826
60.749349 54.931748
60.752398 54.932469
60.753143 54.932646
60.756931 54.933526
60.759623 54.934176
60.766061 54.935620
60.767111 54.935850
60.769317 54.936385
60.770376 54.936630
60.773142 54.937220
60.774267 54.937412
60.775490 54.937658
60.776263 54.937815
60.778501 54.938178
60.779848 54.938396
60.781247 54.938592
60.782804 54.938855
60.784873 54.939181
60.787307 54.939606
60.790774 54.940177
60.793993 54.940720
60.795679 54.941003
60.796471 54.941148
60.796867 54.941218
60.797318 54.941295
60.798099 54.941440
60.801136 54.941947
60.805134 54.942612
60.806987 54.942926
60.809679 54.943375
60.816076 54.944469
60.819387 54.944953
60.824697 54.945624
60.826644 54.945877
60.828385 54.946104
60.838314 54.947391
60.839063 54.947492
60.853227 54.949284
60.865490 54.950813
60.882748 54.952609
60.901949 54.954613
60.905664 54.955011
60.907976 54.955303
60.910180 54.955706
60.912608 54.956240
60.913685 54.956494
60.917684 54.957597
60.921339 54.958606
60.943017 54.964708
60.944800 54.965186
60.957785 54.968772
60.960456 54.969455
60.970783 54.971809
60.971563 54.971985
60.975550 54.972872
60.992939 54.976838
60.994349 54.977163
61.012570 54.981423
61.017449 54.982488
61.021058 54.983344
61.028171 54.984979
61.030728 54.985602
61.033567 54.986232
61.036121 54.986814
61.042353 54.988260
61.042704 54.988306
61.042940 54.988315
61.043396 54.988266
61.043826 54.988191
61.044455 54.988233
61.045365 54.988607
61.045526 54.988876
61.045685 54.988956
61.047526 54.989392
61.048323 54.989629
61.049901 54.989961
61.051089 54.990190
61.052481 54.990417
61.053567 54.990568
61.054640 54.990697
61.055849 54.990814
61.057023 54.990903
61.059088 54.991030
61.060550 54.991119
61.063748 54.991284
61.064982 54.991356
61.068731 54.991573
61.071905 54.991757
61.089345 54.992749
61.089966 54.992784
61.093542 54.992984
61.100413 54.993382
61.106827 54.993725
61.107271 54.993754
61.114992 54.994196
61.116087 54.994256
61.121308 54.994552
61.123776 54.994718
61.125111 54.994828
61.125523 54.994862
61.126655 54.994995
61.128336 54.995223
61.129806 54.995478
61.131499 54.995822
61.132755 54.996085
61.134469 54.996500
61.135453 54.996758
61.136758 54.997131
61.138158 54.997577
61.142099 54.998872
61.143254 54.999248
61.143510 54.999331
61.148212 55.000862
61.150212 55.001511
61.151829 55.001970
61.153407 55.002368
61.154498 55.002641
61.155081 55.002792
61.155173 55.002813
61.156137 55.003048
61.158192 55.003544
61.159297 55.003781
61.160308 55.003978
61.161040 55.004116
61.162232 55.004317
61.163341 55.004486
61.164894 55.004672
61.166452 55.004826
61.167676 55.004927
61.174876 55.005431
61.181743 55.005911
61.184004 55.006060
61.188674 55.006370
61.191022 55.006552
61.196158 55.006911
61.199136 55.007114
61.201391 55.007290
61.207876 55.007745
61.208143 55.007764
61.208732 55.007805
61.213652 55.008150
61.218336 55.008473
61.248235 55.010550
61.248654 55.010579
61.248793 55.010588
61.248871 55.010593
61.249429 55.010631
61.253763 55.010928
61.254651 55.010980
61.255924 55.011055
61.257050 55.011120
61.258129 55.011165
61.259479 55.011219
61.261891 55.011285
61.276354 55.011738
61.278315 55.011847
61.279010 55.011924
61.280482 55.012129
61.281735 55.012366
61.283168 55.012748
61.284458 55.013129
61.285752 55.013579
61.286885 55.014042
61.288026 55.014496
61.289005 55.015057
61.289983 55.015717
61.290739 55.016312
61.291477 55.016994
61.291969 55.017623
61.292437 55.018184
61.293241 55.019413
61.293384 55.019704
61.293948 55.020775
61.294170 55.021332
61.295382 55.024519
61.297006 55.028441
61.297103 55.028678
61.297479 55.029560
61.298420 55.031681
61.298515 55.031895
61.298734 55.032443
61.301950 55.040264
61.302063 55.040540
61.302226 55.040938
61.303204 55.043300
61.303469 55.043969
61.303793 55.044723
61.304087 55.045427
61.306377 55.050988
61.306655 55.051608
61.307115 55.052467
61.307471 55.053032
61.308023 55.053627
61.308542 55.054279
61.309203 55.054898
61.309907 55.055507
61.310559 55.056024
61.311300 55.056550
61.312052 55.057081
61.315829 55.059696
61.315957 55.059784
61.317532 55.060863
61.319366 55.062117
61.319629 55.062265
61.321144 55.063363
61.321485 55.063589
61.322145 55.064141
61.322753 55.064693
61.323360 55.065333
61.323890 55.065976
61.324450 55.066736
61.324751 55.067418
61.324844 55.067614
61.325014 55.067970
61.325068 55.068114
61.325181 55.068598
61.325360 55.069448
61.325462 55.070472
61.325519 55.071176
61.325634 55.073142
61.325792 55.074736
61.325913 55.076116
61.326178 55.079321
61.326541 55.083698
61.326652 55.085033
61.326694 55.086262
61.326708 55.086516
61.326908 55.088105
61.327084 55.088872
61.327336 55.089572
61.327702 55.090218
61.328153 55.090827
61.328761 55.091543
61.329882 55.092549
61.331032 55.093386
61.334603 55.096046
61.336456 55.097427
61.339112 55.099301
61.342887 55.102145
61.343126 55.102311
61.343389 55.102484
61.345912 55.104227
61.347504 55.105320
61.348854 55.106224
61.349575 55.106691
61.350392 55.107199
61.351686 55.107985
61.352485 55.108568
61.353549 55.109239
61.354691 55.109961
61.354756 55.110009
61.355272 55.110394
61.355682 55.110735
61.356110 55.111192
61.356312 55.111409
61.356759 55.112001
61.356788 55.112039
61.357042 55.112387
61.357835 55.113372
61.358073 55.113668
61.358132 55.113776
61.358331 55.114174
61.358858 55.114881
61.358998 55.115035
61.359355 55.115406
61.360399 55.116446
61.360949 55.117088
61.361192 55.117371
61.361575 55.117919
61.361803 55.118245
61.362046 55.118845
61.362271 55.119436
61.362395 55.119752
61.362846 55.120902
61.362876 55.120979
61.363175 55.121741
61.363917 55.123633
61.364186 55.124317
61.364292 55.124588
61.364616 55.125413
61.364956 55.125799
61.366046 55.126563
61.366459 55.126839
61.366578 55.126990
61.366642 55.127126
61.366674 55.127278
61.366635 55.127490
61.366475 55.127728
61.366141 55.128228
61.365908 55.128789
61.366045 55.129097
61.366284 55.129609
61.366439 55.129860
61.366618 55.130076
61.367002 55.130425
61.368196 55.131283
61.369880 55.132508
61.370007 55.132600
61.370122 55.132683
61.370330 55.132834
61.371078 55.133375
61.372634 55.134502
61.373338 55.135011
61.373435 55.135081
61.374612 55.135933
61.375020 55.136303
61.375588 55.136164
61.375951 55.136002
61.376286 55.135853
61.377234 55.135431
61.378245 55.134980
61.379243 55.134535
61.380287 55.134070
61.381261 55.133636
61.382251 55.133195
61.383264 55.132741
61.384174 55.132332
61.385015 55.131962
61.385250 55.131858
61.385239 55.131963
61.385230 55.132040
61.385152 55.132704
61.385140 55.132810
61.385126 55.132972
61.385107 55.133175
61.385115 55.133332
61.385176 55.133491
61.385272 55.133614
61.385409 55.133737
61.385575 55.133844
61.385905 55.133973
61.386561 55.134149
61.388327 55.134602
61.389472 55.134889
61.390214 55.135083
61.390679 55.135215
61.390832 55.135255
61.391983 55.135541
61.392302 55.135613
61.392616 55.135668
61.392919 55.135696
61.393213 55.135700
61.393455 55.135682
61.393749 55.135641
61.396433 55.135198
61.397845 55.134965
61.399332 55.134720
61.400744 55.134487
61.401122 55.134458
61.401423 55.134531
61.401586 55.134694
61.401677 55.135079
61.401833 55.135926
61.401945 55.136906
61.402060 55.138024
61.402486 55.137916
61.402893 55.137858
61.403164 55.137835
61.405178 55.137622
61.406514 55.137475
61.407589 55.137272
61.407899 55.137217
61.409544 55.136927
61.410991 55.136591
61.411934 55.136432
61.412088 55.136474
61.412136 55.136487
61.412188 55.136513
61.412272 55.136572
61.412296 55.136599
61.412306 55.136623
61.412304 55.136662
61.412255 55.136786
61.412201 55.136867
61.412066 55.137082
61.411792 55.137517
61.411673 55.137797
61.411547 55.138169
61.411503 55.138476
61.411525 55.138762
61.411591 55.138934
61.411646 55.139048
61.411740 55.139244
61.411992 55.139666
61.413274 55.141847
61.413347 55.141970
61.413420 55.142099
61.413514 55.142257
61.413563 55.142342
