22.526876 44.235709
22.526501 44.235285
22.525761 44.235610
22.525326 44.235090
22.524888 44.234575
22.524638 44.234265
22.524407 44.233987
22.525311 44.233580
22.525823 44.233291
22.526116 44.233106
22.526538 44.232793
22.527183 44.232241
22.527403 44.232048
22.528111 44.231391
22.528379 44.231101
22.528542 44.230935
22.529815 44.229783
22.530018 44.229616
22.530231 44.229543
22.530332 44.229505
22.531099 44.229486
22.531390 44.229476
22.531512 44.229463
22.531622 44.229422
22.531791 44.229354
22.531963 44.229286
22.532238 44.229149
22.532673 44.228930
22.532863 44.228821
22.533456 44.228482
22.533731 44.228301
22.534681 44.227733
22.534802 44.227674
22.535550 44.227236
22.536127 44.226859
22.536308 44.226757
22.537085 44.226358
22.537423 44.226194
22.538310 44.225773
22.538380 44.225702
22.538297 44.225692
22.538424 44.225548
22.538585 44.225398
22.538801 44.225248
22.538845 44.225214
22.538945 44.225111
22.538884 44.225003
22.538697 44.224669
22.538300 44.223855
22.538682 44.223713
22.539033 44.223267
22.539971 44.221962
22.540056 44.221830
22.539785 44.221850
22.536859 44.222259
22.536645 44.222267
22.536490 44.222079
22.536110 44.221642
22.535799 44.221204
22.535690 44.221050
22.535172 44.220298
22.534054 44.218675
22.533689 44.218731
22.533329 44.218816
22.532435 44.219025
22.532378 44.219060
22.531244 44.219303
22.530630 44.217802
22.529936 44.216051
22.529821 44.215706
22.529799 44.215499
22.529881 44.215030
22.529951 44.214710
22.530137 44.213792
22.530209 44.213468
22.530268 44.213179
22.530383 44.212707
22.530538 44.212161
22.530576 44.211982
22.530644 44.211783
22.530878 44.211019
22.531329 44.209595
22.531749 44.208351
22.531675 44.208156
22.531615 44.208059
22.531526 44.207976
22.531430 44.207925
22.531339 44.207882
22.531232 44.207844
22.531124 44.207814
22.523895 44.206347
22.523732 44.206310
22.521437 44.205762
22.521244 44.205678
22.521079 44.205579
22.519251 44.204280
22.517108 44.203238
22.516867 44.203129
22.516625 44.203041
22.516117 44.202866
22.515809 44.202693
22.515459 44.202485
22.514832 44.202076
22.514708 44.202027
22.514579 44.201984
22.514455 44.201956
22.514330 44.201934
22.513983 44.201915
22.513624 44.201887
22.513105 44.201839
22.512787 44.201794
22.512541 44.201743
22.512494 44.201720
22.512457 44.201688
22.512436 44.201648
22.512434 44.201607
22.512452 44.201563
22.512530 44.201489
22.512629 44.201429
22.512707 44.201374
22.512765 44.201305
22.512790 44.201237
22.512834 44.201155
22.512898 44.201086
22.512992 44.200987
22.513116 44.200884
22.513222 44.200813
22.513647 44.200557
22.513716 44.200496
22.513756 44.200435
22.513783 44.200323
22.513809 44.199932
22.513804 44.199861
22.513783 44.199799
22.513735 44.199674
22.513662 44.199419
22.513655 44.199307
22.513666 44.199200
22.513680 44.199148
22.513716 44.199070
22.513786 44.198991
22.513893 44.198906
22.514126 44.198742
22.514238 44.198660
22.514317 44.198585
22.514377 44.198514
22.514430 44.198447
22.514475 44.198383
22.514507 44.198323
22.514553 44.198226
22.514588 44.198131
22.514625 44.198033
22.514650 44.197938
22.514673 44.197729
22.514684 44.197607
22.514692 44.197559
22.514705 44.197519
22.514823 44.197280
22.514869 44.197164
22.514921 44.197045
22.514934 44.196952
22.514932 44.196845
22.514914 44.196749
22.514892 44.196647
22.514824 44.196528
22.514764 44.196469
22.514696 44.196414
22.513720 44.195769
22.513645 44.195738
22.513570 44.195716
22.513471 44.195701
22.513375 44.195701
22.513296 44.195723
22.513062 44.195898
22.512987 44.195933
22.512908 44.195946
22.512824 44.195951
22.512739 44.195948
22.511867 44.195720
22.510983 44.195526
22.510702 44.195448
22.510441 44.195344
22.510314 44.195264
22.509802 44.194809
22.509674 44.194735
22.509529 44.194677
22.509385 44.194626
22.509232 44.194579
22.509001 44.194540
22.508773 44.194510
22.508529 44.194484
22.508293 44.194484
22.507553 44.194519
22.506815 44.194578
22.506596 44.194613
22.506407 44.194662
22.506082 44.194776
22.505742 44.194862
22.505500 44.194908
22.505267 44.194936
22.505016 44.194973
22.504787 44.195028
22.504547 44.195123
22.504262 44.195201
22.503947 44.195231
22.503659 44.195231
22.503447 44.195204
22.503234 44.195159
22.501545 44.194736
22.501382 44.194706
22.501215 44.194699
22.501053 44.194702
22.500894 44.194722
22.500593 44.194769
22.500282 44.194793
22.499803 44.194792
22.499319 44.194771
22.496634 44.194513
22.494434 44.194137
22.492464 44.193693
22.490574 44.193380
22.490405 44.193362
22.490245 44.193375
22.490058 44.193431
22.489920 44.193514
22.489043 44.194073
22.488816 44.194181
22.488582 44.194254
22.488405 44.194296
22.488234 44.194318
22.488021 44.194340
22.487783 44.194342
22.487452 44.194309
22.487130 44.194264
22.486923 44.194215
22.486720 44.194149
22.486185 44.193935
22.486017 44.193898
22.485850 44.193882
22.485667 44.193884
22.485500 44.193906
22.484716 44.194060
22.484535 44.194083
22.484358 44.194094
22.484199 44.194097
22.484031 44.194083
22.483777 44.194031
22.483545 44.193948
22.483226 44.193773
22.482927 44.193575
22.482845 44.193517
22.482789 44.193423
22.482654 44.193085
22.482587 44.192970
22.482469 44.192799
22.482211 44.192509
22.482116 44.192409
22.482070 44.192374
22.482014 44.192343
22.481945 44.192332
22.481801 44.192335
22.481671 44.192356
22.480553 44.192638
22.479948 44.192749
22.479471 44.192836
22.479180 44.192887
22.478863 44.192907
22.478587 44.192899
22.478288 44.192861
22.477949 44.192799
22.477003 44.192626
22.476491 44.192572
22.476046 44.192533
22.474540 44.192284
22.474316 44.192217
22.474215 44.192173
22.474163 44.192150
22.474132 44.192137
22.473632 44.191874
22.472870 44.191474
22.471657 44.190456
22.471598 44.190425
22.471531 44.190401
22.471389 44.190364
22.470999 44.190272
22.470822 44.190230
22.470560 44.190188
22.470291 44.190167
22.469621 44.190193
22.469173 44.190163
22.468921 44.190160
22.468779 44.190167
22.468667 44.190183
22.468324 44.190269
22.467990 44.190374
22.467771 44.190449
22.467578 44.190537
22.467486 44.190593
22.467399 44.190660
22.467313 44.190750
22.467248 44.190801
22.467192 44.190833
22.467112 44.190851
22.467033 44.190867
22.466949 44.190867
22.465854 44.190863
22.465732 44.190857
22.465624 44.190830
22.465407 44.190772
22.465252 44.190743
22.465059 44.190730
22.464055 44.190807
22.463978 44.190814
22.463917 44.190814
22.463835 44.190791
22.463774 44.190752
22.463520 44.190575
22.463354 44.190492
22.463158 44.190441
22.462937 44.190383
22.462705 44.190333
22.462232 44.190256
22.461898 44.190234
22.461556 44.190236
22.460912 44.190274
22.460233 44.190312
22.459652 44.190389
22.459392 44.190390
22.459146 44.190370
22.458894 44.190341
22.458658 44.190294
22.457921 44.190121
22.457609 44.190013
22.457318 44.189867
22.456963 44.189667
22.456800 44.189561
22.456623 44.189457
22.456436 44.189370
22.456245 44.189313
22.456189 44.189214
22.456132 44.189128
22.456049 44.189042
22.455945 44.188993
22.455834 44.188955
22.455691 44.188918
22.455433 44.188889
22.455175 44.188878
22.454730 44.188913
22.454482 44.188942
22.454287 44.188978
22.454193 44.189004
22.454126 44.189038
22.454055 44.189085
22.453974 44.189152
22.453900 44.189223
22.453772 44.189385
22.453626 44.189682
22.453512 44.189982
22.453402 44.190198
22.453348 44.190305
22.453262 44.190414
22.451047 44.191867
22.449532 44.192896
22.448414 44.193630
22.447800 44.194040
22.446971 44.194767
22.446412 44.195238
22.445686 44.196016
22.445581 44.196153
22.445284 44.196921
22.445266 44.196956
22.445241 44.196984
22.445068 44.197090
22.444885 44.197190
22.444509 44.197369
22.444428 44.197408
22.444367 44.197452
22.444314 44.197504
22.444278 44.197563
22.444139 44.198086
22.444072 44.198224
22.443993 44.198367
22.443926 44.198497
22.443836 44.198642
22.443273 44.199354
22.442775 44.199928
22.442527 44.200218
22.442403 44.200371
22.442318 44.200525
22.442275 44.200640
22.442277 44.200710
22.442292 44.200783
22.442436 44.201443
22.442436 44.201519
22.442424 44.201592
22.442379 44.201935
22.442286 44.202284
22.442141 44.202650
22.441976 44.202985
22.441629 44.203453
22.441391 44.203896
22.441178 44.204355
22.441167 44.204451
22.441174 44.204579
22.441206 44.204716
22.441442 44.205264
22.441564 44.205547
22.441661 44.205811
22.441690 44.206012
22.441706 44.206121
22.441735 44.206224
22.441844 44.206423
22.441987 44.206614
22.442082 44.206739
22.442133 44.206848
22.442184 44.207061
22.442217 44.207430
22.442230 44.207770
22.442211 44.208165
22.442174 44.208421
22.442183 44.208538
22.442177 44.208618
22.442159 44.208700
22.442054 44.208856
22.441925 44.208989
22.441743 44.209192
22.446474 44.209581
22.449023 44.209837
22.450357 44.209914
22.452095 44.209916
22.452473 44.209897
22.455626 44.209573
22.456693 44.209513
22.457658 44.209530
22.458617 44.209618
22.459655 44.209810
22.460314 44.209957
22.461038 44.210202
22.462004 44.210600
22.462649 44.210879
22.463246 44.211230
22.464366 44.212027
22.465632 44.212987
22.466473 44.213636
22.467286 44.214178
22.468124 44.214572
22.469259 44.214921
22.470197 44.215072
22.471087 44.215094
22.472168 44.215031
22.473215 44.214807
22.473972 44.214627
22.474466 44.214492
22.478529 44.213372
22.479154 44.213217
22.480449 44.212933
22.482470 44.212603
22.483788 44.212365
22.485013 44.212045
22.486507 44.211521
22.487566 44.211079
22.488447 44.210746
22.488704 44.210647
22.489094 44.210499
22.489486 44.210378
22.489926 44.210288
22.490368 44.210236
22.490808 44.210233
22.491188 44.210251
22.491592 44.210324
22.492024 44.210444
22.492515 44.210647
22.492853 44.210837
22.493130 44.211073
22.493316 44.211253
22.493470 44.211437
22.493674 44.211749
22.493795 44.212053
22.493895 44.212487
22.493888 44.212864
22.493820 44.213147
22.493647 44.213515
22.493409 44.213822
22.493043 44.214152
22.489306 44.216863
22.488874 44.217189
22.488612 44.217433
22.488402 44.217753
22.488282 44.218141
22.488236 44.218407
22.488224 44.218635
22.488277 44.218829
22.488405 44.219109
22.488457 44.219228
22.488726 44.219560
22.488895 44.219727
22.489213 44.219975
22.489540 44.220155
22.490019 44.220333
22.490347 44.220416
22.490680 44.220460
22.491014 44.220483
22.491403 44.220463
22.491731 44.220403
22.492073 44.220303
22.492688 44.220080
22.493806 44.219626
22.494497 44.219331
22.494929 44.219259
22.495370 44.219197
22.495722 44.219202
22.496154 44.219237
22.496497 44.219303
22.497081 44.219477
22.497367 44.219611
22.497621 44.219787
22.497934 44.220051
22.498231 44.220432
22.498293 44.220580
22.498438 44.220942
22.498486 44.221668
22.498440 44.222969
22.498553 44.223824
22.498713 44.224276
22.498782 44.224415
22.499035 44.224922
22.499817 44.225941
22.500217 44.226535
22.500986 44.227877
22.501381 44.228462
22.501894 44.228966
22.502410 44.229331
22.503147 44.229775
22.504103 44.230266
22.507400 44.231957
22.508761 44.232623
22.509301 44.232916
22.510046 44.233311
22.510910 44.233814
22.511534 44.234246
22.511859 44.234488
22.512411 44.234959
22.512554 44.235101
22.513180 44.235728
22.513640 44.236106
22.514011 44.236344
22.514467 44.236568
22.515126 44.236765
22.515824 44.236825
22.516296 44.236809
22.516725 44.236788
22.517287 44.236699
22.519039 44.236221
22.519333 44.236124
22.520364 44.235709
22.522231 44.234911
22.522995 44.234590
22.524407 44.233987
22.524638 44.234265
22.524888 44.234575
22.525326 44.235090
22.525761 44.235610
22.526501 44.235285
22.526876 44.235709
22.526992 44.235883
22.527293 44.236512
