124.050562 10.880698
124.050036 10.880912
124.049824 10.881068
124.049702 10.881158
124.049135 10.881547
124.048957 10.881615
124.048514 10.881679
124.048027 10.881801
124.047929 10.881801
124.047853 10.881761
124.047776 10.881668
124.047646 10.881396
124.047068 10.880195
124.046847 10.879746
124.046758 10.879469
124.046669 10.879193
124.046552 10.878701
124.046469 10.878241
124.046436 10.877838
124.046432 10.877392
124.046462 10.877138
124.046630 10.876325
124.046879 10.875123
124.046941 10.874577
124.046937 10.873718
124.046908 10.873204
124.046865 10.873018
124.046582 10.872301
124.046069 10.870960
124.045939 10.870546
124.045807 10.870019
124.045746 10.869772
124.045699 10.869490
124.045721 10.869109
124.045739 10.868759
124.045666 10.868456
124.045506 10.868174
124.045299 10.867925
124.044907 10.867511
124.044602 10.867136
124.043955 10.866184
124.043857 10.866034
124.043668 10.865559
124.043487 10.865292
124.042826 10.864614
124.042451 10.864147
124.042063 10.863690
124.041689 10.863330
124.040588 10.862213
124.040447 10.862128
124.040170 10.862039
124.040018 10.861942
124.039807 10.861575
124.039751 10.861441
124.039635 10.861139
124.039611 10.861026
124.039629 10.860876
124.039774 10.860430
124.039873 10.859941
124.040160 10.858429
124.040160 10.858215
124.040065 10.857968
124.039894 10.857765
124.039713 10.857626
124.039168 10.857458
124.038899 10.857330
124.038725 10.857176
124.038543 10.856784
124.038536 10.856656
124.038550 10.856527
124.038801 10.855921
124.038845 10.855682
124.038921 10.854348
124.038877 10.853523
124.038870 10.853448
124.038747 10.852164
124.038692 10.851818
124.038539 10.851337
124.037581 10.849157
124.037477 10.848949
124.037381 10.848757
124.037083 10.848162
124.036266 10.846524
124.035928 10.845711
124.035445 10.844569
124.035391 10.844469
124.035165 10.844052
124.034904 10.843706
124.034413 10.843246
124.033723 10.842732
124.033541 10.842582
124.033403 10.842432
124.033202 10.842205
124.032016 10.840720
124.031549 10.840131
124.031335 10.839862
124.031235 10.839735
124.030777 10.839017
124.030654 10.838658
124.030574 10.838262
124.030508 10.838109
124.030370 10.837955
124.030254 10.837788
124.030062 10.837538
124.029833 10.837285
124.029629 10.837124
124.029415 10.836988
124.029271 10.836948
124.029085 10.836896
124.028398 10.836771
124.028248 10.836737
124.028017 10.836685
124.027653 10.836575
124.027421 10.836446
124.027138 10.836232
124.026884 10.836009
124.026516 10.835686
124.026305 10.835455
124.026110 10.835187
124.026015 10.834884
124.025914 10.834266
124.025856 10.833792
124.025852 10.833289
124.025857 10.833242
124.025899 10.832864
124.025986 10.832461
124.026041 10.832311
124.026277 10.831833
124.026360 10.831666
124.026408 10.831291
124.026422 10.829507
124.026415 10.829168
124.026434 10.829049
124.026458 10.828894
124.026618 10.828301
124.026695 10.827780
124.026724 10.827260
124.026707 10.827064
124.026698 10.826967
124.026582 10.826667
124.025888 10.825479
124.025634 10.824958
124.025587 10.824744
124.025590 10.824570
124.025885 10.822896
124.026092 10.822012
124.026220 10.821533
124.026273 10.821337
124.027225 10.818558
124.027272 10.818376
124.027276 10.818148
124.027087 10.817084
124.027040 10.816753
124.027014 10.816446
124.027054 10.816078
124.027134 10.815750
124.027309 10.815232
124.027393 10.814986
124.028609 10.811397
124.029053 10.810032
124.029161 10.809699
124.029528 10.808582
124.029608 10.808183
124.029680 10.807601
124.029684 10.807077
124.029651 10.806734
124.029574 10.806276
124.029289 10.804587
124.029134 10.803591
124.028910 10.802150
124.028851 10.801765
124.028834 10.801657
124.028777 10.801289
124.028738 10.801034
124.028732 10.801001
124.028696 10.800819
124.028559 10.800548
124.028449 10.800330
124.028387 10.800141
124.028402 10.799991
124.028467 10.799862
124.028565 10.799737
124.029473 10.799127
124.029633 10.798977
124.029688 10.798813
124.029974 10.796469
124.029964 10.796180
124.029898 10.795945
124.029807 10.795795
124.029702 10.795654
124.029282 10.795095
124.027641 10.792956
124.026308 10.791155
124.026192 10.790996
124.025681 10.790296
124.021967 10.785407
124.021549 10.784850
124.020597 10.783582
124.019677 10.782357
124.018452 10.780727
124.017991 10.780088
124.017202 10.779011
124.016620 10.778217
124.016404 10.777914
124.016203 10.777544
124.016088 10.777210
124.016022 10.776854
124.016010 10.776477
124.016102 10.774919
124.016108 10.774679
124.016096 10.774634
124.016062 10.774511
124.015971 10.774387
124.015754 10.774239
124.015603 10.774189
124.015476 10.774181
124.015357 10.774249
124.015241 10.774401
124.015084 10.774537
124.014911 10.774571
124.014713 10.774515
124.014593 10.774391
124.014566 10.774313
124.014462 10.774009
124.014245 10.773608
124.014079 10.773410
124.013804 10.773256
124.013540 10.773183
124.013438 10.773174
124.013410 10.773171
124.013381 10.773169
124.013133 10.773212
124.012960 10.773232
124.012775 10.773191
124.012638 10.773106
124.012310 10.772698
124.012065 10.772463
124.011833 10.772346
124.011510 10.772287
124.010472 10.772346
124.010264 10.772358
124.009268 10.772393
124.007787 10.772464
124.006294 10.772498
124.006304 10.772402
124.006271 10.772169
124.006095 10.771356
124.005931 10.770479
124.005921 10.770425
124.005818 10.769873
124.005716 10.769325
124.005619 10.768807
124.005605 10.768727
124.005577 10.768576
124.005555 10.768437
124.005513 10.768173
124.005506 10.767803
124.005580 10.767421
124.006365 10.765514
124.006489 10.765144
124.006513 10.764842
124.006420 10.764507
124.005682 10.762943
124.005635 10.762842
124.005532 10.762531
124.005427 10.761723
124.005325 10.761295
124.004804 10.759966
124.004681 10.759651
124.004620 10.759494
124.004586 10.759408
124.004441 10.759149
124.004206 10.758730
124.003765 10.757997
124.003619 10.757716
124.003565 10.757613
124.003366 10.757229
124.003313 10.757141
124.003260 10.757053
124.003207 10.756844
124.003212 10.756615
124.003321 10.756302
124.004008 10.755255
124.004181 10.754903
124.004208 10.754732
124.004224 10.754625
124.004219 10.754274
124.004148 10.754029
124.003798 10.753663
124.003697 10.753551
124.003662 10.753398
124.003690 10.753224
124.004076 10.752395
124.004186 10.752189
124.004204 10.751967
124.004209 10.751526
124.004192 10.751043
124.004112 10.750458
124.004066 10.749892
124.004070 10.749635
124.004076 10.749556
124.004109 10.749175
124.004153 10.748588
124.004172 10.748464
124.004222 10.748264
124.004283 10.748143
124.004339 10.748075
124.004594 10.747789
124.004676 10.747698
124.005034 10.747027
124.005744 10.745822
124.006452 10.744440
124.006603 10.744095
124.006660 10.743730
124.006610 10.743035
124.006674 10.742792
124.006857 10.742567
124.007377 10.742246
124.008218 10.741481
124.008299 10.741408
124.008763 10.740967
124.009080 10.740666
124.009197 10.740485
124.009249 10.740220
124.009233 10.739949
124.009236 10.739711
124.009239 10.739477
124.009355 10.739034
124.009579 10.738193
124.009667 10.737570
124.009680 10.737460
124.009763 10.736750
124.009864 10.736403
124.009913 10.736257
124.010133 10.735612
124.010439 10.734718
124.010504 10.734526
124.010970 10.733160
124.011106 10.732701
124.011340 10.731983
124.011422 10.731763
124.011700 10.731140
124.011817 10.730874
124.012063 10.730373
124.012334 10.729919
124.012565 10.729565
124.012722 10.729326
124.012765 10.729261
124.013124 10.728716
124.013331 10.728399
124.013500 10.728158
124.013928 10.727481
124.014267 10.726968
124.014419 10.726622
124.014494 10.726314
124.014583 10.725974
124.014632 10.725790
124.014745 10.725258
124.014741 10.725059
124.014713 10.724868
124.014481 10.724388
124.014306 10.724148
124.014035 10.723790
124.013796 10.723511
124.013731 10.723436
124.013557 10.723234
124.013363 10.723032
124.013315 10.722982
124.013046 10.722701
124.013012 10.722663
124.012630 10.722235
124.012518 10.722080
124.012336 10.721720
124.012087 10.720861
124.012075 10.720820
124.011757 10.719726
124.011316 10.718207
124.011250 10.717992
124.011195 10.717810
124.011139 10.717490
124.011118 10.717163
124.011148 10.716816
124.011199 10.716433
124.011356 10.715476
124.011563 10.714363
124.011667 10.713782
124.011745 10.713418
124.011906 10.713041
124.012119 10.712742
124.013041 10.711812
124.013694 10.711159
124.013887 10.710805
124.013933 10.710548
124.013920 10.710296
124.013889 10.710085
124.012991 10.707550
124.012180 10.705274
124.011978 10.704559
124.011837 10.703850
124.011799 10.703626
124.011717 10.703140
124.011489 10.701921
124.011461 10.701743
124.011440 10.701454
124.011461 10.701214
124.011495 10.701010
124.011555 10.700726
124.011650 10.700373
124.011790 10.699795
124.011868 10.699481
124.011943 10.699188
124.012022 10.699015
124.012112 10.698836
124.012197 10.698728
124.012324 10.698570
124.012853 10.698035
124.013042 10.697814
124.013156 10.697613
124.013393 10.696960
124.013713 10.696181
124.013942 10.695571
124.014062 10.695123
124.014135 10.694671
124.014170 10.694247
124.014189 10.693310
124.014190 10.693244
124.014200 10.692466
124.014216 10.692142
124.014214 10.692095
124.014208 10.691854
124.014291 10.691570
124.014399 10.691357
124.014658 10.690885
124.014976 10.690333
124.015076 10.690160
124.015215 10.689886
124.015291 10.689674
124.015342 10.689371
124.015334 10.688846
124.015317 10.687759
124.015317 10.687715
124.015300 10.687221
124.015281 10.686608
124.015273 10.686444
124.015239 10.685675
124.015236 10.685030
124.015224 10.684252
124.015241 10.684005
124.015293 10.683549
124.015350 10.682950
124.015444 10.682389
124.015696 10.680806
124.015756 10.680600
124.015815 10.680397
124.015884 10.680224
124.015913 10.680104
124.015921 10.679955
124.015945 10.679718
124.016006 10.679533
124.016194 10.679163
124.016262 10.678919
124.016276 10.678719
124.016299 10.678368
124.016372 10.678026
124.016558 10.677665
124.016821 10.677310
124.016946 10.677165
124.017006 10.677037
124.017009 10.676941
124.016972 10.676647
124.016960 10.676449
124.017002 10.676288
124.017064 10.676156
124.017430 10.675766
124.017498 10.675676
124.017571 10.675511
124.017661 10.675230
124.017750 10.674979
124.017856 10.674790
124.018479 10.674008
124.019255 10.673064
124.019492 10.672691
124.019839 10.672021
124.020084 10.671494
124.020205 10.671215
124.020310 10.670877
124.020617 10.669484
124.020788 10.668689
124.020875 10.668281
124.020965 10.667936
124.020997 10.667765
124.021004 10.667449
124.020977 10.667124
124.020756 10.665472
124.020747 10.665102
124.020812 10.664525
124.020876 10.664074
124.020848 10.663765
124.020455 10.661007
124.020406 10.660646
124.020396 10.660391
124.020408 10.660193
124.020469 10.659905
124.020910 10.658317
124.021423 10.656483
124.021927 10.654899
124.022131 10.654302
124.022437 10.653655
124.022763 10.652981
124.023042 10.652308
124.023277 10.651767
124.023402 10.651481
124.023504 10.651275
124.024096 10.650373
124.024349 10.650123
124.024657 10.649660
124.025021 10.648959
124.025061 10.648883
124.025369 10.648252
124.025475 10.648037
124.025546 10.647828
124.025721 10.646907
124.025813 10.646422
124.025961 10.645474
124.025989 10.645225
124.025967 10.645048
124.025927 10.644925
124.025487 10.644066
124.025406 10.643893
124.025330 10.643668
124.025316 10.643627
124.025282 10.643480
124.025189 10.642758
124.025112 10.642158
124.025072 10.641732
124.025037 10.640163
124.025025 10.639591
124.025049 10.639265
124.025105 10.638944
124.025184 10.638558
124.025216 10.638437
124.025353 10.637914
124.025438 10.637591
124.025485 10.637409
124.025559 10.637231
124.025672 10.636994
124.025934 10.636520
124.026229 10.635986
124.026337 10.635795
124.026457 10.635654
124.026554 10.635582
124.026928 10.635443
124.027025 10.635389
124.027099 10.635309
124.027535 10.634687
124.027612 10.634578
124.027697 10.634473
124.027785 10.634397
124.028193 10.634039
124.028317 10.633883
124.028390 10.633736
124.028407 10.633517
124.028375 10.633309
124.028289 10.633117
124.028017 10.632870
124.027953 10.632819
124.027909 10.632751
124.027841 10.632610
124.027814 10.632475
124.027820 10.632362
124.027841 10.632254
124.027942 10.632096
124.028098 10.631983
124.028222 10.631888
124.028304 10.631786
124.028338 10.631678
124.028346 10.631568
124.028326 10.631386
124.028232 10.631201
124.027764 10.630461
124.027672 10.630260
124.027613 10.630126
124.027322 10.629079
124.027205 10.628659
124.026942 10.627660
124.026747 10.626809
124.026425 10.625036
124.026380 10.624770
124.026244 10.623642
124.026215 10.623426
124.026203 10.623199
124.026218 10.622925
124.026540 10.621784
124.026836 10.620686
124.026860 10.620599
124.027090 10.619738
124.027226 10.619229
124.027286 10.619005
124.027371 10.618623
124.027402 10.618398
124.027406 10.618130
124.027367 10.616573
124.027358 10.615922
124.027309 10.615304
124.027194 10.614632
124.026765 10.612621
124.026548 10.611922
124.026501 10.611771
124.025651 10.609016
124.025362 10.608060
124.025255 10.607707
124.025151 10.607429
124.025074 10.607319
124.024932 10.607195
124.024371 10.606884
124.024216 10.606775
124.024148 10.606661
124.024125 10.606624
124.023981 10.606377
124.023768 10.605958
124.023095 10.604557
124.022926 10.604093
124.022506 10.602674
124.022269 10.601753
124.022254 10.601696
124.022223 10.601573
124.021818 10.600068
124.021768 10.599879
124.021703 10.599573
124.021527 10.599209
124.020164 10.597287
124.020112 10.597200
124.019899 10.596844
124.019657 10.596255
124.019286 10.595332
124.019086 10.594848
124.019036 10.594728
124.018856 10.594292
124.018656 10.593681
124.018495 10.592903
124.018445 10.592662
124.018215 10.591668
124.018180 10.591425
124.018151 10.591123
124.018044 10.590393
124.017974 10.589667
124.017891 10.588943
124.017784 10.588019
124.017772 10.587886
124.017758 10.587732
124.017679 10.586909
124.017667 10.586806
124.017539 10.585585
124.017528 10.585168
124.017522 10.585003
124.017497 10.584277
124.017492 10.584150
124.017474 10.583630
124.017488 10.583390
124.017513 10.583182
124.017586 10.582878
124.017730 10.582408
124.017880 10.581886
124.017958 10.581681
124.018075 10.581303
124.018192 10.580724
124.018203 10.580656
124.018267 10.580274
124.018343 10.579823
124.018350 10.579788
124.018377 10.579630
124.018492 10.578944
124.018535 10.578700
124.018589 10.578396
124.018618 10.578235
124.018914 10.576568
124.019004 10.576047
124.019126 10.575348
124.019178 10.575051
124.019316 10.574459
124.019417 10.574030
124.019502 10.573664
124.019863 10.572115
124.020142 10.570920
124.020503 10.569422
124.020623 10.568896
124.020708 10.568507
124.020804 10.567992
124.020807 10.567959
124.020834 10.567690
124.020943 10.566615
124.021021 10.565842
124.021043 10.565585
124.021069 10.565271
124.021196 10.564000
124.021210 10.563813
124.021227 10.563613
124.021300 10.562924
124.021346 10.562553
124.021362 10.562454
124.021428 10.562073
124.021616 10.560971
124.021804 10.559873
124.021848 10.559616
124.021980 10.558837
124.022121 10.557775
124.022140 10.557607
124.022395 10.555389
124.022639 10.553405
124.022747 10.552533
124.022874 10.551539
124.023088 10.549875
124.023112 10.549655
124.023281 10.548084
124.023354 10.547470
124.023382 10.547236
124.023414 10.546969
124.023635 10.545449
124.023704 10.544940
124.023791 10.544302
124.023953 10.543054
124.024000 10.542689
124.024248 10.540760
124.024268 10.540557
124.024341 10.539974
124.024385 10.539647
124.024430 10.539306
124.024615 10.537912
124.024629 10.537812
124.024934 10.535418
124.025281 10.532616
124.025307 10.532410
124.025314 10.532332
124.025347 10.531976
124.025347 10.531363
124.025317 10.531090
124.025312 10.531041
124.025283 10.530770
124.025165 10.530242
124.024830 10.529303
124.024469 10.528419
124.024247 10.527879
124.024025 10.527312
124.023942 10.526956
124.023928 10.526524
124.023989 10.526102
124.024116 10.525686
124.024317 10.525249
124.024539 10.525010
124.025706 10.524139
124.025867 10.523960
124.026565 10.523426
124.027187 10.522948
124.027771 10.522483
124.028375 10.522041
124.029162 10.521445
124.029240 10.521378
124.029341 10.521292
124.029358 10.521125
124.029345 10.520973
124.029294 10.520816
124.029196 10.520612
124.029046 10.520286
124.028890 10.519946
124.028565 10.519171
124.028460 10.518769
124.028265 10.517571
124.028190 10.517158
124.028141 10.516886
124.028108 10.516704
124.027909 10.515588
124.027792 10.514935
124.027648 10.513985
124.027581 10.513536
124.027522 10.513196
124.027265 10.511850
124.027080 10.510737
124.027006 10.510600
124.026920 10.510470
124.026908 10.510419
124.026921 10.510371
124.026948 10.510314
124.027051 10.510174
124.027171 10.510010
124.027509 10.509561
124.027623 10.509430
124.027982 10.509020
124.030213 10.506647
124.030316 10.506537
124.030422 10.506379
124.030486 10.506239
124.031133 10.504448
124.031179 10.504213
124.031196 10.503928
124.031186 10.503546
124.031182 10.503413
124.031161 10.502690
124.031158 10.502584
124.031132 10.501666
124.031111 10.500939
124.031089 10.500188
124.031066 10.499389
124.031039 10.498452
124.031030 10.498115
124.031033 10.497851
124.031036 10.497627
124.031045 10.496941
124.031049 10.496622
124.031018 10.496090
124.030948 10.495672
124.030814 10.495286
124.030556 10.494703
124.030526 10.494648
124.029382 10.492517
124.029256 10.492283
124.028338 10.490543
124.028319 10.490507
124.027798 10.489520
124.027746 10.489414
124.027255 10.488420
124.027056 10.488016
124.026980 10.487862
124.026528 10.486948
124.026210 10.486421
124.026144 10.486332
124.025747 10.485797
124.025602 10.485605
124.024843 10.484600
124.023898 10.483349
124.023470 10.482884
124.022612 10.481950
124.022306 10.481570
124.022163 10.481328
124.021982 10.481021
124.021783 10.480611
124.021600 10.480181
124.021228 10.479219
124.021084 10.478822
124.020869 10.478230
124.020223 10.476449
124.020046 10.475928
124.019892 10.475477
124.019337 10.473974
124.019301 10.473878
124.019135 10.473429
124.019059 10.473223
124.019003 10.473072
124.018981 10.473009
124.018833 10.472594
124.018638 10.472045
124.018523 10.471720
124.018362 10.471267
124.018136 10.470630
124.018036 10.470360
124.017333 10.468455
124.017279 10.468307
124.017145 10.467906
124.017107 10.467795
124.016758 10.466748
124.016322 10.465283
124.015947 10.464033
124.015897 10.463850
124.015801 10.463509
124.015552 10.462651
124.015455 10.462319
124.015139 10.461250
124.014607 10.459516
124.014499 10.459149
124.014172 10.458071
124.013584 10.456034
124.013007 10.454095
124.012674 10.453028
124.012604 10.452845
124.012254 10.451919
124.012198 10.451771
124.011292 10.449980
124.010856 10.449092
124.010403 10.447846
124.010074 10.446897
124.010028 10.446665
124.009961 10.446057
124.009931 10.445794
124.009804 10.444587
124.009625 10.442837
124.009566 10.442258
124.009463 10.441570
124.009124 10.439393
124.008884 10.437852
124.008789 10.437199
124.008693 10.436865
124.008573 10.436584
124.008483 10.436413
124.008334 10.436127
124.008133 10.435828
124.008088 10.435762
124.006954 10.434450
124.006776 10.434245
124.006509 10.433949
124.006344 10.433766
124.005783 10.433228
124.004836 10.432436
124.004618 10.432223
124.004328 10.431889
124.004133 10.431640
124.003655 10.430937
124.003246 10.430335
124.002988 10.429955
124.002664 10.429478
124.001471 10.427720
124.001273 10.427433
124.001086 10.427160
124.000561 10.426394
124.000473 10.426266
123.999829 10.425335
123.999647 10.425072
123.998902 10.423975
123.998551 10.423480
123.998366 10.423182
123.998289 10.422981
123.998266 10.422919
123.998205 10.422683
123.998193 10.422594
123.998181 10.422504
123.998148 10.422254
123.998099 10.421960
123.997891 10.420296
123.997628 10.418386
123.997565 10.417958
123.997331 10.416354
123.997267 10.415636
123.997251 10.415263
123.997297 10.414501
123.997346 10.413669
123.997421 10.412402
123.997571 10.410332
123.997630 10.409512
123.997682 10.408789
123.997780 10.408325
123.998049 10.407408
123.998069 10.407338
123.998525 10.405783
123.998608 10.405499
123.998967 10.404291
123.999043 10.404037
123.999384 10.402889
123.999425 10.402749
123.999608 10.402120
123.999842 10.401317
123.999877 10.401166
124.000093 10.400263
124.000115 10.400154
124.000193 10.399764
124.000187 10.399490
124.000127 10.399361
123.999997 10.399287
123.999790 10.399292
123.999678 10.399330
123.999516 10.399385
123.998811 10.399732
123.998436 10.399876
123.997682 10.400167
123.996434 10.400648
123.996151 10.400727
123.995756 10.400795
123.994955 10.400847
123.994075 10.400929
123.993632 10.400994
123.993004 10.401086
123.992949 10.401094
123.992007 10.401226
123.991508 10.401326
123.991410 10.401336
123.991252 10.401344
123.991141 10.401324
123.991007 10.401252
123.990630 10.400940
123.990406 10.400698
123.990357 10.400645
123.990167 10.400341
123.989991 10.400024
123.989709 10.399513
123.989330 10.398830
123.988942 10.398170
123.988531 10.397509
123.988272 10.397143
123.988195 10.397035
123.987990 10.396745
123.987692 10.396364
123.987617 10.396283
123.986935 10.395547
123.986518 10.395107
123.986104 10.394672
123.986017 10.394580
123.985865 10.394420
123.985383 10.393893
123.984988 10.393462
123.984758 10.393212
123.984386 10.392804
123.984308 10.392728
123.983774 10.392214
123.983589 10.392035
123.982113 10.390684
123.981973 10.390557
123.981917 10.390505
123.981515 10.390113
123.981120 10.389728
123.980827 10.389443
123.980719 10.389337
123.980030 10.388668
123.979749 10.388407
123.978010 10.386783
123.977413 10.386309
123.976813 10.385844
123.976231 10.385439
123.974143 10.384314
123.973573 10.384011
123.973198 10.383787
123.973068 10.383680
123.972838 10.383492
123.972561 10.383276
123.970975 10.382039
123.970912 10.381989
123.970781 10.381887
123.970224 10.381481
123.970179 10.381448
123.969881 10.381262
123.969587 10.381137
123.968757 10.380892
123.968576 10.380840
123.968052 10.380680
123.967910 10.380637
123.967405 10.380420
123.967296 10.380373
123.966933 10.380206
123.966273 10.379902
123.966045 10.379794
123.965940 10.379744
123.964868 10.379234
123.964586 10.379101
123.964175 10.378873
123.964021 10.378767
123.963807 10.378600
123.963618 10.378453
123.962848 10.377859
123.962316 10.377448
123.962145 10.377307
123.962005 10.377211
123.961882 10.377128
123.961766 10.377051
123.961399 10.376870
123.961056 10.376754
123.960969 10.376733
123.960930 10.376723
123.960141 10.376528
123.960021 10.376502
123.959487 10.376412
123.959166 10.376356
123.958732 10.376309
123.958550 10.376272
123.957798 10.376192
123.957411 10.376069
123.956993 10.375886
123.956932 10.375851
123.956571 10.375645
123.956374 10.375496
123.955983 10.375073
123.955701 10.374769
123.955485 10.374530
123.955204 10.374218
123.954875 10.373537
123.954589 10.372962
123.954454 10.372692
123.954418 10.372618
123.954139 10.372111
123.953784 10.371463
123.953737 10.371380
123.953657 10.371237
123.953364 10.370716
123.953251 10.370430
123.953219 10.370264
123.953218 10.370262
123.953206 10.370183
123.953183 10.370046
123.953184 10.369853
123.953189 10.369669
123.953199 10.369344
123.953169 10.369038
123.953084 10.368764
123.953070 10.368732
123.952989 10.368543
123.952444 10.367744
123.952097 10.367237
123.951736 10.366711
123.951533 10.366415
123.951347 10.366145
123.951022 10.365673
123.950606 10.365068
123.950349 10.364694
123.950311 10.364640
123.950255 10.364539
123.950187 10.364418
123.950172 10.364391
123.950143 10.364339
123.950052 10.364097
123.949995 10.363790
123.949993 10.363774
123.949844 10.362527
123.949774 10.361933
123.949719 10.361587
123.949712 10.361473
123.949686 10.361088
123.949694 10.360874
123.949742 10.360288
123.949764 10.360059
123.949862 10.359020
123.949871 10.358920
123.950013 10.357327
123.950090 10.356455
123.950092 10.356091
123.950065 10.355759
123.950057 10.355672
123.949949 10.354684
123.949859 10.353931
123.949802 10.353528
123.949654 10.352692
123.949618 10.352487
123.949578 10.352264
123.949521 10.351989
123.949390 10.351353
123.949248 10.350764
123.949192 10.350563
123.949147 10.350397
123.948549 10.348360
123.948508 10.348204
123.948215 10.347073
123.948024 10.346251
123.947987 10.346091
123.947975 10.346035
123.947844 10.345446
123.947728 10.344920
123.947621 10.344295
123.947594 10.344050
123.947593 10.343628
123.947621 10.343082
123.947585 10.342817
123.947529 10.342548
123.947427 10.342214
123.947357 10.341983
123.947326 10.341881
123.947246 10.341670
123.947224 10.341613
123.947197 10.341541
123.947113 10.341322
123.947023 10.341084
123.946887 10.340719
123.946660 10.340388
123.946573 10.340261
123.946446 10.340077
123.945910 10.339494
123.945161 10.338933
123.945076 10.338873
123.944796 10.338677
123.944725 10.338627
123.943288 10.337620
123.942406 10.337002
123.942075 10.336758
123.942017 10.336717
123.941247 10.336189
123.940859 10.335997
123.939689 10.335177
123.938725 10.335870
123.938564 10.335986
123.938049 10.336562
123.937339 10.337658
123.936954 10.338252
123.936876 10.338371
123.936335 10.339157
123.936026 10.339682
123.935670 10.340088
123.935081 10.340580
123.934427 10.341266
123.933574 10.342161
123.933289 10.342461
123.932517 10.343271
123.931198 10.344655
123.931067 10.344793
123.930544 10.345340
123.929950 10.346022
123.929831 10.346127
123.929734 10.346213
123.929587 10.346343
123.929351 10.346495
123.928837 10.346827
123.928616 10.346969
123.928579 10.346993
123.928203 10.347205
123.927408 10.347654
123.927189 10.347768
123.926947 10.347895
123.926586 10.348194
123.926435 10.348319
123.926413 10.348337
123.926143 10.348663
123.925805 10.349070
123.925560 10.349352
123.925023 10.349970
123.924497 10.350634
123.924203 10.351002
123.922794 10.352717
123.922642 10.352903
123.922365 10.353241
123.922048 10.353571
123.922016 10.353603
123.921174 10.354505
123.920575 10.355127
123.920496 10.355215
123.920445 10.355269
123.920301 10.355421
123.920020 10.355697
123.919651 10.356060
123.919518 10.356198
123.919387 10.356403
123.919358 10.356450
123.919311 10.356616
123.919187 10.357062
123.919128 10.357144
123.919064 10.357234
123.918895 10.357371
123.918860 10.357386
123.918287 10.357620
123.917655 10.357878
123.917259 10.358115
123.917131 10.358271
123.916963 10.358477
123.916818 10.358868
123.916808 10.359020
123.916763 10.359640
123.916674 10.359882
123.916578 10.359969
123.916406 10.360125
123.916145 10.360185
123.916054 10.360186
123.915808 10.360187
123.915437 10.360194
123.915465 10.360057
123.915659 10.359107
123.915699 10.358834
123.915703 10.358737
123.915705 10.358685
123.915664 10.358501
123.915574 10.358350
123.915452 10.358182
123.915368 10.358069
123.915243 10.357900
123.915211 10.357857
123.915144 10.357731
123.915115 10.357595
123.915113 10.357078
123.915112 10.356648
123.915116 10.356375
123.915118 10.356116
123.915123 10.355944
123.915079 10.355698
123.915045 10.355608
123.915016 10.355524
123.914994 10.355473
123.914943 10.355379
123.914891 10.355267
123.914740 10.354925
123.914703 10.354841
123.914675 10.354777
123.914591 10.354585
123.914525 10.354343
123.914459 10.354097
123.914340 10.353655
123.914186 10.353081
123.914134 10.352889
123.914078 10.352680
123.914040 10.352540
123.913997 10.352381
123.913784 10.351566
123.913757 10.351448
123.913692 10.351163
123.913616 10.350828
123.913570 10.350626
123.913544 10.350519
123.913522 10.350393
123.913512 10.350336
123.913481 10.350170
123.913474 10.350128
123.913424 10.349834
123.913380 10.349582
123.913377 10.349569
123.913360 10.349473
123.913321 10.349247
123.913296 10.349106
123.913284 10.349040
123.913237 10.348796
123.913193 10.348560
123.913128 10.348216
123.913059 10.347883
123.913021 10.347665
123.912938 10.347200
123.912903 10.346999
123.912882 10.346884
123.912802 10.346433
123.912789 10.346360
123.912718 10.345962
123.912699 10.345852
123.912681 10.345756
123.912512 10.345274
123.912349 10.344362
123.912328 10.344242
123.912242 10.343752
123.912191 10.343451
123.912050 10.342617
123.911898 10.341724
123.911889 10.341668
123.911882 10.341117
123.912050 10.341051
123.912105 10.341207
123.912787 10.340920
123.912105 10.341207
123.912156 10.341356
123.912210 10.341531
123.912084 10.341576
123.912058 10.341632
123.912114 10.341949
123.912332 10.343170
123.912379 10.343421
123.912584 10.343539
123.912722 10.343517
123.913663 10.343362
123.913858 10.343441
123.913668 10.343770
123.913513 10.343914
123.913205 10.344004
123.912519 10.344205
123.912706 10.345238
123.912681 10.345756
123.912699 10.345852
123.912718 10.345962
123.912789 10.346360
123.912802 10.346433
123.912882 10.346884
123.912903 10.346999
123.912938 10.347200
123.913021 10.347665
123.913059 10.347883
123.913128 10.348216
123.913193 10.348560
123.913237 10.348796
123.913284 10.349040
123.913296 10.349106
123.913321 10.349247
123.913360 10.349473
123.913377 10.349569
123.913380 10.349582
123.913424 10.349834
123.913474 10.350128
123.913481 10.350170
123.913512 10.350336
123.913522 10.350393
123.913544 10.350519
123.913570 10.350626
123.913616 10.350828
123.913692 10.351163
123.913757 10.351448
123.913784 10.351566
123.913997 10.352381
123.914040 10.352540
123.914078 10.352680
123.914134 10.352889
123.914186 10.353081
123.914340 10.353655
123.914459 10.354097
123.914525 10.354343
123.914591 10.354585
123.914675 10.354777
123.914703 10.354841
123.914740 10.354925
123.914891 10.355267
123.914943 10.355379
123.914994 10.355473
123.915016 10.355524
123.915045 10.355608
123.915079 10.355698
123.915123 10.355944
123.915118 10.356116
123.915116 10.356375
123.915112 10.356648
123.915113 10.357078
123.915115 10.357595
123.915144 10.357731
123.915211 10.357857
123.915243 10.357900
123.915368 10.358069
123.915452 10.358182
123.915574 10.358350
123.915664 10.358501
123.915705 10.358685
123.915703 10.358737
123.915699 10.358834
123.915659 10.359107
123.915465 10.360057
123.915437 10.360194
123.915808 10.360187
123.916054 10.360186
123.916145 10.360185
123.916406 10.360125
123.916578 10.359969
123.916674 10.359882
123.916763 10.359640
123.916808 10.359020
123.916818 10.358868
123.916963 10.358477
123.917131 10.358271
123.917259 10.358115
123.917655 10.357878
123.918287 10.357620
123.918860 10.357386
123.918895 10.357371
123.919064 10.357234
123.919128 10.357144
123.919187 10.357062
123.919311 10.356616
123.919358 10.356450
123.919387 10.356403
123.919518 10.356198
123.919651 10.356060
123.920020 10.355697
123.920301 10.355421
123.920445 10.355269
123.920496 10.355215
123.920575 10.355127
123.920972 10.354697
123.921174 10.354505
123.921421 10.355016
123.921544 10.355150
123.921708 10.355253
123.921771 10.355274
