46.354358 53.857282
46.353114 53.857083
46.352558 53.857059
46.351793 53.856997
46.347688 53.856592
46.347192 53.857707
46.346195 53.860023
46.341655 53.859657
46.339517 53.859444
46.338182 53.859324
46.337742 53.859241
46.337506 53.859159
46.337120 53.858919
46.336808 53.858678
46.336562 53.858469
46.336434 53.858444
46.336186 53.858431
46.335961 53.858539
46.334491 53.859153
46.334158 53.859273
46.333933 53.859292
46.333690 53.859179
46.333427 53.858958
46.333203 53.858596
46.332947 53.858222
46.332419 53.857189
46.332290 53.856970
46.332167 53.856880
46.332051 53.856761
46.332023 53.856732
46.331878 53.856583
46.331824 53.856457
46.331835 53.856241
46.331899 53.856051
46.331953 53.855811
46.331888 53.855077
46.331867 53.854685
46.331888 53.854406
46.331942 53.854020
46.331964 53.853754
46.331962 53.852320
46.327171 53.851982
46.326108 53.851964
46.326085 53.851486
46.326192 53.850916
46.326033 53.850391
46.325787 53.850336
46.325520 53.850353
46.325172 53.850129
46.324800 53.849464
46.324497 53.848942
46.323136 53.849016
46.323241 53.848599
46.324002 53.846526
46.321547 53.845917
46.314843 53.846853
46.314286 53.846911
46.314332 53.849026
46.313516 53.849361
46.313125 53.849638
46.312432 53.850553
46.312376 53.850628
46.312162 53.850891
46.310760 53.852436
46.312162 53.850891
46.312376 53.850628
46.312432 53.850553
46.308627 53.849362
46.308737 53.849274
46.308806 53.849030
46.308539 53.848156
46.308254 53.847718
46.307935 53.847041
46.307803 53.846773
46.312512 53.846874
46.312778 53.846880
46.313662 53.846899
46.314286 53.846911
46.314843 53.846853
46.321547 53.845917
46.324898 53.845432
46.326448 53.845128
46.327921 53.844755
46.329258 53.844370
46.330848 53.843859
46.331536 53.843698
46.332042 53.843687
46.332811 53.843740
46.333352 53.843904
46.333984 53.844167
46.334509 53.844663
46.334902 53.845063
46.335238 53.845461
46.335421 53.845637
46.335868 53.845896
46.336357 53.846073
46.336884 53.846215
46.337224 53.846306
46.337393 53.846390
46.337682 53.846251
46.338041 53.846248
46.338213 53.846232
46.338567 53.846229
46.338996 53.846210
46.339323 53.846175
46.339720 53.846125
46.339897 53.846077
46.340091 53.845992
46.340193 53.845938
46.340380 53.845827
46.340531 53.845692
46.340718 53.845530
46.340976 53.845346
46.341282 53.845207
46.341662 53.845030
46.342145 53.844881
46.342494 53.844764
46.343111 53.844514
46.343551 53.844318
46.344184 53.844115
46.344565 53.843963
46.344811 53.843871
46.345165 53.843780
46.345584 53.843739
46.345852 53.843739
46.346109 53.843773
46.346378 53.843742
46.346721 53.843748
46.347000 53.843726
46.347284 53.843729
46.347526 53.843735
46.347864 53.843697
46.348148 53.843631
46.348345 53.843568
46.348518 53.843412
46.348609 53.843299
46.348765 53.843140
46.348899 53.842941
46.349049 53.842779
46.349215 53.842612
46.349312 53.842435
46.349376 53.842276
46.349494 53.842090
46.349575 53.841972
46.349795 53.841786
46.349956 53.841631
46.350133 53.841444
46.350326 53.841276
46.350503 53.841096
46.350567 53.841035
46.350648 53.840991
46.350744 53.841013
46.350916 53.841127
46.351200 53.841415
46.351576 53.841846
46.351860 53.842289
46.351968 53.842444
46.352037 53.842472
46.352150 53.842463
46.352257 53.842425
46.352284 53.842349
46.352257 53.842264
46.352263 53.842216
46.352322 53.842146
46.352429 53.842096
46.352606 53.842058
46.352788 53.842039
46.353074 53.842115
46.353247 53.842221
46.355929 53.841415
46.358262 53.844086
