30.739393 59.900578
30.737195 59.900558
30.736675 59.900556
30.733422 59.900530
30.730173 59.900488
30.725578 59.900396
30.721289 59.900246
30.715716 59.900015
30.710594 59.899765
30.708226 59.899610
30.703685 59.899321
30.701301 59.899150
30.700856 59.899116
30.696617 59.898755
30.695433 59.898661
30.691456 59.898308
30.690153 59.898187
30.687363 59.897911
30.687001 59.897867
30.685911 59.897751
30.681712 59.897306
30.679570 59.897058
30.678356 59.896918
30.677121 59.896765
30.673805 59.896336
30.673021 59.896238
30.670792 59.895947
30.670149 59.895854
30.668417 59.895613
30.667488 59.895481
30.664562 59.895057
30.661789 59.894642
30.660265 59.894405
30.658756 59.894154
30.656801 59.893834
30.654865 59.893501
30.654805 59.893490
30.652894 59.893156
30.651603 59.892944
30.650066 59.892686
30.639614 59.890968
30.636176 59.890403
30.635453 59.890301
30.634731 59.890193
30.633673 59.890049
30.632907 59.889951
30.630470 59.889660
30.627935 59.889385
30.625985 59.889191
30.624335 59.889045
30.623116 59.888942
30.622694 59.888907
30.622573 59.888898
30.620695 59.888759
30.616994 59.888531
30.612237 59.888304
30.609136 59.888236
30.607585 59.888201
30.605265 59.888178
30.602961 59.888187
30.599127 59.888221
30.597664 59.888260
30.594185 59.888353
30.591124 59.888521
30.590919 59.888534
30.585380 59.888949
30.583345 59.889102
30.581722 59.889237
30.564219 59.890643
30.545937 59.892160
30.535521 59.892996
30.534205 59.893086
30.533614 59.893113
30.532515 59.893124
30.531476 59.893116
30.530849 59.893097
30.530197 59.893070
30.529323 59.893001
30.528833 59.892958
30.528394 59.892913
30.527182 59.892755
30.525770 59.892516
30.523840 59.892073
30.523123 59.891908
30.521176 59.891422
30.520792 59.891323
30.517199 59.890445
30.516535 59.890288
30.513922 59.889636
30.512759 59.889347
30.510312 59.888755
30.510182 59.888723
30.510107 59.888702
30.507259 59.888001
30.505990 59.887684
30.504728 59.887374
30.502625 59.886853
30.502446 59.886809
30.501583 59.886595
30.501365 59.886542
30.500871 59.886444
30.499540 59.886203
30.498918 59.886097
30.498244 59.885993
30.496430 59.885761
30.495416 59.885649
30.494419 59.885542
30.492516 59.885342
30.490590 59.885145
30.490115 59.885103
30.489803 59.885077
30.488171 59.884932
30.487856 59.884904
30.487338 59.884857
30.485957 59.884722
30.484733 59.884583
30.483452 59.884429
30.481643 59.884176
30.478914 59.883760
30.477755 59.883561
30.475278 59.883106
30.473058 59.882647
30.471566 59.882323
30.470702 59.882113
30.470664 59.882103
30.470005 59.881940
30.469689 59.882327
30.469657 59.882359
30.469062 59.882953
30.467816 59.884197
30.467563 59.884449
30.467427 59.884585
30.467123 59.884893
30.464997 59.887051
30.464807 59.887315
30.464397 59.888404
30.464087 59.889227
30.463992 59.889478
30.463945 59.889605
30.463897 59.889729
30.462352 59.893821
30.462298 59.893962
30.462223 59.894161
30.462060 59.894593
30.461870 59.895160
30.461533 59.896040
30.461330 59.896387
30.460898 59.897062
30.459507 59.899360
30.459121 59.900247
30.458877 59.900862
30.458836 59.900973
30.458760 59.901170
30.458683 59.901361
30.458383 59.902163
30.458330 59.902251
30.458011 59.902602
30.457738 59.902880
30.457344 59.903170
30.456427 59.903682
30.455498 59.904208
30.454825 59.904586
30.454219 59.904952
30.454000 59.905078
30.452757 59.905805
30.452184 59.906129
30.451438 59.906561
30.450621 59.906993
30.450094 59.907270
30.448224 59.908262
30.446109 59.909375
30.445321 59.909750
30.444731 59.910032
30.444038 59.910356
30.442016 59.911225
30.441768 59.911333
30.439822 59.912193
30.439438 59.912363
30.439920 59.912474
30.442417 59.913050
30.444924 59.913643
30.447318 59.914214
30.451587 59.915219
30.456312 59.916318
30.456778 59.916426
30.457117 59.916500
30.457972 59.916709
30.458366 59.916661
30.458834 59.916707
30.460821 59.917179
30.462266 59.917522
30.463694 59.917862
30.464198 59.917982
30.464830 59.918130
30.465019 59.917956
30.465265 59.917730
30.465428 59.917761
30.465675 59.917621
30.465661 59.917325
30.465826 59.917126
30.465894 59.917043
30.466113 59.917032
30.466270 59.916865
30.466157 59.916716
30.466319 59.916542
