-1.268544 50.736649
-1.268528 50.737084
-1.268537 50.737241
-1.268571 50.737494
-1.268686 50.737848
-1.268841 50.738348
-1.269121 50.738335
-1.269232 50.738349
-1.269837 50.738575
-1.270191 50.738718
-1.270718 50.739023
-1.270924 50.739142
-1.271105 50.739252
-1.271524 50.739505
-1.271913 50.739740
-1.273305 50.740545
-1.273498 50.740539
-1.276012 50.739857
-1.276223 50.739814
-1.276318 50.739833
-1.276397 50.739849
-1.276469 50.739989
-1.276742 50.740526
-1.276773 50.740604
-1.277240 50.741684
-1.277645 50.742897
-1.277725 50.743007
-1.277760 50.743043
-1.277815 50.743100
-1.277945 50.743200
-1.278006 50.743255
-1.278066 50.743336
-1.278117 50.743385
-1.279053 50.743119
-1.280366 50.742804
-1.280948 50.742769
-1.282062 50.742434
-1.280948 50.742769
-1.280366 50.742804
-1.279053 50.743119
-1.279307 50.743536
-1.279464 50.743793
-1.279486 50.744014
-1.279692 50.744064
-1.280041 50.743990
-1.280374 50.744017
-1.280449 50.743914
-1.281358 50.744032
-1.280449 50.743914
-1.280374 50.744017
-1.280041 50.743990
-1.279692 50.744064
-1.279486 50.744014
-1.279304 50.744105
-1.279315 50.744209
-1.279344 50.744477
-1.279112 50.744567
-1.279072 50.744643
-1.279193 50.744962
-1.279103 50.745258
-1.279289 50.745543
-1.279103 50.745258
-1.279193 50.744962
-1.279072 50.744643
-1.279112 50.744567
-1.279344 50.744477
-1.279315 50.744209
-1.279304 50.744105
-1.279486 50.744014
-1.279464 50.743793
-1.279307 50.743536
-1.279053 50.743119
-1.278117 50.743385
-1.277928 50.743438
-1.277808 50.743472
-1.277856 50.743599
-1.278164 50.744421
-1.278437 50.745305
-1.279193 50.747580
-1.279204 50.747603
-1.279229 50.747665
-1.279433 50.747985
-1.279550 50.748168
-1.279611 50.748258
-1.279778 50.748502
-1.279968 50.748668
-1.280946 50.749515
-1.281177 50.749760
-1.281769 50.750227
-1.281919 50.750478
-1.282342 50.751025
-1.284338 50.751142
-1.285172 50.751201
-1.285977 50.751243
-1.286202 50.751255
-1.286365 50.751315
-1.286428 50.751418
-1.286497 50.751745
-1.287915 50.751725
-1.288271 50.751722
-1.288455 50.751777
-1.288515 50.751872
-1.288527 50.752192
-1.288633 50.752355
-1.288815 50.752538
-1.289150 50.752868
-1.289407 50.752747
-1.289483 50.752472
-1.289568 50.752369
-1.289900 50.752320
-1.290208 50.752338
-1.290326 50.752308
-1.290371 50.752219
-1.290443 50.751840
-1.290443 50.751470
-1.290259 50.751191
-1.290333 50.751029
-1.290259 50.751191
-1.290443 50.751470
-1.290443 50.751840
-1.290371 50.752219
-1.290326 50.752308
-1.290208 50.752338
-1.289900 50.752320
-1.289568 50.752369
-1.289483 50.752472
-1.289407 50.752747
-1.289150 50.752868
-1.288815 50.752538
-1.288633 50.752355
-1.288527 50.752192
-1.288515 50.751872
-1.288455 50.751777
-1.288271 50.751722
-1.287915 50.751725
-1.287767 50.751195
-1.287585 50.750450
-1.288245 50.750403
-1.288611 50.750403
-1.289128 50.750341
-1.289307 50.750218
-1.289639 50.749878
-1.289307 50.750218
-1.289128 50.750341
-1.288611 50.750403
-1.288245 50.750403
-1.287585 50.750450
-1.287767 50.751195
-1.287915 50.751725
-1.288271 50.751722
-1.288455 50.751777
-1.288515 50.751872
-1.288527 50.752192
-1.288633 50.752355
-1.288815 50.752538
-1.289150 50.752868
-1.289530 50.753359
-1.289583 50.753851
-1.289543 50.754478
-1.289413 50.754808
-1.289124 50.755541
-1.288625 50.756721
-1.288389 50.757224
-1.288153 50.757702
-1.288299 50.757725
-1.288335 50.757731
-1.288432 50.757730
-1.288552 50.757715
-1.288754 50.757677
-1.289048 50.757594
-1.289356 50.757520
-1.289536 50.757485
-1.289666 50.757470
-1.289873 50.757461
-1.290116 50.757461
-1.290351 50.757465
-1.290363 50.757523
-1.290344 50.757568
-1.290311 50.757608
-1.290071 50.757819
-1.289843 50.758012
-1.289734 50.758102
-1.289576 50.758242
-1.289424 50.758379
-1.289299 50.758485
-1.289184 50.758575
-1.289195 50.758606
-1.289189 50.758635
-1.289166 50.758663
-1.289143 50.758679
-1.289100 50.758694
-1.289051 50.758700
-1.288997 50.758693
-1.288955 50.758676
-1.288925 50.758651
-1.288909 50.758608
-1.288800 50.758569
-1.288664 50.758525
-1.287935 50.758230
-1.287813 50.758178
-1.287742 50.758148
-1.287644 50.758103
-1.286814 50.757737
-1.286701 50.757669
-1.286608 50.757586
-1.286562 50.757494
-1.286535 50.757399
-1.286535 50.757336
-1.286551 50.757277
-1.286618 50.757085
-1.286541 50.756961
-1.286379 50.756840
-1.285805 50.756537
-1.285470 50.756375
-1.284703 50.756003
-1.284239 50.755832
-1.282520 50.755293
-1.282210 50.755200
-1.281757 50.755068
-1.281127 50.754887
-1.280752 50.754769
-1.280567 50.754705
-1.280406 50.754640
-1.280351 50.754618
-1.279905 50.754435
-1.278892 50.754003
-1.278471 50.753812
-1.278414 50.753781
-1.278322 50.753720
-1.278227 50.753639
-1.278104 50.753516
-1.277935 50.753303
-1.277822 50.753124
-1.277727 50.752924
-1.277626 50.752626
-1.277559 50.752379
-1.277525 50.752111
-1.277529 50.751852
-1.277560 50.751329
-1.277564 50.750975
-1.277553 50.750614
-1.277537 50.750461
-1.277518 50.750376
-1.277483 50.750301
-1.277414 50.750223
-1.277332 50.750154
-1.277231 50.750090
-1.277113 50.750041
-1.276974 50.750006
-1.276825 50.749987
-1.276546 50.749961
-1.276410 50.749947
-1.276337 50.749930
-1.276252 50.749901
-1.276175 50.749858
-1.276133 50.749816
-1.276104 50.749773
-1.275990 50.749338
-1.275967 50.749207
-1.275942 50.749046
-1.275891 50.748678
-1.275806 50.748113
-1.275784 50.748006
-1.275724 50.747776
-1.275627 50.747481
-1.275498 50.747171
-1.275321 50.746840
-1.275111 50.746510
-1.274925 50.746244
-1.274272 50.745345
-1.274253 50.745159
-1.274157 50.744973
-1.274121 50.744946
-1.274099 50.744913
-1.274095 50.744878
-1.274108 50.744843
-1.273927 50.744732
-1.273551 50.744547
-1.273332 50.744403
-1.272918 50.744184
-1.272563 50.743996
-1.272067 50.743714
-1.271597 50.743417
-1.271413 50.743284
-1.271002 50.742989
-1.270531 50.742636
-1.270342 50.742483
-1.270172 50.742320
-1.270034 50.742163
-1.269892 50.741980
-1.269737 50.741712
-1.269648 50.741500
-1.269583 50.741272
-1.269543 50.741055
-1.269529 50.740845
-1.269509 50.740648
-1.269478 50.740473
-1.269450 50.740349
-1.269347 50.739988
-1.269100 50.739206
-1.268921 50.738616
-1.268841 50.738348
-1.268686 50.737848
-1.268571 50.737494
-1.268537 50.737241
-1.268528 50.737084
-1.268544 50.736649
