18.933989 49.527380
18.935250 49.527296
18.935176 49.527875
18.934625 49.528650
18.934192 49.529185
18.936677 49.529152
18.937698 49.529279
18.938535 49.529437
18.939336 49.529510
18.939942 49.529389
18.940076 49.529498
18.939954 49.529619
18.939566 49.529995
18.938729 49.530298
18.937831 49.530674
18.936800 49.531172
18.936606 49.531645
18.936655 49.532021
18.936849 49.532700
18.936727 49.533222
18.936460 49.533513
18.935840 49.533792
18.929292 49.534773
18.924657 49.535466
18.923917 49.535624
18.922965 49.536180
18.921679 49.536944
18.920308 49.537430
18.919944 49.537563
18.919860 49.537721
18.919957 49.537830
18.920551 49.537903
18.921509 49.538145
18.921885 49.538327
18.922079 49.538582
18.922079 49.538788
18.921849 49.539225
18.921412 49.540681
18.920939 49.542003
18.920866 49.542415
18.920668 49.542675
18.920658 49.542840
18.920679 49.543026
18.919763 49.543403
18.919428 49.543574
18.917584 49.544679
18.917566 49.544689
18.917546 49.544701
18.915530 49.545714
18.914848 49.546066
18.914405 49.546226
18.913866 49.546447
18.913609 49.546650
18.913463 49.546765
18.913289 49.546853
18.912957 49.546867
18.911764 49.546911
18.911387 49.546889
18.910445 49.546787
18.909958 49.546728
18.909564 49.546701
18.909285 49.546697
18.908510 49.546797
18.907771 49.546684
18.907304 49.546581
18.906888 49.546541
18.906142 49.546544
18.905582 49.546563
18.905224 49.546575
18.903947 49.546576
18.903657 49.546606
18.903525 49.546591
18.903120 49.546568
18.902907 49.546581
18.902740 49.546692
18.902658 49.546821
18.902597 49.546972
18.902514 49.547058
18.902316 49.547111
18.902075 49.547044
18.901676 49.546930
18.901398 49.546845
18.901165 49.546805
18.900872 49.546823
18.900311 49.546850
18.899758 49.546913
18.898791 49.547138
18.898652 49.547164
18.898477 49.547272
18.898394 49.547492
18.898432 49.547624
18.898698 49.547814
18.898903 49.547993
18.899215 49.548152
18.899308 49.548231
18.899301 49.548337
18.899109 49.548412
18.899081 49.548566
18.899082 49.548718
18.899090 49.548890
18.899055 49.548984
18.899006 49.549048
18.898697 49.549386
18.898411 49.549653
18.898224 49.549874
18.900344 49.549975
18.900956 49.550076
18.901656 49.550250
18.904094 49.551158
18.906657 49.552119
18.907338 49.552369
18.908261 49.552722
18.909403 49.553144
18.909866 49.553279
18.910416 49.553389
18.911546 49.553617
18.914954 49.554272
18.917648 49.555146
18.918275 49.555150
18.918986 49.554947
18.919865 49.554418
18.919987 49.554336
18.921165 49.553605
18.923730 49.552262
18.924245 49.551847
18.924927 49.551098
18.925191 49.550829
18.925584 49.550421
18.925696 49.550214
18.925659 49.549943
18.925607 49.549653
18.925708 49.549536
18.925854 49.549494
18.926092 49.549528
18.926876 49.549654
18.926540 49.549366
18.926287 49.549182
18.926171 49.549095
18.925835 49.548904
