137.237008 36.695743
137.236761 36.695708
137.236751 36.695582
137.236740 36.695014
137.236665 36.694618
137.236606 36.694299
137.236579 36.694128
137.236547 36.693964
137.236483 36.693586
137.236469 36.693398
137.236461 36.693286
137.236447 36.692777
137.236448 36.692412
137.236450 36.691371
137.236461 36.691074
137.236433 36.690209
137.236429 36.690084
137.236440 36.689912
137.236416 36.689107
137.236397 36.688475
137.236379 36.687752
137.236375 36.687624
137.236311 36.686927
137.236258 36.686481
137.236247 36.686385
137.236236 36.685912
137.236279 36.685327
137.236343 36.684733
137.236371 36.684417
137.236398 36.684125
137.236403 36.684062
137.236418 36.683898
137.236426 36.683659
137.236442 36.683218
137.236504 36.682427
137.236582 36.681565
137.236644 36.680878
137.236721 36.679885
137.236740 36.679639
137.236794 36.679080
137.236880 36.678082
137.236922 36.677600
137.236922 36.677488
137.236450 36.677540
137.236302 36.677557
137.235249 36.677677
137.235004 36.677703
137.234343 36.677771
137.233157 36.677918
137.232213 36.678039
137.231970 36.678081
137.231526 36.678142
137.231166 36.678185
137.230303 36.678288
137.230067 36.678306
137.229478 36.678330
137.229154 36.678324
137.228597 36.678314
137.228181 36.678280
137.228071 36.678271
137.227902 36.678285
137.227749 36.678297
137.227372 36.678289
137.227020 36.678313
137.227002 36.678314
137.226352 36.678392
137.225711 36.678469
137.225322 36.678513
137.224735 36.678581
137.224629 36.678596
137.224198 36.678658
137.224082 36.678663
137.223503 36.678685
137.223286 36.678693
137.222839 36.678714
137.222224 36.678744
137.221914 36.678754
137.221130 36.678779
137.220818 36.678792
137.220222 36.678818
137.219327 36.678856
137.219061 36.678873
137.218338 36.678918
137.218083 36.678934
137.217685 36.678958
137.217499 36.678969
137.217096 36.678994
137.216847 36.679002
137.216334 36.679017
137.215362 36.679025
137.214999 36.679026
137.214226 36.679020
137.213058 36.679014
137.212482 36.679011
137.211527 36.679003
137.211033 36.679024
137.210798 36.679028
137.210440 36.679060
137.209822 36.679132
137.208972 36.679223
137.208867 36.679235
137.208041 36.679261
137.207499 36.679260
137.207248 36.679248
137.206890 36.679244
137.206529 36.679240
137.206485 36.679242
137.205752 36.679268
137.205631 36.679277
137.205531 36.679282
137.204874 36.679312
137.204623 36.679325
137.204301 36.679341
137.203734 36.679357
137.203323 36.679376
137.203288 36.679378
137.202905 36.679397
137.202740 36.679401
137.201890 36.679450
137.200689 36.679496
137.200383 36.679508
137.200045 36.679510
137.199890 36.679518
137.199844 36.679520
137.199135 36.679557
137.199060 36.679140
137.199033 36.678971
137.199007 36.678813
137.198921 36.678280
137.198816 36.677966
137.198728 36.677703
137.198660 36.677500
137.198599 36.677316
137.198590 36.677259
137.198513 36.676791
137.198403 36.676255
137.198350 36.675721
137.198345 36.675616
137.198325 36.675219
137.198288 36.674717
137.198277 36.674399
137.198288 36.674201
137.197698 36.674175
137.197848 36.673513
137.197925 36.673198
137.197966 36.673031
137.198138 36.672902
137.198159 36.672790
137.198106 36.672661
137.198294 36.672189
137.198756 36.671286
137.198831 36.671169
137.198895 36.671129
137.199351 36.670567
137.199705 36.670071
137.200058 36.669597
137.200108 36.669496
137.200251 36.669201
137.200337 36.668952
137.200380 36.668478
137.200389 36.668290
137.200268 36.667814
137.200202 36.667616
137.200057 36.667118
