39.571076 50.187760
39.570158 50.187468
39.569385 50.187200
39.568864 50.187019
39.568070 50.186786
39.567545 50.186643
39.566149 50.186208
39.566093 50.186153
39.566058 50.185954
39.566357 50.185586
39.567012 50.184964
39.567271 50.185005
39.567503 50.185054
39.567840 50.185140
39.568387 50.185269
39.568790 50.185373
39.569238 50.185464
39.570074 50.185717
39.571904 50.187647
39.572066 50.187784
39.572135 50.187876
39.572187 50.187947
39.572388 50.187874
39.572643 50.187763
39.573082 50.187596
39.573605 50.187383
39.573846 50.187284
39.573956 50.187247
39.574067 50.187220
39.574154 50.187234
39.574328 50.187276
39.574458 50.187374
39.574643 50.187600
39.574831 50.187769
39.574937 50.187881
39.574964 50.187909
39.575139 50.187980
39.575376 50.188224
39.575625 50.188488
39.575860 50.188739
39.576040 50.188943
39.576056 50.188961
39.576090 50.189000
39.576214 50.189166
39.576358 50.189339
39.576708 50.189726
39.576766 50.189786
39.577043 50.190070
39.577184 50.190217
39.577392 50.190427
39.578314 50.191295
39.578368 50.191375
39.578476 50.191429
39.578588 50.191486
39.578666 50.191502
39.580006 50.190974
39.580286 50.190844
39.580440 50.190796
39.581664 50.190325
39.582625 50.189971
39.582759 50.189917
39.582864 50.189879
39.583170 50.189768
39.583739 50.189560
39.584003 50.189465
39.584800 50.189064
39.585187 50.188869
39.585828 50.188376
39.586421 50.187882
39.586717 50.187521
39.587280 50.186835
39.587485 50.186609
39.587877 50.186287
39.588370 50.186023
39.588943 50.185864
39.589389 50.185783
39.589892 50.185702
39.590986 50.185499
39.592743 50.185229
39.597357 50.184534
39.599109 50.184284
39.600829 50.184047
39.600988 50.183425
39.602208 50.183431
39.602157 50.184043
39.600829 50.184047
39.599109 50.184284
39.597357 50.184534
39.592743 50.185229
39.593239 50.186779
39.593736 50.188211
39.594146 50.189484
39.594408 50.190138
39.594677 50.191021
39.594719 50.191098
39.594846 50.191782
39.594913 50.192021
39.595176 50.192843
39.595192 50.192932
39.591499 50.193067
39.590681 50.193131
39.589822 50.193170
39.588493 50.193207
39.588487 50.193208
39.588295 50.193212
39.588287 50.193503
39.588282 50.193667
39.588261 50.194170
39.588258 50.194339
39.588310 50.194559
39.588334 50.194619
39.588503 50.194893
39.588649 50.195098
39.588855 50.195367
39.588937 50.195507
39.589015 50.195662
39.589045 50.195837
39.589042 50.196038
39.588934 50.196382
39.588877 50.196557
39.588847 50.196652
39.588806 50.196747
39.588743 50.196857
39.588375 50.197735
39.587877 50.198955
39.587881 50.198982
39.587390 50.200210
39.587341 50.200334
39.587330 50.200362
39.587108 50.200939
39.586922 50.201403
39.585854 50.201246
